   0.000,    0.000,    0.000,    0.000,    0.000,    0.000,    0.000,    0.000,    0.000,    0.000,    0.000,    0.000,    0.000,    0.000,    0.000,    0.000,    0.000,    0.000,    0.000,    0.000,    0.000,    0.000,    0.000,    0.000,    0.000,    0.000,    0.000,    0.000,    0.000,    0.000,    0.000,    0.000,    0.000,    0.000,    0.000,    0.000,    0.000,    0.000,    0.000,    0.000,    0.000,    0.000,    0.000,    0.000,    0.000,    0.000,    0.000,    0.000,    0.000,    0.000,    0.000,    0.000,    0.000,    0.000,    0.000,    0.000,    0.000,    0.000,    0.000,    0.000,    0.000,    0.000,    0.000,    0.000,    0.000,    0.000,    0.000,    0.000,    0.000,    0.000,    0.000,    0.000,    0.000,    0.000,    0.000,    0.000,    0.000,    0.000,    0.000,    0.000,    0.000,    0.000,    0.000,    0.000,    0.000,    0.000,    0.000,    0.000,    0.000,    0.000,    0.000,    0.000,    0.000,    0.000,    0.000,    0.000,    0.000,    0.000,    0.000,    0.000,
   0.000, 8822.354, 17597.803, 26283.965, 34846.224, 43258.998, 51505.162, 59574.311, 67460.699, 75161.437, 82675.199, 90001.429, 97139.913, 104090.575, 110853.391, 117428.354, 123815.461, 130014.712, 136026.107, 141849.646, 147485.329, 152933.156, 158193.127, 163265.242, 168149.500, 172845.903, 177354.449, 181675.139, 185807.974, 189752.952, 193510.074, 197079.340, 200460.749, 203654.303, 206660.001, 209477.842, 212107.827, 214549.957, 216804.230, 218870.647, 220749.208, 222439.913, 223942.762, 225257.754, 226384.891, 227324.172, 228075.596, 228639.164, 229014.876, 229202.733, 229202.733, 229014.876, 228639.164, 228075.596, 227324.172, 226384.891, 225257.754, 223942.762, 222439.913, 220749.208, 218870.647, 216804.230, 214549.957, 212107.827, 209477.842, 206660.001, 203654.303, 200460.749, 197079.340, 193510.074, 189752.952, 185807.974, 181675.139, 177354.449, 172845.903, 168149.500, 163265.242, 158193.127, 152933.156, 147485.329, 141849.646, 136026.107, 130014.712, 123815.461, 117428.354, 110853.391, 104090.575, 97139.913, 90001.429, 82675.199, 75161.437, 67460.699, 59574.311, 51505.162, 43258.998, 34846.224, 26283.965, 17597.803, 8822.354,    0.000,
   0.000, 17597.803, 35102.043, 52428.182, 69507.172, 86287.987, 102736.465, 118831.852, 134562.689, 149923.213, 164910.779, 179524.279, 193763.284, 207627.645, 221117.312, 234232.272, 246972.520, 259338.055, 271328.877, 282944.986, 294186.381, 305053.064, 315545.033, 325662.289, 335404.832, 344772.661, 353765.778, 362384.181, 370627.871, 378496.848, 385991.112, 393110.662, 399855.499, 406225.624, 412221.034, 417841.732, 423087.717, 427958.988, 432455.546, 436577.391, 440324.523, 443696.942, 446694.647, 449317.640, 451565.919, 453439.485, 454938.338, 456062.477, 456811.903, 457186.617, 457186.617, 456811.903, 456062.477, 454938.338, 453439.485, 451565.919, 449317.640, 446694.647, 443696.942, 440324.523, 436577.391, 432455.546, 427958.988, 423087.717, 417841.732, 412221.034, 406225.624, 399855.499, 393110.662, 385991.112, 378496.848, 370627.871, 362384.181, 353765.778, 344772.661, 335404.832, 325662.289, 315545.033, 305053.064, 294186.381, 282944.986, 271328.877, 259338.055, 246972.520, 234232.272, 221117.312, 207627.645, 193763.284, 179524.279, 164910.779, 149923.213, 134562.689, 118831.852, 102736.465, 86287.987, 69507.172, 52428.182, 35102.043, 17597.803,    0.000,
   0.000, 26283.965, 52428.182, 78306.385, 103815.445, 128879.146, 153446.468, 177486.414, 200981.869, 223924.227, 246309.539, 268136.146, 289403.411, 310111.111, 330259.172, 349847.573, 368876.306, 387345.372, 405254.768, 422604.497, 439394.556, 455624.947, 471295.669, 486406.723, 500958.108, 514949.824, 528381.872, 541254.251, 553566.961, 565320.003, 576513.376, 587147.080, 597221.116, 606735.483, 615690.182, 624085.211, 631920.572, 639196.265, 645912.289, 652068.644, 657665.330, 662702.348, 667179.698, 671097.378, 674455.390, 677253.733, 679492.408, 681171.414, 682290.751, 682850.420, 682850.420, 682290.751, 681171.414, 679492.408, 677253.733, 674455.390, 671097.378, 667179.698, 662702.348, 657665.330, 652068.644, 645912.289, 639196.265, 631920.572, 624085.211, 615690.182, 606735.483, 597221.116, 587147.080, 576513.376, 565320.003, 553566.961, 541254.251, 528381.872, 514949.824, 500958.108, 486406.723, 471295.669, 455624.947, 439394.556, 422604.497, 405254.768, 387345.372, 368876.306, 349847.573, 330259.172, 310111.111, 289403.411, 268136.146, 246309.539, 223924.227, 200981.869, 177486.414, 153446.468, 128879.146, 103815.445, 78306.385, 52428.182, 26283.965,    0.000,
   0.000, 34846.224, 69507.172, 103815.445, 137634.313, 170862.738, 203433.076, 235304.239, 266453.536, 296869.559, 326547.071, 355483.877, 383679.131, 411132.536, 437843.995, 463813.479, 489040.980, 513526.497, 537270.028, 560271.574, 582531.135, 604048.710, 624824.300, 644857.905, 664149.524, 682699.158, 700506.807, 717572.470, 733896.148, 749477.840, 764317.547, 778415.269, 791771.005, 804384.756, 816256.522, 827386.303, 837774.098, 847419.907, 856323.731, 864485.570, 871905.424, 878583.292, 884519.175, 889713.073, 894164.985, 897874.911, 900842.853, 903068.809, 904552.780, 905294.765, 905294.765, 904552.780, 903068.809, 900842.853, 897874.911, 894164.985, 889713.073, 884519.175, 878583.292, 871905.424, 864485.570, 856323.731, 847419.907, 837774.098, 827386.303, 816256.522, 804384.756, 791771.005, 778415.269, 764317.547, 749477.840, 733896.148, 717572.470, 700506.807, 682699.158, 664149.524, 644857.905, 624824.300, 604048.710, 582531.135, 560271.574, 537270.028, 513526.497, 489040.980, 463813.479, 437843.995, 411132.536, 383679.131, 355483.877, 326547.071, 296869.559, 266453.536, 235304.239, 203433.076, 170862.738, 137634.313, 103815.445, 69507.172, 34846.224,    0.000,
   0.000, 43258.998, 86287.987, 128879.146, 170862.738, 212113.329, 252546.949, 292112.590, 330782.086, 368541.277, 405383.662, 441306.515, 476308.788, 510390.111, 543550.364, 575789.512, 607107.544, 637504.459, 666980.255, 695534.933, 723168.492, 749880.932, 775672.254, 800542.457, 824491.541, 847519.507, 869626.354, 890812.082, 911076.692, 930420.184, 948842.556, 966343.810, 982923.946, 998582.962, 1013320.860, 1027137.640, 1040033.301, 1052007.843, 1063061.266, 1073193.571, 1082404.758, 1090694.825, 1098063.774, 1104511.605, 1110038.317, 1114643.910, 1118328.384, 1121091.740, 1122933.977, 1123855.096, 1123855.096, 1122933.977, 1121091.740, 1118328.384, 1114643.910, 1110038.317, 1104511.605, 1098063.774, 1090694.825, 1082404.758, 1073193.571, 1063061.266, 1052007.843, 1040033.301, 1027137.640, 1013320.860, 998582.962, 982923.946, 966343.810, 948842.556, 930420.184, 911076.692, 890812.082, 869626.354, 847519.507, 824491.541, 800542.457, 775672.254, 749880.932, 723168.492, 695534.933, 666980.255, 637504.459, 607107.544, 575789.512, 543550.364, 510390.111, 476308.788, 441306.515, 405383.662, 368541.277, 330782.086, 292112.590, 252546.949, 212113.329, 170862.738, 128879.146, 86287.987, 43258.998,    0.000,
   0.000, 51505.162, 102736.465, 153446.468, 203433.076, 252546.949, 300688.110, 347795.829, 393836.578, 438793.493, 482658.840, 525429.371, 567103.839, 607681.804, 647163.124, 685547.755, 722835.687, 759026.915, 794121.440, 828119.260, 861020.377, 892824.790, 923532.499, 953143.505, 981657.806, 1009075.403, 1035396.297, 1060620.486, 1084747.972, 1107778.754, 1129712.832, 1150550.206, 1170290.876, 1188934.842, 1206482.105, 1222932.663, 1238286.518, 1252543.668, 1265704.115, 1277767.858, 1288734.897, 1298605.232, 1307378.863, 1315055.790, 1321636.014, 1327119.533, 1331506.349, 1334796.461, 1336989.868, 1338086.572, 1338086.572, 1336989.868, 1334796.461, 1331506.349, 1327119.533, 1321636.014, 1315055.790, 1307378.863, 1298605.232, 1288734.897, 1277767.858, 1265704.115, 1252543.668, 1238286.518, 1222932.663, 1206482.105, 1188934.842, 1170290.876, 1150550.206, 1129712.832, 1107778.754, 1084747.972, 1060620.486, 1035396.297, 1009075.403, 981657.806, 953143.505, 923532.499, 892824.790, 861020.377, 828119.260, 794121.440, 759026.915, 722835.687, 685547.755, 647163.124, 607681.804, 567103.839, 525429.371, 482658.840, 438793.493, 393836.578, 347795.829, 300688.110, 252546.949, 203433.076, 153446.468, 102736.465, 51505.162,    0.000,
   0.000, 59574.311, 118831.852, 177486.414, 235304.239, 292112.590, 347795.829, 402283.718, 455537.474, 507537.596, 558275.136, 607746.341, 655949.767, 702884.906, 748551.593, 792949.778, 836079.447, 877940.598, 918533.230, 957857.341, 995912.933, 1032700.006, 1068218.558, 1102468.591, 1135450.104, 1167163.098, 1197607.571, 1226783.525, 1254690.959, 1281329.874, 1306700.268, 1330802.143, 1353635.498, 1375200.334, 1395496.650, 1414524.446, 1432283.722, 1448774.479, 1463996.715, 1477950.432, 1490635.630, 1502052.307, 1512200.465, 1521080.103, 1528691.222, 1535033.820, 1540107.899, 1543913.459, 1546450.498, 1547719.018, 1547719.018, 1546450.498, 1543913.459, 1540107.899, 1535033.820, 1528691.222, 1521080.103, 1512200.465, 1502052.307, 1490635.630, 1477950.432, 1463996.715, 1448774.479, 1432283.722, 1414524.446, 1395496.650, 1375200.334, 1353635.498, 1330802.143, 1306700.268, 1281329.874, 1254690.959, 1226783.525, 1197607.571, 1167163.098, 1135450.104, 1102468.591, 1068218.558, 1032700.006, 995912.933, 957857.341, 918533.230, 877940.598, 836079.447, 792949.778, 748551.593, 702884.906, 655949.767, 607746.341, 558275.136, 507537.596, 455537.474, 402283.718, 347795.829, 292112.590, 235304.239, 177486.414, 118831.852, 59574.311,    0.000,
   0.000, 67460.699, 134562.689, 200981.869, 266453.536, 330782.086, 393836.578, 455537.474, 515840.862, 574724.660, 632178.738, 688198.845, 742783.348, 795931.669, 847643.623, 897919.153, 946758.245, 994160.894, 1040127.099, 1084656.860, 1127750.178, 1169407.051, 1209627.481, 1248411.466, 1285759.008, 1321670.106, 1356144.760, 1389182.970, 1420784.736, 1450950.058, 1479678.936, 1506971.371, 1532827.361, 1557246.908, 1580230.010, 1601776.669, 1621886.884, 1640560.655, 1657797.982, 1673598.865, 1687963.304, 1700891.299, 1712382.850, 1722437.958, 1731056.621, 1738238.841, 1743984.616, 1748293.948, 1751166.836, 1752603.280, 1752603.280, 1751166.836, 1748293.948, 1743984.616, 1738238.841, 1731056.621, 1722437.958, 1712382.850, 1700891.299, 1687963.304, 1673598.865, 1657797.982, 1640560.655, 1621886.884, 1601776.669, 1580230.010, 1557246.908, 1532827.361, 1506971.371, 1479678.936, 1450950.058, 1420784.736, 1389182.970, 1356144.760, 1321670.106, 1285759.008, 1248411.466, 1209627.481, 1169407.051, 1127750.178, 1084656.860, 1040127.099, 994160.894, 946758.245, 897919.153, 847643.623, 795931.669, 742783.348, 688198.845, 632178.738, 574724.660, 515840.862, 455537.474, 393836.578, 330782.086, 266453.536, 200981.869, 134562.689, 67460.699,    0.000,
   0.000, 75161.437, 149923.213, 223924.227, 296869.559, 368541.277, 438793.493, 507537.596, 574724.660, 640330.087, 704342.588, 766757.430, 827572.791, 886788.030, 944402.940, 1000417.457, 1054831.565, 1107645.259, 1158858.538, 1208471.403, 1256483.852, 1302895.887, 1347707.506, 1390918.711, 1432529.500, 1472539.875, 1510949.834, 1547759.379, 1582968.509, 1616577.223, 1648585.523, 1678993.408, 1707800.877, 1735007.932, 1760614.572, 1784620.797, 1807026.606, 1827832.001, 1847036.981, 1864641.546, 1880645.696, 1895049.431, 1907852.750, 1919055.655, 1928658.145, 1936660.220, 1943061.880, 1947863.125, 1951063.955, 1952664.370, 1952664.370, 1951063.955, 1947863.125, 1943061.880, 1936660.220, 1928658.145, 1919055.655, 1907852.750, 1895049.431, 1880645.696, 1864641.546, 1847036.981, 1827832.001, 1807026.606, 1784620.797, 1760614.572, 1735007.932, 1707800.877, 1678993.408, 1648585.523, 1616577.223, 1582968.509, 1547759.379, 1510949.834, 1472539.875, 1432529.500, 1390918.711, 1347707.506, 1302895.887, 1256483.852, 1208471.403, 1158858.538, 1107645.259, 1054831.565, 1000417.457, 944402.940, 886788.030, 827572.791, 766757.430, 704342.588, 640330.087, 574724.660, 507537.596, 438793.493, 368541.277, 296869.559, 223924.227, 149923.213, 75161.437,    0.000,
   0.000, 82675.199, 164910.779, 246309.539, 326547.071, 405383.662, 482658.840, 558275.136, 632178.738, 704342.588, 774754.272, 843408.580, 910303.512, 975438.361, 1038812.899, 1100427.058, 1160280.818, 1218374.174, 1274707.126, 1329279.674, 1382091.816, 1433143.554, 1482434.887, 1529965.816, 1575736.339, 1619746.458, 1661996.172, 1702485.482, 1741214.386, 1778182.886, 1813390.981, 1846838.672, 1878525.957, 1908452.838, 1936619.314, 1963025.385, 1987671.052, 2010556.314, 2031681.171, 2051045.623, 2068649.671, 2084493.314, 2098576.552, 2110899.385, 2121461.813, 2130263.837, 2137305.456, 2142586.670, 2146107.480, 2147867.885, 2147867.885, 2146107.480, 2142586.670, 2137305.456, 2130263.837, 2121461.813, 2110899.385, 2098576.552, 2084493.314, 2068649.671, 2051045.623, 2031681.171, 2010556.314, 1987671.052, 1963025.385, 1936619.314, 1908452.838, 1878525.957, 1846838.672, 1813390.981, 1778182.886, 1741214.386, 1702485.482, 1661996.172, 1619746.458, 1575736.339, 1529965.816, 1482434.887, 1433143.554, 1382091.816, 1329279.674, 1274707.126, 1218374.174, 1160280.818, 1100427.058, 1038812.899, 975438.361, 910303.512, 843408.580, 774754.272, 704342.588, 632178.738, 558275.136, 482658.840, 405383.662, 326547.071, 246309.539, 164910.779, 82675.199,    0.000,
   0.000, 90001.429, 179524.279, 268136.146, 355483.877, 441306.515, 525429.371, 607746.341, 688198.845, 766757.430, 843408.580, 918146.627, 990969.392, 1061876.106, 1130866.520, 1197940.561, 1263098.207, 1326339.452, 1387664.297, 1447072.741, 1504564.783, 1560140.424, 1613799.663, 1665542.501, 1715368.937, 1763278.972, 1809272.606, 1853349.838, 1895510.669, 1935755.099, 1974083.127, 2010494.753, 2044989.979, 2077568.802, 2108231.225, 2136977.246, 2163806.866, 2188720.084, 2211716.901, 2232797.316, 2251961.330, 2269208.943, 2284540.154, 2297954.964, 2309453.372, 2319035.379, 2326700.985, 2332450.189, 2336282.992, 2338199.393, 2338199.393, 2336282.992, 2332450.189, 2326700.985, 2319035.379, 2309453.372, 2297954.964, 2284540.154, 2269208.943, 2251961.330, 2232797.316, 2211716.901, 2188720.084, 2163806.866, 2136977.246, 2108231.225, 2077568.802, 2044989.979, 2010494.753, 1974083.127, 1935755.099, 1895510.669, 1853349.838, 1809272.606, 1763278.972, 1715368.937, 1665542.501, 1613799.663, 1560140.424, 1504564.783, 1447072.741, 1387664.297, 1326339.452, 1263098.207, 1197940.561, 1130866.520, 1061876.106, 990969.392, 918146.627, 843408.580, 766757.430, 688198.845, 607746.341, 525429.371, 441306.515, 355483.877, 268136.146, 179524.279, 90001.429,    0.000,
   0.000, 97139.913, 193763.284, 289403.411, 383679.131, 476308.788, 567103.839, 655949.767, 742783.348, 827572.791, 910303.512, 990969.392, 1069568.079, 1146098.745, 1220561.120, 1292955.124, 1363280.735, 1431537.947, 1497726.759, 1561847.171, 1623899.183, 1683882.794, 1741798.005, 1797644.815, 1851423.225, 1903133.235, 1952774.844, 2000348.053, 2045852.861, 2089289.269, 2130657.277, 2169956.884, 2207188.091, 2242350.898, 2275445.304, 2306471.310, 2335428.915, 2362318.120, 2387138.925, 2409891.329, 2430575.333, 2449190.936, 2465738.140, 2480216.942, 2492627.345, 2502969.346, 2511242.948, 2517448.149, 2521584.950, 2523653.350, 2523653.350, 2521584.950, 2517448.149, 2511242.948, 2502969.346, 2492627.345, 2480216.942, 2465738.140, 2449190.936, 2430575.333, 2409891.329, 2387138.925, 2362318.120, 2335428.915, 2306471.310, 2275445.304, 2242350.898, 2207188.091, 2169956.884, 2130657.277, 2089289.269, 2045852.861, 2000348.053, 1952774.844, 1903133.235, 1851423.225, 1797644.815, 1741798.005, 1683882.794, 1623899.183, 1561847.171, 1497726.759, 1431537.947, 1363280.735, 1292955.124, 1220561.120, 1146098.745, 1069568.079, 990969.392, 910303.512, 827572.791, 742783.348, 655949.767, 567103.839, 476308.788, 383679.131, 289403.411, 193763.284, 97139.913,    0.000,
   0.000, 104090.575, 207627.645, 310111.111, 411132.536, 510390.111, 607681.804, 702884.906, 795931.669, 886788.030, 975438.361, 1061876.106, 1146098.745, 1228105.389, 1307895.751, 1385469.744, 1460827.346, 1533968.548, 1604893.351, 1673601.754, 1740093.757, 1804369.360, 1866428.563, 1926271.366, 1983897.768, 2039307.771, 2092501.373, 2143478.575, 2192239.377, 2238783.779, 2283111.781, 2325223.383, 2365118.585, 2402797.387, 2438259.788, 2471505.790, 2502535.391, 2531348.592, 2557945.394, 2582325.795, 2604489.796, 2624437.397, 2642168.597, 2657683.398, 2670981.799, 2682063.799, 2690929.400, 2697578.600, 2702011.400, 2704227.800, 2704227.800, 2702011.400, 2697578.600, 2690929.400, 2682063.799, 2670981.799, 2657683.398, 2642168.597, 2624437.397, 2604489.796, 2582325.795, 2557945.394, 2531348.592, 2502535.391, 2471505.790, 2438259.788, 2402797.387, 2365118.585, 2325223.383, 2283111.781, 2238783.779, 2192239.377, 2143478.575, 2092501.373, 2039307.771, 1983897.768, 1926271.366, 1866428.563, 1804369.360, 1740093.757, 1673601.754, 1604893.351, 1533968.548, 1460827.346, 1385469.744, 1307895.751, 1228105.389, 1146098.745, 1061876.106, 975438.361, 886788.030, 795931.669, 702884.906, 607681.804, 510390.111, 411132.536, 310111.111, 207627.645, 104090.575,    0.000,
   0.000, 110853.391, 221117.312, 330259.172, 437843.995, 543550.364, 647163.124, 748551.593, 847643.623, 944402.940, 1038812.899, 1130866.520, 1220561.120, 1307895.751, 1392870.108, 1475484.098, 1555737.696, 1633630.896, 1709163.697, 1782336.098, 1853148.098, 1921599.699, 1987690.900, 2051421.700, 2112792.101, 2171802.102, 2228451.702, 2282740.903, 2334669.703, 2384238.104, 2431446.104, 2476293.705, 2518780.905, 2558907.705, 2596674.106, 2632080.106, 2665125.706, 2695810.907, 2724135.707, 2750100.107, 2773704.107, 2794947.708, 2813830.908, 2830353.708, 2844516.108, 2856318.108, 2865759.708, 2872840.908, 2877561.709, 2879922.109, 2879922.109, 2877561.709, 2872840.908, 2865759.708, 2856318.108, 2844516.108, 2830353.708, 2813830.908, 2794947.708, 2773704.107, 2750100.107, 2724135.707, 2695810.907, 2665125.706, 2632080.106, 2596674.106, 2558907.705, 2518780.905, 2476293.705, 2431446.104, 2384238.104, 2334669.703, 2282740.903, 2228451.702, 2171802.102, 2112792.101, 2051421.700, 1987690.900, 1921599.699, 1853148.098, 1782336.098, 1709163.697, 1633630.896, 1555737.696, 1475484.098, 1392870.108, 1307895.751, 1220561.120, 1130866.520, 1038812.899, 944402.940, 847643.623, 748551.593, 647163.124, 543550.364, 437843.995, 330259.172, 221117.312, 110853.391,    0.000,
   0.000, 117428.354, 234232.272, 349847.573, 463813.479, 575789.512, 685547.755, 792949.778, 897919.153, 1000417.457, 1100427.058, 1197940.561, 1292955.124, 1385469.744, 1475484.098, 1562998.086, 1648011.684, 1730524.884, 1810537.684, 1888050.084, 1963062.084, 2035573.684, 2105584.884, 2173095.684, 2238106.085, 2300616.085, 2360625.685, 2418134.885, 2473143.685, 2525652.085, 2575660.085, 2623167.685, 2668174.886, 2710681.686, 2750688.086, 2788194.086, 2823199.686, 2855704.886, 2885709.686, 2913214.086, 2938218.086, 2960721.686, 2980724.886, 2998227.686, 3013230.086, 3025732.086, 3035733.686, 3043234.886, 3048235.686, 3050736.086, 3050736.086, 3048235.686, 3043234.886, 3035733.686, 3025732.086, 3013230.086, 2998227.686, 2980724.886, 2960721.686, 2938218.086, 2913214.086, 2885709.686, 2855704.886, 2823199.686, 2788194.086, 2750688.086, 2710681.686, 2668174.886, 2623167.685, 2575660.085, 2525652.085, 2473143.685, 2418134.885, 2360625.685, 2300616.085, 2238106.085, 2173095.684, 2105584.884, 2035573.684, 1963062.084, 1888050.084, 1810537.684, 1730524.884, 1648011.684, 1562998.086, 1475484.098, 1385469.744, 1292955.124, 1197940.561, 1100427.058, 1000417.457, 897919.153, 792949.778, 685547.755, 575789.512, 463813.479, 349847.573, 234232.272, 117428.354,    0.000,
   0.000, 123815.461, 246972.520, 368876.306, 489040.980, 607107.544, 722835.687, 836079.447, 946758.245, 1054831.565, 1160280.818, 1263098.207, 1363280.735, 1460827.346, 1555737.696, 1648011.684, 1737649.281, 1824650.481, 1909015.281, 1990743.681, 2069835.681, 2146291.281, 2220110.481, 2291293.281, 2359839.681, 2425749.681, 2489023.281, 2549660.481, 2607661.281, 2663025.681, 2715753.681, 2765845.281, 2813300.481, 2858119.281, 2900301.681, 2939847.681, 2976757.281, 3011030.481, 3042667.281, 3071667.681, 3098031.681, 3121759.281, 3142850.481, 3161305.281, 3177123.681, 3190305.681, 3200851.281, 3208760.481, 3214033.281, 3216669.681, 3216669.681, 3214033.281, 3208760.481, 3200851.281, 3190305.681, 3177123.681, 3161305.281, 3142850.481, 3121759.281, 3098031.681, 3071667.681, 3042667.281, 3011030.481, 2976757.281, 2939847.681, 2900301.681, 2858119.281, 2813300.481, 2765845.281, 2715753.681, 2663025.681, 2607661.281, 2549660.481, 2489023.281, 2425749.681, 2359839.681, 2291293.281, 2220110.481, 2146291.281, 2069835.681, 1990743.681, 1909015.281, 1824650.481, 1737649.281, 1648011.684, 1555737.696, 1460827.346, 1363280.735, 1263098.207, 1160280.818, 1054831.565, 946758.245, 836079.447, 722835.687, 607107.544, 489040.980, 368876.306, 246972.520, 123815.461,    0.000,
   0.000, 130014.712, 259338.055, 387345.372, 513526.497, 637504.459, 759026.915, 877940.598, 994160.894, 1107645.259, 1218374.174, 1326339.452, 1431537.947, 1533968.548, 1633630.896, 1730524.884, 1824650.481, 1916007.680, 2004596.480, 2090416.880, 2173468.880, 2253752.480, 2331267.680, 2406014.480, 2477992.880, 2547202.880, 2613644.480, 2677317.680, 2738222.480, 2796358.880, 2851726.880, 2904326.480, 2954157.680, 3001220.480, 3045514.880, 3087040.880, 3125798.480, 3161787.680, 3195008.480, 3225460.880, 3253144.880, 3278060.480, 3300207.680, 3319586.480, 3336196.880, 3350038.880, 3361112.480, 3369417.680, 3374954.480, 3377722.880, 3377722.880, 3374954.480, 3369417.680, 3361112.480, 3350038.880, 3336196.880, 3319586.480, 3300207.680, 3278060.480, 3253144.880, 3225460.880, 3195008.480, 3161787.680, 3125798.480, 3087040.880, 3045514.880, 3001220.480, 2954157.680, 2904326.480, 2851726.880, 2796358.880, 2738222.480, 2677317.680, 2613644.480, 2547202.880, 2477992.880, 2406014.480, 2331267.680, 2253752.480, 2173468.880, 2090416.880, 2004596.480, 1916007.680, 1824650.481, 1730524.884, 1633630.896, 1533968.548, 1431537.947, 1326339.452, 1218374.174, 1107645.259, 994160.894, 877940.598, 759026.915, 637504.459, 513526.497, 387345.372, 259338.055, 130014.712,    0.000,
   0.000, 136026.107, 271328.877, 405254.768, 537270.028, 666980.255, 794121.440, 918533.230, 1040127.099, 1158858.538, 1274707.126, 1387664.297, 1497726.759, 1604893.351, 1709163.697, 1810537.684, 1909015.281, 2004596.480, 2097281.280, 2187069.680, 2273961.680, 2357957.280, 2439056.480, 2517259.280, 2592565.680, 2664975.680, 2734489.280, 2801106.480, 2864827.280, 2925651.680, 2983579.680, 3038611.280, 3090746.480, 3139985.280, 3186327.680, 3229773.680, 3270323.280, 3307976.480, 3342733.280, 3374593.680, 3403557.680, 3429625.280, 3452796.480, 3473071.280, 3490449.680, 3504931.680, 3516517.280, 3525206.480, 3530999.280, 3533895.680, 3533895.680, 3530999.280, 3525206.480, 3516517.280, 3504931.680, 3490449.680, 3473071.280, 3452796.480, 3429625.280, 3403557.680, 3374593.680, 3342733.280, 3307976.480, 3270323.280, 3229773.680, 3186327.680, 3139985.280, 3090746.480, 3038611.280, 2983579.680, 2925651.680, 2864827.280, 2801106.480, 2734489.280, 2664975.680, 2592565.680, 2517259.280, 2439056.480, 2357957.280, 2273961.680, 2187069.680, 2097281.280, 2004596.480, 1909015.281, 1810537.684, 1709163.697, 1604893.351, 1497726.759, 1387664.297, 1274707.126, 1158858.538, 1040127.099, 918533.230, 794121.440, 666980.255, 537270.028, 405254.768, 271328.877, 136026.107,    0.000,
   0.000, 141849.646, 282944.986, 422604.497, 560271.574, 695534.933, 828119.260, 957857.341, 1084656.860, 1208471.403, 1329279.674, 1447072.741, 1561847.171, 1673601.754, 1782336.098, 1888050.084, 1990743.681, 2090416.880, 2187069.680, 2280702.080, 2371314.080, 2458905.680, 2543476.880, 2625027.680, 2703558.080, 2779068.080, 2851557.680, 2921026.880, 2987475.680, 3050904.080, 3111312.080, 3168699.680, 3223066.880, 3274413.680, 3322740.080, 3368046.080, 3410331.680, 3449596.880, 3485841.680, 3519066.080, 3549270.080, 3576453.680, 3600616.880, 3621759.680, 3639882.080, 3654984.080, 3667065.680, 3676126.880, 3682167.680, 3685188.080, 3685188.080, 3682167.680, 3676126.880, 3667065.680, 3654984.080, 3639882.080, 3621759.680, 3600616.880, 3576453.680, 3549270.080, 3519066.080, 3485841.680, 3449596.880, 3410331.680, 3368046.080, 3322740.080, 3274413.680, 3223066.880, 3168699.680, 3111312.080, 3050904.080, 2987475.680, 2921026.880, 2851557.680, 2779068.080, 2703558.080, 2625027.680, 2543476.880, 2458905.680, 2371314.080, 2280702.080, 2187069.680, 2090416.880, 1990743.681, 1888050.084, 1782336.098, 1673601.754, 1561847.171, 1447072.741, 1329279.674, 1208471.403, 1084656.860, 957857.341, 828119.260, 695534.933, 560271.574, 422604.497, 282944.986, 141849.646,    0.000,
   0.000, 147485.329, 294186.381, 439394.556, 582531.135, 723168.492, 861020.377, 995912.933, 1127750.178, 1256483.852, 1382091.816, 1504564.783, 1623899.183, 1740093.757, 1853148.098, 1963062.084, 2069835.681, 2173468.880, 2273961.680, 2371314.080, 2465526.080, 2556597.680, 2644528.880, 2729319.680, 2810970.080, 2889480.080, 2964849.680, 3037078.880, 3106167.680, 3172116.080, 3234924.080, 3294591.680, 3351118.880, 3404505.680, 3454752.080, 3501858.080, 3545823.680, 3586648.880, 3624333.680, 3658878.080, 3690282.080, 3718545.680, 3743668.880, 3765651.680, 3784494.080, 3800196.080, 3812757.680, 3822178.880, 3828459.680, 3831600.080, 3831600.080, 3828459.680, 3822178.880, 3812757.680, 3800196.080, 3784494.080, 3765651.680, 3743668.880, 3718545.680, 3690282.080, 3658878.080, 3624333.680, 3586648.880, 3545823.680, 3501858.080, 3454752.080, 3404505.680, 3351118.880, 3294591.680, 3234924.080, 3172116.080, 3106167.680, 3037078.880, 2964849.680, 2889480.080, 2810970.080, 2729319.680, 2644528.880, 2556597.680, 2465526.080, 2371314.080, 2273961.680, 2173468.880, 2069835.681, 1963062.084, 1853148.098, 1740093.757, 1623899.183, 1504564.783, 1382091.816, 1256483.852, 1127750.178, 995912.933, 861020.377, 723168.492, 582531.135, 439394.556, 294186.381, 147485.329,    0.000,
   0.000, 152933.156, 305053.064, 455624.947, 604048.710, 749880.932, 892824.790, 1032700.006, 1169407.051, 1302895.887, 1433143.554, 1560140.424, 1683882.794, 1804369.360, 1921599.699, 2035573.684, 2146291.281, 2253752.480, 2357957.280, 2458905.680, 2556597.680, 2651033.280, 2742212.480, 2830135.280, 2914801.680, 2996211.680, 3074365.280, 3149262.480, 3220903.280, 3289287.680, 3354415.680, 3416287.280, 3474902.480, 3530261.280, 3582363.680, 3631209.680, 3676799.280, 3719132.480, 3758209.280, 3794029.680, 3826593.680, 3855901.280, 3881952.480, 3904747.280, 3924285.680, 3940567.680, 3953593.280, 3963362.480, 3969875.280, 3973131.680, 3973131.680, 3969875.280, 3963362.480, 3953593.280, 3940567.680, 3924285.680, 3904747.280, 3881952.480, 3855901.280, 3826593.680, 3794029.680, 3758209.280, 3719132.480, 3676799.280, 3631209.680, 3582363.680, 3530261.280, 3474902.480, 3416287.280, 3354415.680, 3289287.680, 3220903.280, 3149262.480, 3074365.280, 2996211.680, 2914801.680, 2830135.280, 2742212.480, 2651033.280, 2556597.680, 2458905.680, 2357957.280, 2253752.480, 2146291.281, 2035573.684, 1921599.699, 1804369.360, 1683882.794, 1560140.424, 1433143.554, 1302895.887, 1169407.051, 1032700.006, 892824.790, 749880.932, 604048.710, 455624.947, 305053.064, 152933.156,    0.000,
   0.000, 158193.127, 315545.033, 471295.669, 624824.300, 775672.254, 923532.499, 1068218.558, 1209627.481, 1347707.506, 1482434.887, 1613799.663, 1741798.005, 1866428.563, 1987690.900, 2105584.884, 2220110.481, 2331267.680, 2439056.480, 2543476.880, 2644528.880, 2742212.480, 2836527.680, 2927474.480, 3015052.880, 3099262.880, 3180104.480, 3257577.680, 3331682.480, 3402418.880, 3469786.880, 3533786.480, 3594417.680, 3651680.480, 3705574.880, 3756100.880, 3803258.480, 3847047.680, 3887468.480, 3924520.880, 3958204.880, 3988520.480, 4015467.680, 4039046.480, 4059256.880, 4076098.880, 4089572.480, 4099677.680, 4106414.480, 4109782.880, 4109782.880, 4106414.480, 4099677.680, 4089572.480, 4076098.880, 4059256.880, 4039046.480, 4015467.680, 3988520.480, 3958204.880, 3924520.880, 3887468.480, 3847047.680, 3803258.480, 3756100.880, 3705574.880, 3651680.480, 3594417.680, 3533786.480, 3469786.880, 3402418.880, 3331682.480, 3257577.680, 3180104.480, 3099262.880, 3015052.880, 2927474.480, 2836527.680, 2742212.480, 2644528.880, 2543476.880, 2439056.480, 2331267.680, 2220110.481, 2105584.884, 1987690.900, 1866428.563, 1741798.005, 1613799.663, 1482434.887, 1347707.506, 1209627.481, 1068218.558, 923532.499, 775672.254, 624824.300, 471295.669, 315545.033, 158193.127,    0.000,
   0.000, 163265.242, 325662.289, 486406.723, 644857.905, 800542.457, 953143.505, 1102468.591, 1248411.466, 1390918.711, 1529965.816, 1665542.501, 1797644.815, 1926271.366, 2051421.700, 2173095.684, 2291293.281, 2406014.480, 2517259.280, 2625027.680, 2729319.680, 2830135.280, 2927474.480, 3021337.280, 3111723.680, 3198633.680, 3282067.280, 3362024.480, 3438505.280, 3511509.680, 3581037.680, 3647089.280, 3709664.480, 3768763.280, 3824385.680, 3876531.680, 3925201.280, 3970394.480, 4012111.280, 4050351.680, 4085115.680, 4116403.280, 4144214.480, 4168549.280, 4189407.680, 4206789.680, 4220695.280, 4231124.480, 4238077.280, 4241553.680, 4241553.680, 4238077.280, 4231124.480, 4220695.280, 4206789.680, 4189407.680, 4168549.280, 4144214.480, 4116403.280, 4085115.680, 4050351.680, 4012111.280, 3970394.480, 3925201.280, 3876531.680, 3824385.680, 3768763.280, 3709664.480, 3647089.280, 3581037.680, 3511509.680, 3438505.280, 3362024.480, 3282067.280, 3198633.680, 3111723.680, 3021337.280, 2927474.480, 2830135.280, 2729319.680, 2625027.680, 2517259.280, 2406014.480, 2291293.281, 2173095.684, 2051421.700, 1926271.366, 1797644.815, 1665542.501, 1529965.816, 1390918.711, 1248411.466, 1102468.591, 953143.505, 800542.457, 644857.905, 486406.723, 325662.289, 163265.242,    0.000,
   0.000, 168149.500, 335404.832, 500958.108, 664149.524, 824491.541, 981657.806, 1135450.104, 1285759.008, 1432529.500, 1575736.339, 1715368.937, 1851423.225, 1983897.768, 2112792.101, 2238106.085, 2359839.681, 2477992.880, 2592565.680, 2703558.080, 2810970.080, 2914801.680, 3015052.880, 3111723.680, 3204814.080, 3294324.080, 3380253.680, 3462602.880, 3541371.680, 3616560.080, 3688168.080, 3756195.680, 3820642.880, 3881509.680, 3938796.080, 3992502.080, 4042627.680, 4089172.880, 4132137.680, 4171522.080, 4207326.080, 4239549.680, 4268192.880, 4293255.680, 4314738.080, 4332640.080, 4346961.680, 4357702.880, 4364863.680, 4368444.080, 4368444.080, 4364863.680, 4357702.880, 4346961.680, 4332640.080, 4314738.080, 4293255.680, 4268192.880, 4239549.680, 4207326.080, 4171522.080, 4132137.680, 4089172.880, 4042627.680, 3992502.080, 3938796.080, 3881509.680, 3820642.880, 3756195.680, 3688168.080, 3616560.080, 3541371.680, 3462602.880, 3380253.680, 3294324.080, 3204814.080, 3111723.680, 3015052.880, 2914801.680, 2810970.080, 2703558.080, 2592565.680, 2477992.880, 2359839.681, 2238106.085, 2112792.101, 1983897.768, 1851423.225, 1715368.937, 1575736.339, 1432529.500, 1285759.008, 1135450.104, 981657.806, 824491.541, 664149.524, 500958.108, 335404.832, 168149.500,    0.000,
   0.000, 172845.903, 344772.661, 514949.824, 682699.158, 847519.507, 1009075.403, 1167163.098, 1321670.106, 1472539.875, 1619746.458, 1763278.972, 1903133.235, 2039307.771, 2171802.102, 2300616.085, 2425749.681, 2547202.880, 2664975.680, 2779068.080, 2889480.080, 2996211.680, 3099262.880, 3198633.680, 3294324.080, 3386334.080, 3474663.680, 3559312.880, 3640281.680, 3717570.080, 3791178.080, 3861105.680, 3927352.880, 3989919.680, 4048806.080, 4104012.080, 4155537.680, 4203382.880, 4247547.680, 4288032.080, 4324836.080, 4357959.680, 4387402.880, 4413165.680, 4435248.080, 4453650.080, 4468371.680, 4479412.880, 4486773.680, 4490454.080, 4490454.080, 4486773.680, 4479412.880, 4468371.680, 4453650.080, 4435248.080, 4413165.680, 4387402.880, 4357959.680, 4324836.080, 4288032.080, 4247547.680, 4203382.880, 4155537.680, 4104012.080, 4048806.080, 3989919.680, 3927352.880, 3861105.680, 3791178.080, 3717570.080, 3640281.680, 3559312.880, 3474663.680, 3386334.080, 3294324.080, 3198633.680, 3099262.880, 2996211.680, 2889480.080, 2779068.080, 2664975.680, 2547202.880, 2425749.681, 2300616.085, 2171802.102, 2039307.771, 1903133.235, 1763278.972, 1619746.458, 1472539.875, 1321670.106, 1167163.098, 1009075.403, 847519.507, 682699.158, 514949.824, 344772.661, 172845.903,    0.000,
   0.000, 177354.449, 353765.778, 528381.872, 700506.807, 869626.354, 1035396.297, 1197607.571, 1356144.760, 1510949.834, 1661996.172, 1809272.606, 1952774.844, 2092501.373, 2228451.702, 2360625.685, 2489023.281, 2613644.480, 2734489.280, 2851557.680, 2964849.680, 3074365.280, 3180104.480, 3282067.280, 3380253.680, 3474663.680, 3565297.280, 3652154.480, 3735235.280, 3814539.680, 3890067.680, 3961819.280, 4029794.480, 4093993.280, 4154415.680, 4211061.680, 4263931.280, 4313024.480, 4358341.280, 4399881.680, 4437645.680, 4471633.280, 4501844.480, 4528279.280, 4550937.680, 4569819.680, 4584925.280, 4596254.480, 4603807.280, 4607583.680, 4607583.680, 4603807.280, 4596254.480, 4584925.280, 4569819.680, 4550937.680, 4528279.280, 4501844.480, 4471633.280, 4437645.680, 4399881.680, 4358341.280, 4313024.480, 4263931.280, 4211061.680, 4154415.680, 4093993.280, 4029794.480, 3961819.280, 3890067.680, 3814539.680, 3735235.280, 3652154.480, 3565297.280, 3474663.680, 3380253.680, 3282067.280, 3180104.480, 3074365.280, 2964849.680, 2851557.680, 2734489.280, 2613644.480, 2489023.281, 2360625.685, 2228451.702, 2092501.373, 1952774.844, 1809272.606, 1661996.172, 1510949.834, 1356144.760, 1197607.571, 1035396.297, 869626.354, 700506.807, 528381.872, 353765.778, 177354.449,    0.000,
   0.000, 181675.139, 362384.181, 541254.251, 717572.470, 890812.082, 1060620.486, 1226783.525, 1389182.970, 1547759.379, 1702485.482, 1853349.838, 2000348.053, 2143478.575, 2282740.903, 2418134.885, 2549660.481, 2677317.680, 2801106.480, 2921026.880, 3037078.880, 3149262.480, 3257577.680, 3362024.480, 3462602.880, 3559312.880, 3652154.480, 3741127.680, 3826232.480, 3907468.880, 3984836.880, 4058336.480, 4127967.680, 4193730.480, 4255624.880, 4313650.880, 4367808.480, 4418097.680, 4464518.480, 4507070.880, 4545754.880, 4580570.480, 4611517.680, 4638596.480, 4661806.880, 4681148.880, 4696622.480, 4708227.680, 4715964.480, 4719832.880, 4719832.880, 4715964.480, 4708227.680, 4696622.480, 4681148.880, 4661806.880, 4638596.480, 4611517.680, 4580570.480, 4545754.880, 4507070.880, 4464518.480, 4418097.680, 4367808.480, 4313650.880, 4255624.880, 4193730.480, 4127967.680, 4058336.480, 3984836.880, 3907468.880, 3826232.480, 3741127.680, 3652154.480, 3559312.880, 3462602.880, 3362024.480, 3257577.680, 3149262.480, 3037078.880, 2921026.880, 2801106.480, 2677317.680, 2549660.481, 2418134.885, 2282740.903, 2143478.575, 2000348.053, 1853349.838, 1702485.482, 1547759.379, 1389182.970, 1226783.525, 1060620.486, 890812.082, 717572.470, 541254.251, 362384.181, 181675.139,    0.000,
   0.000, 185807.974, 370627.871, 553566.961, 733896.148, 911076.692, 1084747.972, 1254690.959, 1420784.736, 1582968.509, 1741214.386, 1895510.669, 2045852.861, 2192239.377, 2334669.703, 2473143.685, 2607661.281, 2738222.480, 2864827.280, 2987475.680, 3106167.680, 3220903.280, 3331682.480, 3438505.280, 3541371.680, 3640281.680, 3735235.280, 3826232.480, 3913273.280, 3996357.680, 4075485.680, 4150657.280, 4221872.480, 4289131.280, 4352433.680, 4411779.680, 4467169.280, 4518602.480, 4566079.280, 4609599.680, 4649163.680, 4684771.280, 4716422.480, 4744117.280, 4767855.680, 4787637.680, 4803463.280, 4815332.480, 4823245.280, 4827201.680, 4827201.680, 4823245.280, 4815332.480, 4803463.280, 4787637.680, 4767855.680, 4744117.280, 4716422.480, 4684771.280, 4649163.680, 4609599.680, 4566079.280, 4518602.480, 4467169.280, 4411779.680, 4352433.680, 4289131.280, 4221872.480, 4150657.280, 4075485.680, 3996357.680, 3913273.280, 3826232.480, 3735235.280, 3640281.680, 3541371.680, 3438505.280, 3331682.480, 3220903.280, 3106167.680, 2987475.680, 2864827.280, 2738222.480, 2607661.281, 2473143.685, 2334669.703, 2192239.377, 2045852.861, 1895510.669, 1741214.386, 1582968.509, 1420784.736, 1254690.959, 1084747.972, 911076.692, 733896.148, 553566.961, 370627.871, 185807.974,    0.000,
   0.000, 189752.952, 378496.848, 565320.003, 749477.840, 930420.184, 1107778.754, 1281329.874, 1450950.058, 1616577.223, 1778182.886, 1935755.099, 2089289.269, 2238783.779, 2384238.104, 2525652.085, 2663025.681, 2796358.880, 2925651.680, 3050904.080, 3172116.080, 3289287.680, 3402418.880, 3511509.680, 3616560.080, 3717570.080, 3814539.680, 3907468.880, 3996357.680, 4081206.080, 4162014.080, 4238781.680, 4311508.880, 4380195.680, 4444842.080, 4505448.080, 4562013.680, 4614538.880, 4663023.680, 4707468.080, 4747872.080, 4784235.680, 4816558.880, 4844841.680, 4869084.080, 4889286.080, 4905447.680, 4917568.880, 4925649.680, 4929690.080, 4929690.080, 4925649.680, 4917568.880, 4905447.680, 4889286.080, 4869084.080, 4844841.680, 4816558.880, 4784235.680, 4747872.080, 4707468.080, 4663023.680, 4614538.880, 4562013.680, 4505448.080, 4444842.080, 4380195.680, 4311508.880, 4238781.680, 4162014.080, 4081206.080, 3996357.680, 3907468.880, 3814539.680, 3717570.080, 3616560.080, 3511509.680, 3402418.880, 3289287.680, 3172116.080, 3050904.080, 2925651.680, 2796358.880, 2663025.681, 2525652.085, 2384238.104, 2238783.779, 2089289.269, 1935755.099, 1778182.886, 1616577.223, 1450950.058, 1281329.874, 1107778.754, 930420.184, 749477.840, 565320.003, 378496.848, 189752.952,    0.000,
   0.000, 193510.074, 385991.112, 576513.376, 764317.547, 948842.556, 1129712.832, 1306700.268, 1479678.936, 1648585.523, 1813390.981, 1974083.127, 2130657.277, 2283111.781, 2431446.104, 2575660.085, 2715753.681, 2851726.880, 2983579.680, 3111312.080, 3234924.080, 3354415.680, 3469786.880, 3581037.680, 3688168.080, 3791178.080, 3890067.680, 3984836.880, 4075485.680, 4162014.080, 4244422.080, 4322709.680, 4396876.880, 4466923.680, 4532850.080, 4594656.080, 4652341.680, 4705906.880, 4755351.680, 4800676.080, 4841880.080, 4878963.680, 4911926.880, 4940769.680, 4965492.080, 4986094.080, 5002575.680, 5014936.880, 5023177.680, 5027298.080, 5027298.080, 5023177.680, 5014936.880, 5002575.680, 4986094.080, 4965492.080, 4940769.680, 4911926.880, 4878963.680, 4841880.080, 4800676.080, 4755351.680, 4705906.880, 4652341.680, 4594656.080, 4532850.080, 4466923.680, 4396876.880, 4322709.680, 4244422.080, 4162014.080, 4075485.680, 3984836.880, 3890067.680, 3791178.080, 3688168.080, 3581037.680, 3469786.880, 3354415.680, 3234924.080, 3111312.080, 2983579.680, 2851726.880, 2715753.681, 2575660.085, 2431446.104, 2283111.781, 2130657.277, 1974083.127, 1813390.981, 1648585.523, 1479678.936, 1306700.268, 1129712.832, 948842.556, 764317.547, 576513.376, 385991.112, 193510.074,    0.000,
