   0.000,    0.000,    0.000,    0.000,    0.000,    0.000,    0.000,    0.000,    0.000,    0.000,    0.000,    0.000,    0.000,    0.000,    0.000,    0.000,    0.000,    0.000,    0.000,    0.000,    0.000,    0.000,    0.000,    0.000,    0.000,    0.000,    0.000,    0.000,    0.000,    0.000,    0.000,    0.000,    0.000,    0.000,    0.000,    0.000,    0.000,    0.000,    0.000,    0.000,    0.000,    0.000,    0.000,    0.000,    0.000,    0.000,    0.000,    0.000,    0.000,    0.000,    0.000,    0.000,    0.000,    0.000,    0.000,    0.000,    0.000,    0.000,    0.000,    0.000,    0.000,    0.000,    0.000,    0.000,    0.000,    0.000,    0.000,    0.000,    0.000,    0.000,    0.000,    0.000,    0.000,    0.000,    0.000,    0.000,    0.000,    0.000,    0.000,    0.000,    0.000,    0.000,    0.000,    0.000,    0.000,    0.000,    0.000,    0.000,    0.000,    0.000,    0.000,    0.000,    0.000,    0.000,    0.000,    0.000,    0.000,    0.000,    0.000,    0.000,
   0.000, 8911.601, 17771.264, 26533.108, 35161.306, 43631.082, 51927.227, 60041.432, 67969.648, 75710.106, 83262.113, 90625.424, 97799.961, 104785.702, 111582.641, 118190.776, 124610.107, 130840.635, 136882.359, 142735.279, 148399.395, 153874.707, 159161.215, 164258.920, 169167.820, 173887.917, 178419.210, 182761.699, 186915.384, 190880.265, 194656.342, 198243.616, 201642.086, 204851.751, 207872.613, 210704.671, 213347.925, 215802.376, 218068.022, 220144.865, 222032.903, 223732.138, 225242.569, 226564.196, 227697.019, 228641.039, 229396.254, 229962.666, 230340.274, 230529.077, 230529.077, 230340.274, 229962.666, 229396.254, 228641.039, 227697.019, 226564.196, 225242.569, 223732.138, 222032.903, 220144.865, 218068.022, 215802.376, 213347.925, 210704.671, 207872.613, 204851.751, 201642.086, 198243.616, 194656.342, 190880.265, 186915.384, 182761.699, 178419.210, 173887.917, 169167.820, 164258.920, 159161.215, 153874.707, 148399.395, 142735.279, 136882.359, 130840.635, 124610.107, 118190.776, 111582.641, 104785.702, 97799.961, 90625.424, 83262.113, 75710.106, 67969.648, 60041.432, 51927.227, 43631.082, 35161.306, 26533.108, 17771.264, 8911.601,    0.000,
   0.000, 17771.264, 35438.950, 52911.567, 70117.670, 87007.848, 103551.774, 119732.882, 135543.094, 150978.885, 166038.871, 180722.566, 195029.813, 208960.569, 222514.822, 235692.568, 248493.807, 260918.540, 272966.765, 284638.483, 295933.694, 306852.398, 317394.595, 327560.285, 337349.468, 346762.144, 355798.313, 364457.975, 372741.130, 380647.778, 388177.918, 395331.552, 402108.679, 408509.299, 414533.411, 420181.017, 425452.115, 430346.707, 434864.791, 439006.369, 442771.439, 446160.002, 449172.059, 451807.608, 454066.650, 455949.185, 457455.213, 458584.735, 459337.749, 459714.256, 459714.256, 459337.749, 458584.735, 457455.213, 455949.185, 454066.650, 451807.608, 449172.059, 446160.002, 442771.439, 439006.369, 434864.791, 430346.707, 425452.115, 420181.017, 414533.411, 408509.299, 402108.679, 395331.552, 388177.918, 380647.778, 372741.130, 364457.975, 355798.313, 346762.144, 337349.468, 327560.285, 317394.595, 306852.398, 295933.694, 284638.483, 272966.765, 260918.540, 248493.807, 235692.568, 222514.822, 208960.569, 195029.813, 180722.566, 166038.871, 150978.885, 135543.094, 119732.882, 103551.774, 87007.848, 70117.670, 52911.567, 35438.950, 17771.264,    0.000,
   0.000, 26533.108, 52911.567, 78998.778, 104688.066, 129905.663, 154606.291, 178765.216, 202370.381, 225416.521, 247901.573, 269824.810, 291185.999, 311985.073, 332222.015, 351896.822, 371009.490, 389560.022, 407548.416, 424974.673, 441838.793, 458140.775, 473880.620, 489058.328, 503673.899, 517727.332, 531218.627, 544147.786, 556514.807, 568319.691, 579562.437, 590243.046, 600361.518, 609917.852, 618912.050, 627344.109, 635214.032, 642521.817, 649267.465, 655450.976, 661072.349, 666131.585, 670628.683, 674563.645, 677936.468, 680747.155, 682995.704, 684682.116, 685806.391, 686368.528, 686368.528, 685806.391, 684682.116, 682995.704, 680747.155, 677936.468, 674563.645, 670628.683, 666131.585, 661072.349, 655450.976, 649267.465, 642521.817, 635214.032, 627344.109, 618912.050, 609917.852, 600361.518, 590243.046, 579562.437, 568319.691, 556514.807, 544147.786, 531218.627, 517727.332, 503673.899, 489058.328, 473880.620, 458140.775, 441838.793, 424974.673, 407548.416, 389560.022, 371009.490, 351896.822, 332222.015, 311985.073, 291185.999, 269824.810, 247901.573, 225416.521, 202370.381, 178765.216, 154606.291, 129905.663, 104688.066, 78998.778, 52911.567, 26533.108,    0.000,
   0.000, 35161.306, 70117.670, 104688.066, 138731.131, 172149.111, 204882.005, 236897.041, 268178.239, 298718.626, 328515.467, 357567.799, 385875.314, 413437.923, 440255.603, 466328.350, 491656.161, 516239.037, 540076.977, 563169.981, 585518.050, 607121.183, 627979.380, 648092.642, 667460.969, 686084.359, 703962.814, 721096.333, 737484.917, 753128.565, 768027.278, 782181.055, 795589.896, 808253.802, 820172.772, 831346.806, 841775.905, 851460.068, 860399.295, 868593.587, 876042.943, 882747.364, 888706.849, 893921.398, 898391.012, 902115.690, 905095.433, 907330.240, 908820.111, 909565.046, 909565.046, 908820.111, 907330.240, 905095.433, 902115.690, 898391.012, 893921.398, 888706.849, 882747.364, 876042.943, 868593.587, 860399.295, 851460.068, 841775.905, 831346.806, 820172.772, 808253.802, 795589.896, 782181.055, 768027.278, 753128.565, 737484.917, 721096.333, 703962.814, 686084.359, 667460.969, 648092.642, 627979.380, 607121.183, 585518.050, 563169.981, 540076.977, 516239.037, 491656.161, 466328.350, 440255.603, 413437.923, 385875.314, 357567.799, 328515.467, 298718.626, 268178.239, 236897.041, 204882.005, 172149.111, 138731.131, 104688.066, 70117.670, 35161.306,    0.000,
   0.000, 43631.082, 87007.848, 129905.663, 172149.111, 213616.891, 254234.555, 293961.436, 332777.709, 370674.721, 407649.081, 443699.592, 478825.873, 513027.815, 546305.389, 578658.587, 610087.408, 640591.852, 670171.919, 698827.609, 726558.922, 753365.858, 779248.417, 804206.599, 828240.403, 851349.831, 873534.881, 894795.554, 915131.850, 934543.769, 953031.311, 970594.476, 987233.264, 1002947.675, 1017737.708, 1031603.365, 1044544.644, 1056561.547, 1067654.072, 1077822.220, 1087065.991, 1095385.385, 1102780.401, 1109251.041, 1114797.304, 1119419.189, 1123116.698, 1125889.829, 1127738.583, 1128662.960, 1128662.960, 1127738.583, 1125889.829, 1123116.698, 1119419.189, 1114797.304, 1109251.041, 1102780.401, 1095385.385, 1087065.991, 1077822.220, 1067654.072, 1056561.547, 1044544.644, 1031603.365, 1017737.708, 1002947.675, 987233.264, 970594.476, 953031.311, 934543.769, 915131.850, 894795.554, 873534.881, 851349.831, 828240.403, 804206.599, 779248.417, 753365.858, 726558.922, 698827.609, 670171.919, 640591.852, 610087.408, 578658.587, 546305.389, 513027.815, 478825.873, 443699.592, 407649.081, 370674.721, 332777.709, 293961.436, 254234.555, 213616.891, 172149.111, 129905.663, 87007.848, 43631.082,    0.000,
   0.000, 51927.227, 103551.774, 154606.291, 204882.005, 254234.555, 302575.336, 349855.956, 396052.821, 441155.634, 485160.360, 528065.575, 569870.825, 610575.980, 650181.006, 688685.894, 726090.644, 762395.253, 797599.723, 831704.053, 864708.243, 896612.294, 927416.205, 957119.976, 985723.608, 1013227.100, 1039630.452, 1064933.665, 1089136.738, 1112239.671, 1134242.465, 1155145.119, 1174947.633, 1193650.008, 1211252.242, 1227754.338, 1243156.293, 1257458.109, 1270659.785, 1282761.322, 1293762.718, 1303663.976, 1312465.093, 1320166.071, 1326766.909, 1332267.607, 1336668.166, 1339968.585, 1342168.864, 1343269.004, 1343269.004, 1342168.864, 1339968.585, 1336668.166, 1332267.607, 1326766.909, 1320166.071, 1312465.093, 1303663.976, 1293762.718, 1282761.322, 1270659.785, 1257458.109, 1243156.293, 1227754.338, 1211252.242, 1193650.008, 1174947.633, 1155145.119, 1134242.465, 1112239.671, 1089136.738, 1064933.665, 1039630.452, 1013227.100, 985723.608, 957119.976, 927416.205, 896612.294, 864708.243, 831704.053, 797599.723, 762395.253, 726090.644, 688685.894, 650181.006, 610575.980, 569870.825, 528065.575, 485160.360, 441155.634, 396052.821, 349855.956, 302575.336, 254234.555, 204882.005, 154606.291, 103551.774, 51927.227,    0.000,
   0.000, 60041.432, 119732.882, 178765.216, 236897.041, 293961.436, 349855.956, 404524.649, 457940.237, 510090.816, 560971.720, 610581.303, 658919.042, 705984.784, 751778.491, 796300.152, 839549.767, 881527.334, 922232.854, 961666.326, 999827.751, 1036717.128, 1072334.458, 1106679.740, 1139752.975, 1171554.162, 1202083.302, 1231340.394, 1259325.439, 1286038.437, 1311479.386, 1335648.289, 1358545.144, 1380169.951, 1400522.711, 1419603.423, 1437412.088, 1453948.706, 1469213.275, 1483205.798, 1495926.273, 1507374.700, 1517551.080, 1526455.413, 1534087.698, 1540447.935, 1545536.125, 1549352.267, 1551896.362, 1553168.410, 1553168.410, 1551896.362, 1549352.267, 1545536.125, 1540447.935, 1534087.698, 1526455.413, 1517551.080, 1507374.700, 1495926.273, 1483205.798, 1469213.275, 1453948.706, 1437412.088, 1419603.423, 1400522.711, 1380169.951, 1358545.144, 1335648.289, 1311479.386, 1286038.437, 1259325.439, 1231340.394, 1202083.302, 1171554.162, 1139752.975, 1106679.740, 1072334.458, 1036717.128, 999827.751, 961666.326, 922232.854, 881527.334, 839549.767, 796300.152, 751778.491, 705984.784, 658919.042, 610581.303, 560971.720, 510090.816, 457940.237, 404524.649, 349855.956, 293961.436, 236897.041, 178765.216, 119732.882, 60041.432,    0.000,
   0.000, 67969.648, 135543.094, 202370.381, 268178.239, 332777.709, 396052.821, 457940.237, 518409.081, 577445.875, 635045.341, 691205.614, 745926.102, 799206.633, 851047.163, 901447.681, 950408.184, 997928.673, 1044009.147, 1088649.606, 1131850.050, 1173610.480, 1213930.895, 1252811.295, 1290251.680, 1326252.050, 1360812.405, 1393932.746, 1425613.072, 1455853.383, 1484653.679, 1512013.961, 1537934.227, 1562414.479, 1585454.716, 1607054.938, 1627215.146, 1645935.338, 1663215.516, 1679055.679, 1693455.827, 1706415.960, 1717936.079, 1728016.183, 1736656.271, 1743856.345, 1749616.405, 1753936.449, 1756816.479, 1758256.494, 1758256.494, 1756816.479, 1753936.449, 1749616.405, 1743856.345, 1736656.271, 1728016.183, 1717936.079, 1706415.960, 1693455.827, 1679055.679, 1663215.516, 1645935.338, 1627215.146, 1607054.938, 1585454.716, 1562414.479, 1537934.227, 1512013.961, 1484653.679, 1455853.383, 1425613.072, 1393932.746, 1360812.405, 1326252.050, 1290251.680, 1252811.295, 1213930.895, 1173610.480, 1131850.050, 1088649.606, 1044009.147, 997928.673, 950408.184, 901447.681, 851047.163, 799206.633, 745926.102, 691205.614, 635045.341, 577445.875, 518409.081, 457940.237, 396052.821, 332777.709, 268178.239, 202370.381, 135543.094, 67969.648,    0.000,
   0.000, 75710.106, 150978.885, 225416.521, 298718.626, 370674.721, 441155.634, 510090.816, 577445.875, 643205.803, 707364.717, 769920.543, 830872.621, 890220.759, 947964.907, 1004105.055, 1058641.199, 1111573.338, 1162901.474, 1212625.605, 1260745.732, 1307261.855, 1352173.974, 1395482.088, 1437186.198, 1477286.304, 1515782.406, 1552674.503, 1587962.596, 1621646.685, 1653726.770, 1684202.851, 1713074.927, 1740342.999, 1766007.067, 1790067.130, 1812523.190, 1833375.245, 1852623.295, 1870267.342, 1886307.384, 1900743.423, 1913575.456, 1924803.486, 1934427.511, 1942447.533, 1948863.550, 1953675.562, 1956883.571, 1958487.575, 1958487.575, 1956883.571, 1953675.562, 1948863.550, 1942447.533, 1934427.511, 1924803.486, 1913575.456, 1900743.423, 1886307.384, 1870267.342, 1852623.295, 1833375.245, 1812523.190, 1790067.130, 1766007.067, 1740342.999, 1713074.927, 1684202.851, 1653726.770, 1621646.685, 1587962.596, 1552674.503, 1515782.406, 1477286.304, 1437186.198, 1395482.088, 1352173.974, 1307261.855, 1260745.732, 1212625.605, 1162901.474, 1111573.338, 1058641.199, 1004105.055, 947964.907, 890220.759, 830872.621, 769920.543, 707364.717, 643205.803, 577445.875, 510090.816, 441155.634, 370674.721, 298718.626, 225416.521, 150978.885, 75710.106,    0.000,
   0.000, 83262.113, 166038.871, 247901.573, 328515.467, 407649.081, 485160.360, 560971.720, 635045.341, 707364.717, 777923.381, 846719.052, 913751.002, 979019.023, 1042523.058, 1104263.096, 1164239.134, 1222451.171, 1278899.206, 1333583.241, 1386503.274, 1437659.306, 1487051.337, 1534679.367, 1580543.396, 1624643.424, 1666979.451, 1707551.476, 1746359.501, 1783403.524, 1818683.546, 1852199.567, 1883951.587, 1913939.606, 1942163.624, 1968623.641, 1993319.656, 2016251.671, 2037419.684, 2056823.696, 2074463.707, 2090339.717, 2104451.726, 2116799.734, 2127383.741, 2136203.746, 2143259.751, 2148551.754, 2152079.756, 2153843.757, 2153843.757, 2152079.756, 2148551.754, 2143259.751, 2136203.746, 2127383.741, 2116799.734, 2104451.726, 2090339.717, 2074463.707, 2056823.696, 2037419.684, 2016251.671, 1993319.656, 1968623.641, 1942163.624, 1913939.606, 1883951.587, 1852199.567, 1818683.546, 1783403.524, 1746359.501, 1707551.476, 1666979.451, 1624643.424, 1580543.396, 1534679.367, 1487051.337, 1437659.306, 1386503.274, 1333583.241, 1278899.206, 1222451.171, 1164239.134, 1104263.096, 1042523.058, 979019.023, 913751.002, 846719.052, 777923.381, 707364.717, 635045.341, 560971.720, 485160.360, 407649.081, 328515.467, 247901.573, 166038.871, 83262.113,    0.000,
   0.000, 90625.424, 180722.566, 269824.810, 357567.799, 443699.592, 528065.575, 610581.303, 691205.614, 769920.543, 846719.052, 921598.657, 994558.567, 1065598.554, 1134718.559, 1201918.568, 1267198.577, 1330558.585, 1391998.594, 1451518.602, 1509118.610, 1564798.618, 1618558.625, 1670398.633, 1720318.640, 1768318.646, 1814398.653, 1858558.659, 1900798.665, 1941118.670, 1979518.676, 2015998.681, 2050558.686, 2083198.690, 2113918.694, 2142718.698, 2169598.702, 2194558.706, 2217598.709, 2238718.712, 2257918.714, 2275198.717, 2290558.719, 2303998.721, 2315518.722, 2325118.724, 2332798.725, 2338558.726, 2342398.726, 2344318.726, 2344318.726, 2342398.726, 2338558.726, 2332798.725, 2325118.724, 2315518.722, 2303998.721, 2290558.719, 2275198.717, 2257918.714, 2238718.712, 2217598.709, 2194558.706, 2169598.702, 2142718.698, 2113918.694, 2083198.690, 2050558.686, 2015998.681, 1979518.676, 1941118.670, 1900798.665, 1858558.659, 1814398.653, 1768318.646, 1720318.640, 1670398.633, 1618558.625, 1564798.618, 1509118.610, 1451518.602, 1391998.594, 1330558.585, 1267198.577, 1201918.568, 1134718.559, 1065598.554, 994558.567, 921598.657, 846719.052, 769920.543, 691205.614, 610581.303, 528065.575, 443699.592, 357567.799, 269824.810, 180722.566, 90625.424,    0.000,
   0.000, 97799.961, 195029.813, 291185.999, 385875.314, 478825.873, 569870.825, 658919.042, 745926.102, 830872.621, 913751.002, 994558.567, 1073294.461, 1149958.439, 1224550.436, 1297070.437, 1367518.439, 1435894.441, 1502198.443, 1566430.445, 1628590.446, 1688678.448, 1746694.450, 1802638.451, 1856510.453, 1908310.454, 1958038.456, 2005694.457, 2051278.458, 2094790.460, 2136230.461, 2175598.462, 2212894.463, 2248118.464, 2281270.465, 2312350.466, 2341358.467, 2368294.467, 2393158.468, 2415950.469, 2436670.469, 2455318.470, 2471894.470, 2486398.471, 2498830.471, 2509190.471, 2517478.472, 2523694.472, 2527838.472, 2529910.472, 2529910.472, 2527838.472, 2523694.472, 2517478.472, 2509190.471, 2498830.471, 2486398.471, 2471894.470, 2455318.470, 2436670.469, 2415950.469, 2393158.468, 2368294.467, 2341358.467, 2312350.466, 2281270.465, 2248118.464, 2212894.463, 2175598.462, 2136230.461, 2094790.460, 2051278.458, 2005694.457, 1958038.456, 1908310.454, 1856510.453, 1802638.451, 1746694.450, 1688678.448, 1628590.446, 1566430.445, 1502198.443, 1435894.441, 1367518.439, 1297070.437, 1224550.436, 1149958.439, 1073294.461, 994558.567, 913751.002, 830872.621, 745926.102, 658919.042, 569870.825, 478825.873, 385875.314, 291185.999, 195029.813, 97799.961,    0.000,
   0.000, 104785.702, 208960.569, 311985.073, 413437.923, 513027.815, 610575.980, 705984.784, 799206.633, 890220.759, 979019.023, 1065598.554, 1149958.439, 1232098.413, 1312018.408, 1389718.408, 1465198.408, 1538458.408, 1609498.409, 1678318.409, 1744918.409, 1809298.410, 1871458.410, 1931398.410, 1989118.411, 2044618.411, 2097898.411, 2148958.412, 2197798.412, 2244418.412, 2288818.412, 2330998.413, 2370958.413, 2408698.413, 2444218.413, 2477518.413, 2508598.413, 2537458.414, 2564098.414, 2588518.414, 2610718.414, 2630698.414, 2648458.414, 2663998.414, 2677318.414, 2688418.414, 2697298.414, 2703958.415, 2708398.415, 2710618.415, 2710618.415, 2708398.415, 2703958.415, 2697298.414, 2688418.414, 2677318.414, 2663998.414, 2648458.414, 2630698.414, 2610718.414, 2588518.414, 2564098.414, 2537458.414, 2508598.413, 2477518.413, 2444218.413, 2408698.413, 2370958.413, 2330998.413, 2288818.412, 2244418.412, 2197798.412, 2148958.412, 2097898.411, 2044618.411, 1989118.411, 1931398.410, 1871458.410, 1809298.410, 1744918.409, 1678318.409, 1609498.409, 1538458.408, 1465198.408, 1389718.408, 1312018.408, 1232098.413, 1149958.439, 1065598.554, 979019.023, 890220.759, 799206.633, 705984.784, 610575.980, 513027.815, 413437.923, 311985.073, 208960.569, 104785.702,    0.000,
   0.000, 111582.641, 222514.822, 332222.015, 440255.603, 546305.389, 650181.006, 751778.491, 851047.163, 947964.907, 1042523.058, 1134718.559, 1224550.436, 1312018.408, 1397122.403, 1479862.402, 1560238.401, 1638250.402, 1713898.402, 1787182.402, 1858102.402, 1926658.402, 1992850.402, 2056678.402, 2118142.402, 2177242.402, 2233978.402, 2288350.402, 2340358.402, 2390002.402, 2437282.402, 2482198.402, 2524750.402, 2564938.402, 2602762.402, 2638222.402, 2671318.403, 2702050.403, 2730418.403, 2756422.403, 2780062.403, 2801338.403, 2820250.403, 2836798.403, 2850982.403, 2862802.403, 2872258.403, 2879350.403, 2884078.403, 2886442.403, 2886442.403, 2884078.403, 2879350.403, 2872258.403, 2862802.403, 2850982.403, 2836798.403, 2820250.403, 2801338.403, 2780062.403, 2756422.403, 2730418.403, 2702050.403, 2671318.403, 2638222.402, 2602762.402, 2564938.402, 2524750.402, 2482198.402, 2437282.402, 2390002.402, 2340358.402, 2288350.402, 2233978.402, 2177242.402, 2118142.402, 2056678.402, 1992850.402, 1926658.402, 1858102.402, 1787182.402, 1713898.402, 1638250.402, 1560238.401, 1479862.402, 1397122.403, 1312018.408, 1224550.436, 1134718.559, 1042523.058, 947964.907, 851047.163, 751778.491, 650181.006, 546305.389, 440255.603, 332222.015, 222514.822, 111582.641,    0.000,
   0.000, 118190.776, 235692.568, 351896.822, 466328.350, 578658.587, 688685.894, 796300.152, 901447.681, 1004105.055, 1104263.096, 1201918.568, 1297070.437, 1389718.408, 1479862.402, 1567502.400, 1652638.400, 1735270.400, 1815398.400, 1893022.400, 1968142.400, 2040758.400, 2110870.400, 2178478.400, 2243582.400, 2306182.400, 2366278.400, 2423870.400, 2478958.400, 2531542.400, 2581622.400, 2629198.400, 2674270.400, 2716838.400, 2756902.400, 2794462.400, 2829518.400, 2862070.400, 2892118.400, 2919662.400, 2944702.400, 2967238.400, 2987270.400, 3004798.400, 3019822.400, 3032342.400, 3042358.400, 3049870.400, 3054878.400, 3057382.400, 3057382.400, 3054878.400, 3049870.400, 3042358.400, 3032342.400, 3019822.400, 3004798.400, 2987270.400, 2967238.400, 2944702.400, 2919662.400, 2892118.400, 2862070.400, 2829518.400, 2794462.400, 2756902.400, 2716838.400, 2674270.400, 2629198.400, 2581622.400, 2531542.400, 2478958.400, 2423870.400, 2366278.400, 2306182.400, 2243582.400, 2178478.400, 2110870.400, 2040758.400, 1968142.400, 1893022.400, 1815398.400, 1735270.400, 1652638.400, 1567502.400, 1479862.402, 1389718.408, 1297070.437, 1201918.568, 1104263.096, 1004105.055, 901447.681, 796300.152, 688685.894, 578658.587, 466328.350, 351896.822, 235692.568, 118190.776,    0.000,
   0.000, 124610.107, 248493.807, 371009.490, 491656.161, 610087.408, 726090.644, 839549.767, 950408.184, 1058641.199, 1164239.134, 1267198.577, 1367518.439, 1465198.408, 1560238.401, 1652638.400, 1742398.400, 1829518.400, 1913998.400, 1995838.400, 2075038.400, 2151598.400, 2225518.400, 2296798.400, 2365438.400, 2431438.400, 2494798.400, 2555518.400, 2613598.400, 2669038.400, 2721838.400, 2771998.400, 2819518.400, 2864398.400, 2906638.400, 2946238.400, 2983198.400, 3017518.400, 3049198.400, 3078238.400, 3104638.400, 3128398.400, 3149518.400, 3167998.400, 3183838.400, 3197038.400, 3207598.400, 3215518.400, 3220798.400, 3223438.400, 3223438.400, 3220798.400, 3215518.400, 3207598.400, 3197038.400, 3183838.400, 3167998.400, 3149518.400, 3128398.400, 3104638.400, 3078238.400, 3049198.400, 3017518.400, 2983198.400, 2946238.400, 2906638.400, 2864398.400, 2819518.400, 2771998.400, 2721838.400, 2669038.400, 2613598.400, 2555518.400, 2494798.400, 2431438.400, 2365438.400, 2296798.400, 2225518.400, 2151598.400, 2075038.400, 1995838.400, 1913998.400, 1829518.400, 1742398.400, 1652638.400, 1560238.401, 1465198.408, 1367518.439, 1267198.577, 1164239.134, 1058641.199, 950408.184, 839549.767, 726090.644, 610087.408, 491656.161, 371009.490, 248493.807, 124610.107,    0.000,
   0.000, 130840.635, 260918.540, 389560.022, 516239.037, 640591.852, 762395.253, 881527.334, 997928.673, 1111573.338, 1222451.171, 1330558.585, 1435894.441, 1538458.408, 1638250.402, 1735270.400, 1829518.400, 1920994.400, 2009698.400, 2095630.400, 2178790.400, 2259178.400, 2336794.400, 2411638.400, 2483710.400, 2553010.400, 2619538.400, 2683294.400, 2744278.400, 2802490.400, 2857930.400, 2910598.400, 2960494.400, 3007618.400, 3051970.400, 3093550.400, 3132358.400, 3168394.400, 3201658.400, 3232150.400, 3259870.400, 3284818.400, 3306994.400, 3326398.400, 3343030.400, 3356890.400, 3367978.400, 3376294.400, 3381838.400, 3384610.400, 3384610.400, 3381838.400, 3376294.400, 3367978.400, 3356890.400, 3343030.400, 3326398.400, 3306994.400, 3284818.400, 3259870.400, 3232150.400, 3201658.400, 3168394.400, 3132358.400, 3093550.400, 3051970.400, 3007618.400, 2960494.400, 2910598.400, 2857930.400, 2802490.400, 2744278.400, 2683294.400, 2619538.400, 2553010.400, 2483710.400, 2411638.400, 2336794.400, 2259178.400, 2178790.400, 2095630.400, 2009698.400, 1920994.400, 1829518.400, 1735270.400, 1638250.402, 1538458.408, 1435894.441, 1330558.585, 1222451.171, 1111573.338, 997928.673, 881527.334, 762395.253, 640591.852, 516239.037, 389560.022, 260918.540, 130840.635,    0.000,
   0.000, 136882.359, 272966.765, 407548.416, 540076.977, 670171.919, 797599.723, 922232.854, 1044009.147, 1162901.474, 1278899.206, 1391998.594, 1502198.443, 1609498.409, 1713898.402, 1815398.400, 1913998.400, 2009698.400, 2102498.400, 2192398.400, 2279398.400, 2363498.400, 2444698.400, 2522998.400, 2598398.400, 2670898.400, 2740498.400, 2807198.400, 2870998.400, 2931898.400, 2989898.400, 3044998.400, 3097198.400, 3146498.400, 3192898.400, 3236398.400, 3276998.400, 3314698.400, 3349498.400, 3381398.400, 3410398.400, 3436498.400, 3459698.400, 3479998.400, 3497398.400, 3511898.400, 3523498.400, 3532198.400, 3537998.400, 3540898.400, 3540898.400, 3537998.400, 3532198.400, 3523498.400, 3511898.400, 3497398.400, 3479998.400, 3459698.400, 3436498.400, 3410398.400, 3381398.400, 3349498.400, 3314698.400, 3276998.400, 3236398.400, 3192898.400, 3146498.400, 3097198.400, 3044998.400, 2989898.400, 2931898.400, 2870998.400, 2807198.400, 2740498.400, 2670898.400, 2598398.400, 2522998.400, 2444698.400, 2363498.400, 2279398.400, 2192398.400, 2102498.400, 2009698.400, 1913998.400, 1815398.400, 1713898.402, 1609498.409, 1502198.443, 1391998.594, 1278899.206, 1162901.474, 1044009.147, 922232.854, 797599.723, 670171.919, 540076.977, 407548.416, 272966.765, 136882.359,    0.000,
   0.000, 142735.279, 284638.483, 424974.673, 563169.981, 698827.609, 831704.053, 961666.326, 1088649.606, 1212625.605, 1333583.241, 1451518.602, 1566430.445, 1678318.409, 1787182.402, 1893022.400, 1995838.400, 2095630.400, 2192398.400, 2286142.400, 2376862.400, 2464558.400, 2549230.400, 2630878.400, 2709502.400, 2785102.400, 2857678.400, 2927230.400, 2993758.400, 3057262.400, 3117742.400, 3175198.400, 3229630.400, 3281038.400, 3329422.400, 3374782.400, 3417118.400, 3456430.400, 3492718.400, 3525982.400, 3556222.400, 3583438.400, 3607630.400, 3628798.400, 3646942.400, 3662062.400, 3674158.400, 3683230.400, 3689278.400, 3692302.400, 3692302.400, 3689278.400, 3683230.400, 3674158.400, 3662062.400, 3646942.400, 3628798.400, 3607630.400, 3583438.400, 3556222.400, 3525982.400, 3492718.400, 3456430.400, 3417118.400, 3374782.400, 3329422.400, 3281038.400, 3229630.400, 3175198.400, 3117742.400, 3057262.400, 2993758.400, 2927230.400, 2857678.400, 2785102.400, 2709502.400, 2630878.400, 2549230.400, 2464558.400, 2376862.400, 2286142.400, 2192398.400, 2095630.400, 1995838.400, 1893022.400, 1787182.402, 1678318.409, 1566430.445, 1451518.602, 1333583.241, 1212625.605, 1088649.606, 961666.326, 831704.053, 698827.609, 563169.981, 424974.673, 284638.483, 142735.279,    0.000,
   0.000, 148399.395, 295933.694, 441838.793, 585518.050, 726558.922, 864708.243, 999827.751, 1131850.050, 1260745.732, 1386503.274, 1509118.610, 1628590.446, 1744918.409, 1858102.402, 1968142.400, 2075038.400, 2178790.400, 2279398.400, 2376862.400, 2471182.400, 2562358.400, 2650390.400, 2735278.400, 2817022.400, 2895622.400, 2971078.400, 3043390.400, 3112558.400, 3178582.400, 3241462.400, 3301198.400, 3357790.400, 3411238.400, 3461542.400, 3508702.400, 3552718.400, 3593590.400, 3631318.400, 3665902.400, 3697342.400, 3725638.400, 3750790.400, 3772798.400, 3791662.400, 3807382.400, 3819958.400, 3829390.400, 3835678.400, 3838822.400, 3838822.400, 3835678.400, 3829390.400, 3819958.400, 3807382.400, 3791662.400, 3772798.400, 3750790.400, 3725638.400, 3697342.400, 3665902.400, 3631318.400, 3593590.400, 3552718.400, 3508702.400, 3461542.400, 3411238.400, 3357790.400, 3301198.400, 3241462.400, 3178582.400, 3112558.400, 3043390.400, 2971078.400, 2895622.400, 2817022.400, 2735278.400, 2650390.400, 2562358.400, 2471182.400, 2376862.400, 2279398.400, 2178790.400, 2075038.400, 1968142.400, 1858102.402, 1744918.409, 1628590.446, 1509118.610, 1386503.274, 1260745.732, 1131850.050, 999827.751, 864708.243, 726558.922, 585518.050, 441838.793, 295933.694, 148399.395,    0.000,
   0.000, 153874.707, 306852.398, 458140.775, 607121.183, 753365.858, 896612.294, 1036717.128, 1173610.480, 1307261.855, 1437659.306, 1564798.618, 1688678.448, 1809298.410, 1926658.402, 2040758.400, 2151598.400, 2259178.400, 2363498.400, 2464558.400, 2562358.400, 2656898.400, 2748178.400, 2836198.400, 2920958.400, 3002458.400, 3080698.400, 3155678.400, 3227398.400, 3295858.400, 3361058.400, 3422998.400, 3481678.400, 3537098.400, 3589258.400, 3638158.400, 3683798.400, 3726178.400, 3765298.400, 3801158.400, 3833758.400, 3863098.400, 3889178.400, 3911998.400, 3931558.400, 3947858.400, 3960898.400, 3970678.400, 3977198.400, 3980458.400, 3980458.400, 3977198.400, 3970678.400, 3960898.400, 3947858.400, 3931558.400, 3911998.400, 3889178.400, 3863098.400, 3833758.400, 3801158.400, 3765298.400, 3726178.400, 3683798.400, 3638158.400, 3589258.400, 3537098.400, 3481678.400, 3422998.400, 3361058.400, 3295858.400, 3227398.400, 3155678.400, 3080698.400, 3002458.400, 2920958.400, 2836198.400, 2748178.400, 2656898.400, 2562358.400, 2464558.400, 2363498.400, 2259178.400, 2151598.400, 2040758.400, 1926658.402, 1809298.410, 1688678.448, 1564798.618, 1437659.306, 1307261.855, 1173610.480, 1036717.128, 896612.294, 753365.858, 607121.183, 458140.775, 306852.398, 153874.707,    0.000,
   0.000, 159161.215, 317394.595, 473880.620, 627979.380, 779248.417, 927416.205, 1072334.458, 1213930.895, 1352173.974, 1487051.337, 1618558.625, 1746694.450, 1871458.410, 1992850.402, 2110870.400, 2225518.400, 2336794.400, 2444698.400, 2549230.400, 2650390.400, 2748178.400, 2842594.400, 2933638.400, 3021310.400, 3105610.400, 3186538.400, 3264094.400, 3338278.400, 3409090.400, 3476530.400, 3540598.400, 3601294.400, 3658618.400, 3712570.400, 3763150.400, 3810358.400, 3854194.400, 3894658.400, 3931750.400, 3965470.400, 3995818.400, 4022794.400, 4046398.400, 4066630.400, 4083490.400, 4096978.400, 4107094.400, 4113838.400, 4117210.400, 4117210.400, 4113838.400, 4107094.400, 4096978.400, 4083490.400, 4066630.400, 4046398.400, 4022794.400, 3995818.400, 3965470.400, 3931750.400, 3894658.400, 3854194.400, 3810358.400, 3763150.400, 3712570.400, 3658618.400, 3601294.400, 3540598.400, 3476530.400, 3409090.400, 3338278.400, 3264094.400, 3186538.400, 3105610.400, 3021310.400, 2933638.400, 2842594.400, 2748178.400, 2650390.400, 2549230.400, 2444698.400, 2336794.400, 2225518.400, 2110870.400, 1992850.402, 1871458.410, 1746694.450, 1618558.625, 1487051.337, 1352173.974, 1213930.895, 1072334.458, 927416.205, 779248.417, 627979.380, 473880.620, 317394.595, 159161.215,    0.000,
   0.000, 164258.920, 327560.285, 489058.328, 648092.642, 804206.599, 957119.976, 1106679.740, 1252811.295, 1395482.088, 1534679.367, 1670398.633, 1802638.451, 1931398.410, 2056678.402, 2178478.400, 2296798.400, 2411638.400, 2522998.400, 2630878.400, 2735278.400, 2836198.400, 2933638.400, 3027598.400, 3118078.400, 3205078.400, 3288598.400, 3368638.400, 3445198.400, 3518278.400, 3587878.400, 3653998.400, 3716638.400, 3775798.400, 3831478.400, 3883678.400, 3932398.400, 3977638.400, 4019398.400, 4057678.400, 4092478.400, 4123798.400, 4151638.400, 4175998.400, 4196878.400, 4214278.400, 4228198.400, 4238638.400, 4245598.400, 4249078.400, 4249078.400, 4245598.400, 4238638.400, 4228198.400, 4214278.400, 4196878.400, 4175998.400, 4151638.400, 4123798.400, 4092478.400, 4057678.400, 4019398.400, 3977638.400, 3932398.400, 3883678.400, 3831478.400, 3775798.400, 3716638.400, 3653998.400, 3587878.400, 3518278.400, 3445198.400, 3368638.400, 3288598.400, 3205078.400, 3118078.400, 3027598.400, 2933638.400, 2836198.400, 2735278.400, 2630878.400, 2522998.400, 2411638.400, 2296798.400, 2178478.400, 2056678.402, 1931398.410, 1802638.451, 1670398.633, 1534679.367, 1395482.088, 1252811.295, 1106679.740, 957119.976, 804206.599, 648092.642, 489058.328, 327560.285, 164258.920,    0.000,
   0.000, 169167.820, 337349.468, 503673.899, 667460.969, 828240.403, 985723.608, 1139752.975, 1290251.680, 1437186.198, 1580543.396, 1720318.640, 1856510.453, 1989118.411, 2118142.402, 2243582.400, 2365438.400, 2483710.400, 2598398.400, 2709502.400, 2817022.400, 2920958.400, 3021310.400, 3118078.400, 3211262.400, 3300862.400, 3386878.400, 3469310.400, 3548158.400, 3623422.400, 3695102.400, 3763198.400, 3827710.400, 3888638.400, 3945982.400, 3999742.400, 4049918.400, 4096510.400, 4139518.400, 4178942.400, 4214782.400, 4247038.400, 4275710.400, 4300798.400, 4322302.400, 4340222.400, 4354558.400, 4365310.400, 4372478.400, 4376062.400, 4376062.400, 4372478.400, 4365310.400, 4354558.400, 4340222.400, 4322302.400, 4300798.400, 4275710.400, 4247038.400, 4214782.400, 4178942.400, 4139518.400, 4096510.400, 4049918.400, 3999742.400, 3945982.400, 3888638.400, 3827710.400, 3763198.400, 3695102.400, 3623422.400, 3548158.400, 3469310.400, 3386878.400, 3300862.400, 3211262.400, 3118078.400, 3021310.400, 2920958.400, 2817022.400, 2709502.400, 2598398.400, 2483710.400, 2365438.400, 2243582.400, 2118142.402, 1989118.411, 1856510.453, 1720318.640, 1580543.396, 1437186.198, 1290251.680, 1139752.975, 985723.608, 828240.403, 667460.969, 503673.899, 337349.468, 169167.820,    0.000,
   0.000, 173887.917, 346762.144, 517727.332, 686084.359, 851349.831, 1013227.100, 1171554.162, 1326252.050, 1477286.304, 1624643.424, 1768318.646, 1908310.454, 2044618.411, 2177242.402, 2306182.400, 2431438.400, 2553010.400, 2670898.400, 2785102.400, 2895622.400, 3002458.400, 3105610.400, 3205078.400, 3300862.400, 3392962.400, 3481378.400, 3566110.400, 3647158.400, 3724522.400, 3798202.400, 3868198.400, 3934510.400, 3997138.400, 4056082.400, 4111342.400, 4162918.400, 4210810.400, 4255018.400, 4295542.400, 4332382.400, 4365538.400, 4395010.400, 4420798.400, 4442902.400, 4461322.400, 4476058.400, 4487110.400, 4494478.400, 4498162.400, 4498162.400, 4494478.400, 4487110.400, 4476058.400, 4461322.400, 4442902.400, 4420798.400, 4395010.400, 4365538.400, 4332382.400, 4295542.400, 4255018.400, 4210810.400, 4162918.400, 4111342.400, 4056082.400, 3997138.400, 3934510.400, 3868198.400, 3798202.400, 3724522.400, 3647158.400, 3566110.400, 3481378.400, 3392962.400, 3300862.400, 3205078.400, 3105610.400, 3002458.400, 2895622.400, 2785102.400, 2670898.400, 2553010.400, 2431438.400, 2306182.400, 2177242.402, 2044618.411, 1908310.454, 1768318.646, 1624643.424, 1477286.304, 1326252.050, 1171554.162, 1013227.100, 851349.831, 686084.359, 517727.332, 346762.144, 173887.917,    0.000,
   0.000, 178419.210, 355798.313, 531218.627, 703962.814, 873534.881, 1039630.452, 1202083.302, 1360812.405, 1515782.406, 1666979.451, 1814398.653, 1958038.456, 2097898.411, 2233978.402, 2366278.400, 2494798.400, 2619538.400, 2740498.400, 2857678.400, 2971078.400, 3080698.400, 3186538.400, 3288598.400, 3386878.400, 3481378.400, 3572098.400, 3659038.400, 3742198.400, 3821578.400, 3897178.400, 3968998.400, 4037038.400, 4101298.400, 4161778.400, 4218478.400, 4271398.400, 4320538.400, 4365898.400, 4407478.400, 4445278.400, 4479298.400, 4509538.400, 4535998.400, 4558678.400, 4577578.400, 4592698.400, 4604038.400, 4611598.400, 4615378.400, 4615378.400, 4611598.400, 4604038.400, 4592698.400, 4577578.400, 4558678.400, 4535998.400, 4509538.400, 4479298.400, 4445278.400, 4407478.400, 4365898.400, 4320538.400, 4271398.400, 4218478.400, 4161778.400, 4101298.400, 4037038.400, 3968998.400, 3897178.400, 3821578.400, 3742198.400, 3659038.400, 3572098.400, 3481378.400, 3386878.400, 3288598.400, 3186538.400, 3080698.400, 2971078.400, 2857678.400, 2740498.400, 2619538.400, 2494798.400, 2366278.400, 2233978.402, 2097898.411, 1958038.456, 1814398.653, 1666979.451, 1515782.406, 1360812.405, 1202083.302, 1039630.452, 873534.881, 703962.814, 531218.627, 355798.313, 178419.210,    0.000,
   0.000, 182761.699, 364457.975, 544147.786, 721096.333, 894795.554, 1064933.665, 1231340.394, 1393932.746, 1552674.503, 1707551.476, 1858558.659, 2005694.457, 2148958.412, 2288350.402, 2423870.400, 2555518.400, 2683294.400, 2807198.400, 2927230.400, 3043390.400, 3155678.400, 3264094.400, 3368638.400, 3469310.400, 3566110.400, 3659038.400, 3748094.400, 3833278.400, 3914590.400, 3992030.400, 4065598.400, 4135294.400, 4201118.400, 4263070.400, 4321150.400, 4375358.400, 4425694.400, 4472158.400, 4514750.400, 4553470.400, 4588318.400, 4619294.400, 4646398.400, 4669630.400, 4688990.400, 4704478.400, 4716094.400, 4723838.400, 4727710.400, 4727710.400, 4723838.400, 4716094.400, 4704478.400, 4688990.400, 4669630.400, 4646398.400, 4619294.400, 4588318.400, 4553470.400, 4514750.400, 4472158.400, 4425694.400, 4375358.400, 4321150.400, 4263070.400, 4201118.400, 4135294.400, 4065598.400, 3992030.400, 3914590.400, 3833278.400, 3748094.400, 3659038.400, 3566110.400, 3469310.400, 3368638.400, 3264094.400, 3155678.400, 3043390.400, 2927230.400, 2807198.400, 2683294.400, 2555518.400, 2423870.400, 2288350.402, 2148958.412, 2005694.457, 1858558.659, 1707551.476, 1552674.503, 1393932.746, 1231340.394, 1064933.665, 894795.554, 721096.333, 544147.786, 364457.975, 182761.699,    0.000,
   0.000, 186915.384, 372741.130, 556514.807, 737484.917, 915131.850, 1089136.738, 1259325.439, 1425613.072, 1587962.596, 1746359.501, 1900798.665, 2051278.458, 2197798.412, 2340358.402, 2478958.400, 2613598.400, 2744278.400, 2870998.400, 2993758.400, 3112558.400, 3227398.400, 3338278.400, 3445198.400, 3548158.400, 3647158.400, 3742198.400, 3833278.400, 3920398.400, 4003558.400, 4082758.400, 4157998.400, 4229278.400, 4296598.400, 4359958.400, 4419358.400, 4474798.400, 4526278.400, 4573798.400, 4617358.400, 4656958.400, 4692598.400, 4724278.400, 4751998.400, 4775758.400, 4795558.400, 4811398.400, 4823278.400, 4831198.400, 4835158.400, 4835158.400, 4831198.400, 4823278.400, 4811398.400, 4795558.400, 4775758.400, 4751998.400, 4724278.400, 4692598.400, 4656958.400, 4617358.400, 4573798.400, 4526278.400, 4474798.400, 4419358.400, 4359958.400, 4296598.400, 4229278.400, 4157998.400, 4082758.400, 4003558.400, 3920398.400, 3833278.400, 3742198.400, 3647158.400, 3548158.400, 3445198.400, 3338278.400, 3227398.400, 3112558.400, 2993758.400, 2870998.400, 2744278.400, 2613598.400, 2478958.400, 2340358.402, 2197798.412, 2051278.458, 1900798.665, 1746359.501, 1587962.596, 1425613.072, 1259325.439, 1089136.738, 915131.850, 737484.917, 556514.807, 372741.130, 186915.384,    0.000,
   0.000, 190880.265, 380647.778, 568319.691, 753128.565, 934543.769, 1112239.671, 1286038.437, 1455853.383, 1621646.685, 1783403.524, 1941118.670, 2094790.460, 2244418.412, 2390002.402, 2531542.400, 2669038.400, 2802490.400, 2931898.400, 3057262.400, 3178582.400, 3295858.400, 3409090.400, 3518278.400, 3623422.400, 3724522.400, 3821578.400, 3914590.400, 4003558.400, 4088482.400, 4169362.400, 4246198.400, 4318990.400, 4387738.400, 4452442.400, 4513102.400, 4569718.400, 4622290.400, 4670818.400, 4715302.400, 4755742.400, 4792138.400, 4824490.400, 4852798.400, 4877062.400, 4897282.400, 4913458.400, 4925590.400, 4933678.400, 4937722.400, 4937722.400, 4933678.400, 4925590.400, 4913458.400, 4897282.400, 4877062.400, 4852798.400, 4824490.400, 4792138.400, 4755742.400, 4715302.400, 4670818.400, 4622290.400, 4569718.400, 4513102.400, 4452442.400, 4387738.400, 4318990.400, 4246198.400, 4169362.400, 4088482.400, 4003558.400, 3914590.400, 3821578.400, 3724522.400, 3623422.400, 3518278.400, 3409090.400, 3295858.400, 3178582.400, 3057262.400, 2931898.400, 2802490.400, 2669038.400, 2531542.400, 2390002.402, 2244418.412, 2094790.460, 1941118.670, 1783403.524, 1621646.685, 1455853.383, 1286038.437, 1112239.671, 934543.769, 753128.565, 568319.691, 380647.778, 190880.265,    0.000,
   0.000, 194656.342, 388177.918, 579562.437, 768027.278, 953031.311, 1134242.465, 1311479.386, 1484653.679, 1653726.770, 1818683.546, 1979518.676, 2136230.461, 2288818.412, 2437282.402, 2581622.400, 2721838.400, 2857930.400, 2989898.400, 3117742.400, 3241462.400, 3361058.400, 3476530.400, 3587878.400, 3695102.400, 3798202.400, 3897178.400, 3992030.400, 4082758.400, 4169362.400, 4251842.400, 4330198.400, 4404430.400, 4474538.400, 4540522.400, 4602382.400, 4660118.400, 4713730.400, 4763218.400, 4808582.400, 4849822.400, 4886938.400, 4919930.400, 4948798.400, 4973542.400, 4994162.400, 5010658.400, 5023030.400, 5031278.400, 5035402.400, 5035402.400, 5031278.400, 5023030.400, 5010658.400, 4994162.400, 4973542.400, 4948798.400, 4919930.400, 4886938.400, 4849822.400, 4808582.400, 4763218.400, 4713730.400, 4660118.400, 4602382.400, 4540522.400, 4474538.400, 4404430.400, 4330198.400, 4251842.400, 4169362.400, 4082758.400, 3992030.400, 3897178.400, 3798202.400, 3695102.400, 3587878.400, 3476530.400, 3361058.400, 3241462.400, 3117742.400, 2989898.400, 2857930.400, 2721838.400, 2581622.400, 2437282.402, 2288818.412, 2136230.461, 1979518.676, 1818683.546, 1653726.770, 1484653.679, 1311479.386, 1134242.465, 953031.311, 768027.278, 579562.437, 388177.918, 194656.342,    0.000,
