   0.000,    0.000,    0.000,    0.000,    0.000,    0.000,    0.000,    0.000,    0.000,    0.000,    0.000,    0.000,    0.000,    0.000,    0.000,    0.000,    0.000,    0.000,    0.000,    0.000,    0.000,    0.000,    0.000,    0.000,    0.000,    0.000,    0.000,    0.000,    0.000,    0.000,    0.000,    0.000,    0.000,    0.000,    0.000,    0.000,    0.000,    0.000,    0.000,    0.000,    0.000,    0.000,    0.000,    0.000,    0.000,    0.000,    0.000,    0.000,    0.000,    0.000,    0.000,    0.000,    0.000,    0.000,    0.000,    0.000,    0.000,    0.000,    0.000,    0.000,    0.000,    0.000,    0.000,    0.000,    0.000,    0.000,    0.000,    0.000,    0.000,    0.000,    0.000,    0.000,    0.000,    0.000,    0.000,    0.000,    0.000,    0.000,    0.000,    0.000,    0.000,    0.000,    0.000,    0.000,    0.000,    0.000,    0.000,    0.000,    0.000,    0.000,    0.000,    0.000,    0.000,    0.000,    0.000,    0.000,    0.000,    0.000,    0.000,    0.000,
   0.000, 9234.728, 18386.586, 27395.722, 36230.362, 44877.822, 53334.219, 61598.623, 69670.860, 77550.904, 85238.752, 92734.405, 100037.861, 107149.120, 114068.184, 120795.051, 127329.722, 133672.197, 139822.476, 145780.559, 151546.445, 157120.135, 162501.629, 167690.926, 172688.028, 177492.933, 182105.642, 186526.155, 190754.472, 194790.592, 198634.516, 202286.244, 205745.776, 209013.112, 212088.251, 214971.194, 217661.941, 220160.492, 222466.846, 224581.005, 226502.967, 228232.733, 229770.302, 231115.676, 232268.853, 233229.834, 233998.619, 234575.207, 234959.600, 235151.796, 235151.796, 234959.600, 234575.207, 233998.619, 233229.834, 232268.853, 231115.676, 229770.302, 228232.733, 226502.967, 224581.005, 222466.846, 220160.492, 217661.941, 214971.194, 212088.251, 209013.112, 205745.776, 202286.244, 198634.516, 194790.592, 190754.472, 186526.155, 182105.642, 177492.933, 172688.028, 167690.926, 162501.629, 157120.135, 151546.445, 145780.559, 139822.476, 133672.197, 127329.722, 120795.051, 114068.184, 107149.120, 100037.861, 92734.405, 85238.752, 77550.904, 69670.860, 61598.623, 53334.219, 44877.822, 36230.362, 27395.722, 18386.586, 9234.728,    0.000,
   0.000, 18386.586, 36608.166, 54545.572, 72135.545, 89352.836, 106189.713, 122644.329, 138716.336, 154405.682, 169712.362, 184636.376, 199177.722, 213336.401, 227112.413, 240505.759, 253516.437, 266144.448, 278389.792, 290252.469, 301732.480, 312829.823, 323544.499, 333876.508, 343825.850, 353392.525, 362576.534, 371377.875, 379796.549, 387832.556, 395485.896, 402756.569, 409644.575, 416149.915, 422272.587, 428012.592, 433369.930, 438344.601, 442936.605, 447145.942, 450972.612, 454416.615, 457477.951, 460156.620, 462452.622, 464365.957, 465896.625, 467044.626, 467809.960, 468192.627, 468192.627, 467809.960, 467044.626, 465896.625, 464365.957, 462452.622, 460156.620, 457477.951, 454416.615, 450972.612, 447145.942, 442936.605, 438344.601, 433369.930, 428012.592, 422272.587, 416149.915, 409644.575, 402756.569, 395485.896, 387832.556, 379796.549, 371377.875, 362576.534, 353392.525, 343825.850, 333876.508, 323544.499, 312829.823, 301732.480, 290252.469, 278389.792, 266144.448, 253516.437, 240505.759, 227112.413, 213336.401, 199177.722, 184636.376, 169712.362, 154405.682, 138716.336, 122644.329, 106189.713, 89352.836, 72135.545, 54545.572, 36608.166, 18386.586,    0.000,
   0.000, 27395.722, 54545.572, 81271.989, 107480.725, 133134.167, 158220.796, 182737.863, 206684.850, 230061.681, 252868.346, 275104.844, 296771.175, 317867.340, 338393.339, 358349.170, 377734.835, 396550.334, 414795.666, 432470.831, 449575.830, 466110.662, 482075.327, 497469.826, 512294.158, 526548.324, 540232.322, 553346.155, 565889.820, 577863.319, 589266.652, 600099.818, 610362.817, 620055.649, 629178.315, 637730.815, 645713.147, 653125.313, 659967.313, 666239.146, 671940.812, 677072.311, 681633.644, 685624.811, 689045.810, 691896.644, 694177.310, 695887.810, 697028.143, 697598.310, 697598.310, 697028.143, 695887.810, 694177.310, 691896.644, 689045.810, 685624.811, 681633.644, 677072.311, 671940.812, 666239.146, 659967.313, 653125.313, 645713.147, 637730.815, 629178.315, 620055.649, 610362.817, 600099.818, 589266.652, 577863.319, 565889.820, 553346.155, 540232.322, 526548.324, 512294.158, 497469.826, 482075.327, 466110.662, 449575.830, 432470.831, 414795.666, 396550.334, 377734.835, 358349.170, 338393.339, 317867.340, 296771.175, 275104.844, 252868.346, 230061.681, 206684.850, 182737.863, 158220.796, 133134.167, 107480.725, 81271.989, 54545.572, 27395.722,    0.000,
   0.000, 36230.362, 72135.545, 107480.725, 142141.268, 176067.440, 209244.011, 241667.347, 273336.763, 304252.158, 334413.521, 363820.849, 392474.143, 420373.404, 447518.630, 473909.822, 499546.981, 524430.105, 548559.195, 571934.251, 594555.273, 616422.261, 637535.214, 657894.134, 677499.020, 696349.871, 714446.689, 731789.472, 748378.222, 764212.937, 779293.618, 793620.266, 807192.879, 820011.458, 832076.003, 843386.514, 853942.991, 863745.434, 872793.842, 881088.217, 888628.558, 895414.864, 901447.137, 906725.375, 911249.580, 915019.750, 918035.886, 920297.988, 921806.057, 922560.091, 922560.091, 921806.057, 920297.988, 918035.886, 915019.750, 911249.580, 906725.375, 901447.137, 895414.864, 888628.558, 881088.217, 872793.842, 863745.434, 853942.991, 843386.514, 832076.003, 820011.458, 807192.879, 793620.266, 779293.618, 764212.937, 748378.222, 731789.472, 714446.689, 696349.871, 677499.020, 657894.134, 637535.214, 616422.261, 594555.273, 571934.251, 548559.195, 524430.105, 499546.981, 473909.822, 447518.630, 420373.404, 392474.143, 363820.849, 334413.521, 304252.158, 273336.763, 241667.347, 209244.011, 176067.440, 142141.268, 107480.725, 72135.545, 36230.362,    0.000,
   0.000, 44877.822, 89352.836, 133134.167, 176067.440, 218091.057, 259186.159, 299348.242, 338576.463, 376870.694, 414230.921, 450657.143, 486149.359, 520707.569, 554331.773, 587021.972, 618778.165, 649600.352, 679488.534, 708442.710, 736462.880, 763549.045, 789701.204, 814919.357, 839203.505, 862553.647, 884969.783, 906451.914, 927000.039, 946614.158, 965294.272, 983040.380, 999852.482, 1015730.578, 1030674.669, 1044684.754, 1057760.834, 1069902.908, 1081110.976, 1091385.038, 1100725.095, 1109131.146, 1116603.192, 1123141.231, 1128745.266, 1133415.294, 1137151.317, 1139953.334, 1141821.345, 1142755.351, 1142755.351, 1141821.345, 1139953.334, 1137151.317, 1133415.294, 1128745.266, 1123141.231, 1116603.192, 1109131.146, 1100725.095, 1091385.038, 1081110.976, 1069902.908, 1057760.834, 1044684.754, 1030674.669, 1015730.578, 999852.482, 983040.380, 965294.272, 946614.158, 927000.039, 906451.914, 884969.783, 862553.647, 839203.505, 814919.357, 789701.204, 763549.045, 736462.880, 708442.710, 679488.534, 649600.352, 618778.165, 587021.972, 554331.773, 520707.569, 486149.359, 450657.143, 414230.921, 376870.694, 338576.463, 299348.242, 259186.159, 218091.057, 176067.440, 133134.167, 89352.836, 44877.822,    0.000,
   0.000, 53334.219, 106189.713, 158220.796, 209244.011, 259186.159, 308024.828, 355754.670, 402374.681, 447884.711, 492284.741, 535574.771, 577754.801, 618824.829, 658784.857, 697634.884, 735374.910, 772004.935, 807524.960, 841934.984, 875235.007, 907425.029, 938505.050, 968475.071, 997335.091, 1025085.110, 1051725.129, 1077255.147, 1101675.163, 1124985.180, 1147185.195, 1168275.210, 1188255.223, 1207125.236, 1224885.249, 1241535.260, 1257075.271, 1271505.281, 1284825.290, 1297035.299, 1308135.306, 1318125.313, 1327005.320, 1334775.325, 1341435.330, 1346985.333, 1351425.336, 1354755.339, 1356975.340, 1358085.341, 1358085.341, 1356975.340, 1354755.339, 1351425.336, 1346985.333, 1341435.330, 1334775.325, 1327005.320, 1318125.313, 1308135.306, 1297035.299, 1284825.290, 1271505.281, 1257075.271, 1241535.260, 1224885.249, 1207125.236, 1188255.223, 1168275.210, 1147185.195, 1124985.180, 1101675.163, 1077255.147, 1051725.129, 1025085.110, 997335.091, 968475.071, 938505.050, 907425.029, 875235.007, 841934.984, 807524.960, 772004.935, 735374.910, 697634.884, 658784.857, 618824.829, 577754.801, 535574.771, 492284.741, 447884.711, 402374.681, 355754.670, 308024.828, 259186.159, 209244.011, 158220.796, 106189.713, 53334.219,    0.000,
   0.000, 61598.623, 122644.329, 182737.863, 241667.347, 299348.242, 355754.670, 410880.454, 464724.433, 517286.434, 568566.437, 618564.441, 667280.444, 714714.447, 760866.450, 805736.453, 849324.456, 891630.458, 932654.461, 972396.464, 1010856.466, 1048034.469, 1083930.471, 1118544.473, 1151876.476, 1183926.478, 1214694.480, 1244180.482, 1272384.483, 1299306.485, 1324946.487, 1349304.488, 1372380.490, 1394174.491, 1414686.493, 1433916.494, 1451864.495, 1468530.496, 1483914.497, 1498016.498, 1510836.499, 1522374.500, 1532630.500, 1541604.501, 1549296.502, 1555706.502, 1560834.502, 1564680.503, 1567244.503, 1568526.503, 1568526.503, 1567244.503, 1564680.503, 1560834.502, 1555706.502, 1549296.502, 1541604.501, 1532630.500, 1522374.500, 1510836.499, 1498016.498, 1483914.497, 1468530.496, 1451864.495, 1433916.494, 1414686.493, 1394174.491, 1372380.490, 1349304.488, 1324946.487, 1299306.485, 1272384.483, 1244180.482, 1214694.480, 1183926.478, 1151876.476, 1118544.473, 1083930.471, 1048034.469, 1010856.466, 972396.464, 932654.461, 891630.458, 849324.456, 805736.453, 760866.450, 714714.447, 667280.444, 618564.441, 568566.437, 517286.434, 464724.433, 410880.454, 355754.670, 299348.242, 241667.347, 182737.863, 122644.329, 61598.623,    0.000,
   0.000, 69670.860, 138716.336, 206684.850, 273336.763, 338576.463, 402374.681, 464724.433, 525624.405, 585074.403, 643074.403, 699624.404, 754724.404, 808374.404, 860574.404, 911324.405, 960624.405, 1008474.405, 1054874.405, 1099824.406, 1143324.406, 1185374.406, 1225974.406, 1265124.406, 1302824.407, 1339074.407, 1373874.407, 1407224.407, 1439124.407, 1469574.407, 1498574.408, 1526124.408, 1552224.408, 1576874.408, 1600074.408, 1621824.408, 1642124.408, 1660974.408, 1678374.408, 1694324.409, 1708824.409, 1721874.409, 1733474.409, 1743624.409, 1752324.409, 1759574.409, 1765374.409, 1769724.409, 1772624.409, 1774074.409, 1774074.409, 1772624.409, 1769724.409, 1765374.409, 1759574.409, 1752324.409, 1743624.409, 1733474.409, 1721874.409, 1708824.409, 1694324.409, 1678374.408, 1660974.408, 1642124.408, 1621824.408, 1600074.408, 1576874.408, 1552224.408, 1526124.408, 1498574.408, 1469574.407, 1439124.407, 1407224.407, 1373874.407, 1339074.407, 1302824.407, 1265124.406, 1225974.406, 1185374.406, 1143324.406, 1099824.406, 1054874.405, 1008474.405, 960624.405, 911324.405, 860574.404, 808374.404, 754724.404, 699624.404, 643074.403, 585074.403, 525624.405, 464724.433, 402374.681, 338576.463, 273336.763, 206684.850, 138716.336, 69670.860,    0.000,
   0.000, 77550.904, 154405.682, 230061.681, 304252.158, 376870.694, 447884.711, 517286.434, 585074.403, 651248.400, 715808.400, 778754.400, 840086.400, 899804.400, 957908.400, 1014398.400, 1069274.400, 1122536.400, 1174184.400, 1224218.400, 1272638.400, 1319444.400, 1364636.400, 1408214.400, 1450178.400, 1490528.400, 1529264.400, 1566386.400, 1601894.401, 1635788.401, 1668068.401, 1698734.401, 1727786.401, 1755224.401, 1781048.401, 1805258.401, 1827854.401, 1848836.401, 1868204.401, 1885958.401, 1902098.401, 1916624.401, 1929536.401, 1940834.401, 1950518.401, 1958588.401, 1965044.401, 1969886.401, 1973114.401, 1974728.401, 1974728.401, 1973114.401, 1969886.401, 1965044.401, 1958588.401, 1950518.401, 1940834.401, 1929536.401, 1916624.401, 1902098.401, 1885958.401, 1868204.401, 1848836.401, 1827854.401, 1805258.401, 1781048.401, 1755224.401, 1727786.401, 1698734.401, 1668068.401, 1635788.401, 1601894.401, 1566386.400, 1529264.400, 1490528.400, 1450178.400, 1408214.400, 1364636.400, 1319444.400, 1272638.400, 1224218.400, 1174184.400, 1122536.400, 1069274.400, 1014398.400, 957908.400, 899804.400, 840086.400, 778754.400, 715808.400, 651248.400, 585074.403, 517286.434, 447884.711, 376870.694, 304252.158, 230061.681, 154405.682, 77550.904,    0.000,
   0.000, 85238.752, 169712.362, 252868.346, 334413.521, 414230.921, 492284.741, 568566.437, 643074.403, 715808.400, 786768.400, 855954.400, 923366.400, 989004.400, 1052868.400, 1114958.400, 1175274.400, 1233816.400, 1290584.400, 1345578.400, 1398798.400, 1450244.400, 1499916.400, 1547814.400, 1593938.400, 1638288.400, 1680864.400, 1721666.400, 1760694.400, 1797948.400, 1833428.400, 1867134.400, 1899066.400, 1929224.400, 1957608.400, 1984218.400, 2009054.400, 2032116.400, 2053404.400, 2072918.400, 2090658.400, 2106624.400, 2120816.400, 2133234.400, 2143878.400, 2152748.400, 2159844.400, 2165166.400, 2168714.400, 2170488.400, 2170488.400, 2168714.400, 2165166.400, 2159844.400, 2152748.400, 2143878.400, 2133234.400, 2120816.400, 2106624.400, 2090658.400, 2072918.400, 2053404.400, 2032116.400, 2009054.400, 1984218.400, 1957608.400, 1929224.400, 1899066.400, 1867134.400, 1833428.400, 1797948.400, 1760694.400, 1721666.400, 1680864.400, 1638288.400, 1593938.400, 1547814.400, 1499916.400, 1450244.400, 1398798.400, 1345578.400, 1290584.400, 1233816.400, 1175274.400, 1114958.400, 1052868.400, 989004.400, 923366.400, 855954.400, 786768.400, 715808.400, 643074.403, 568566.437, 492284.741, 414230.921, 334413.521, 252868.346, 169712.362, 85238.752,    0.000,
   0.000, 92734.405, 184636.376, 275104.844, 363820.849, 450657.143, 535574.771, 618564.441, 699624.404, 778754.400, 855954.400, 931224.400, 1004564.400, 1075974.400, 1145454.400, 1213004.400, 1278624.400, 1342314.400, 1404074.400, 1463904.400, 1521804.400, 1577774.400, 1631814.400, 1683924.400, 1734104.400, 1782354.400, 1828674.400, 1873064.400, 1915524.400, 1956054.400, 1994654.400, 2031324.400, 2066064.400, 2098874.400, 2129754.400, 2158704.400, 2185724.400, 2210814.400, 2233974.400, 2255204.400, 2274504.400, 2291874.400, 2307314.400, 2320824.400, 2332404.400, 2342054.400, 2349774.400, 2355564.400, 2359424.400, 2361354.400, 2361354.400, 2359424.400, 2355564.400, 2349774.400, 2342054.400, 2332404.400, 2320824.400, 2307314.400, 2291874.400, 2274504.400, 2255204.400, 2233974.400, 2210814.400, 2185724.400, 2158704.400, 2129754.400, 2098874.400, 2066064.400, 2031324.400, 1994654.400, 1956054.400, 1915524.400, 1873064.400, 1828674.400, 1782354.400, 1734104.400, 1683924.400, 1631814.400, 1577774.400, 1521804.400, 1463904.400, 1404074.400, 1342314.400, 1278624.400, 1213004.400, 1145454.400, 1075974.400, 1004564.400, 931224.400, 855954.400, 778754.400, 699624.404, 618564.441, 535574.771, 450657.143, 363820.849, 275104.844, 184636.376, 92734.405,    0.000,
   0.000, 100037.861, 199177.722, 296771.175, 392474.143, 486149.359, 577754.801, 667280.444, 754724.404, 840086.400, 923366.400, 1004564.400, 1083680.400, 1160714.400, 1235666.400, 1308536.400, 1379324.400, 1448030.400, 1514654.400, 1579196.400, 1641656.400, 1702034.400, 1760330.400, 1816544.400, 1870676.400, 1922726.400, 1972694.400, 2020580.400, 2066384.400, 2110106.400, 2151746.400, 2191304.400, 2228780.400, 2264174.400, 2297486.400, 2328716.400, 2357864.400, 2384930.400, 2409914.400, 2432816.400, 2453636.400, 2472374.400, 2489030.400, 2503604.400, 2516096.400, 2526506.400, 2534834.400, 2541080.400, 2545244.400, 2547326.400, 2547326.400, 2545244.400, 2541080.400, 2534834.400, 2526506.400, 2516096.400, 2503604.400, 2489030.400, 2472374.400, 2453636.400, 2432816.400, 2409914.400, 2384930.400, 2357864.400, 2328716.400, 2297486.400, 2264174.400, 2228780.400, 2191304.400, 2151746.400, 2110106.400, 2066384.400, 2020580.400, 1972694.400, 1922726.400, 1870676.400, 1816544.400, 1760330.400, 1702034.400, 1641656.400, 1579196.400, 1514654.400, 1448030.400, 1379324.400, 1308536.400, 1235666.400, 1160714.400, 1083680.400, 1004564.400, 923366.400, 840086.400, 754724.404, 667280.444, 577754.801, 486149.359, 392474.143, 296771.175, 199177.722, 100037.861,    0.000,
   0.000, 107149.120, 213336.401, 317867.340, 420373.404, 520707.569, 618824.829, 714714.447, 808374.404, 899804.400, 989004.400, 1075974.400, 1160714.400, 1243224.400, 1323504.400, 1401554.400, 1477374.400, 1550964.400, 1622324.400, 1691454.400, 1758354.400, 1823024.400, 1885464.400, 1945674.400, 2003654.400, 2059404.400, 2112924.400, 2164214.400, 2213274.400, 2260104.400, 2304704.400, 2347074.400, 2387214.400, 2425124.400, 2460804.400, 2494254.400, 2525474.400, 2554464.400, 2581224.400, 2605754.400, 2628054.400, 2648124.400, 2665964.400, 2681574.400, 2694954.400, 2706104.400, 2715024.400, 2721714.400, 2726174.400, 2728404.400, 2728404.400, 2726174.400, 2721714.400, 2715024.400, 2706104.400, 2694954.400, 2681574.400, 2665964.400, 2648124.400, 2628054.400, 2605754.400, 2581224.400, 2554464.400, 2525474.400, 2494254.400, 2460804.400, 2425124.400, 2387214.400, 2347074.400, 2304704.400, 2260104.400, 2213274.400, 2164214.400, 2112924.400, 2059404.400, 2003654.400, 1945674.400, 1885464.400, 1823024.400, 1758354.400, 1691454.400, 1622324.400, 1550964.400, 1477374.400, 1401554.400, 1323504.400, 1243224.400, 1160714.400, 1075974.400, 989004.400, 899804.400, 808374.404, 714714.447, 618824.829, 520707.569, 420373.404, 317867.340, 213336.401, 107149.120,    0.000,
   0.000, 114068.184, 227112.413, 338393.339, 447518.630, 554331.773, 658784.857, 760866.450, 860574.404, 957908.400, 1052868.400, 1145454.400, 1235666.400, 1323504.400, 1408968.400, 1492058.400, 1572774.400, 1651116.400, 1727084.400, 1800678.400, 1871898.400, 1940744.400, 2007216.400, 2071314.400, 2133038.400, 2192388.400, 2249364.400, 2303966.400, 2356194.400, 2406048.400, 2453528.400, 2498634.400, 2541366.400, 2581724.400, 2619708.400, 2655318.400, 2688554.400, 2719416.400, 2747904.400, 2774018.400, 2797758.400, 2819124.400, 2838116.400, 2854734.400, 2868978.400, 2880848.400, 2890344.400, 2897466.400, 2902214.400, 2904588.400, 2904588.400, 2902214.400, 2897466.400, 2890344.400, 2880848.400, 2868978.400, 2854734.400, 2838116.400, 2819124.400, 2797758.400, 2774018.400, 2747904.400, 2719416.400, 2688554.400, 2655318.400, 2619708.400, 2581724.400, 2541366.400, 2498634.400, 2453528.400, 2406048.400, 2356194.400, 2303966.400, 2249364.400, 2192388.400, 2133038.400, 2071314.400, 2007216.400, 1940744.400, 1871898.400, 1800678.400, 1727084.400, 1651116.400, 1572774.400, 1492058.400, 1408968.400, 1323504.400, 1235666.400, 1145454.400, 1052868.400, 957908.400, 860574.404, 760866.450, 658784.857, 554331.773, 447518.630, 338393.339, 227112.413, 114068.184,    0.000,
   0.000, 120795.051, 240505.759, 358349.170, 473909.822, 587021.972, 697634.884, 805736.453, 911324.405, 1014398.400, 1114958.400, 1213004.400, 1308536.400, 1401554.400, 1492058.400, 1580048.400, 1665524.400, 1748486.400, 1828934.400, 1906868.400, 1982288.400, 2055194.400, 2125586.400, 2193464.400, 2258828.400, 2321678.400, 2382014.400, 2439836.400, 2495144.400, 2547938.400, 2598218.400, 2645984.400, 2691236.400, 2733974.400, 2774198.400, 2811908.400, 2847104.400, 2879786.400, 2909954.400, 2937608.400, 2962748.400, 2985374.400, 3005486.400, 3023084.400, 3038168.400, 3050738.400, 3060794.400, 3068336.400, 3073364.400, 3075878.400, 3075878.400, 3073364.400, 3068336.400, 3060794.400, 3050738.400, 3038168.400, 3023084.400, 3005486.400, 2985374.400, 2962748.400, 2937608.400, 2909954.400, 2879786.400, 2847104.400, 2811908.400, 2774198.400, 2733974.400, 2691236.400, 2645984.400, 2598218.400, 2547938.400, 2495144.400, 2439836.400, 2382014.400, 2321678.400, 2258828.400, 2193464.400, 2125586.400, 2055194.400, 1982288.400, 1906868.400, 1828934.400, 1748486.400, 1665524.400, 1580048.400, 1492058.400, 1401554.400, 1308536.400, 1213004.400, 1114958.400, 1014398.400, 911324.405, 805736.453, 697634.884, 587021.972, 473909.822, 358349.170, 240505.759, 120795.051,    0.000,
   0.000, 127329.722, 253516.437, 377734.835, 499546.981, 618778.165, 735374.910, 849324.456, 960624.405, 1069274.400, 1175274.400, 1278624.400, 1379324.400, 1477374.400, 1572774.400, 1665524.400, 1755624.400, 1843074.400, 1927874.400, 2010024.400, 2089524.400, 2166374.400, 2240574.400, 2312124.400, 2381024.400, 2447274.400, 2510874.400, 2571824.400, 2630124.400, 2685774.400, 2738774.400, 2789124.400, 2836824.400, 2881874.400, 2924274.400, 2964024.400, 3001124.400, 3035574.400, 3067374.400, 3096524.400, 3123024.400, 3146874.400, 3168074.400, 3186624.400, 3202524.400, 3215774.400, 3226374.400, 3234324.400, 3239624.400, 3242274.400, 3242274.400, 3239624.400, 3234324.400, 3226374.400, 3215774.400, 3202524.400, 3186624.400, 3168074.400, 3146874.400, 3123024.400, 3096524.400, 3067374.400, 3035574.400, 3001124.400, 2964024.400, 2924274.400, 2881874.400, 2836824.400, 2789124.400, 2738774.400, 2685774.400, 2630124.400, 2571824.400, 2510874.400, 2447274.400, 2381024.400, 2312124.400, 2240574.400, 2166374.400, 2089524.400, 2010024.400, 1927874.400, 1843074.400, 1755624.400, 1665524.400, 1572774.400, 1477374.400, 1379324.400, 1278624.400, 1175274.400, 1069274.400, 960624.405, 849324.456, 735374.910, 618778.165, 499546.981, 377734.835, 253516.437, 127329.722,    0.000,
   0.000, 133672.197, 266144.448, 396550.334, 524430.105, 649600.352, 772004.935, 891630.458, 1008474.405, 1122536.400, 1233816.400, 1342314.400, 1448030.400, 1550964.400, 1651116.400, 1748486.400, 1843074.400, 1934880.400, 2023904.400, 2110146.400, 2193606.400, 2274284.400, 2352180.400, 2427294.400, 2499626.400, 2569176.400, 2635944.400, 2699930.400, 2761134.400, 2819556.400, 2875196.400, 2928054.400, 2978130.400, 3025424.400, 3069936.400, 3111666.400, 3150614.400, 3186780.400, 3220164.400, 3250766.400, 3278586.400, 3303624.400, 3325880.400, 3345354.400, 3362046.400, 3375956.400, 3387084.400, 3395430.400, 3400994.400, 3403776.400, 3403776.400, 3400994.400, 3395430.400, 3387084.400, 3375956.400, 3362046.400, 3345354.400, 3325880.400, 3303624.400, 3278586.400, 3250766.400, 3220164.400, 3186780.400, 3150614.400, 3111666.400, 3069936.400, 3025424.400, 2978130.400, 2928054.400, 2875196.400, 2819556.400, 2761134.400, 2699930.400, 2635944.400, 2569176.400, 2499626.400, 2427294.400, 2352180.400, 2274284.400, 2193606.400, 2110146.400, 2023904.400, 1934880.400, 1843074.400, 1748486.400, 1651116.400, 1550964.400, 1448030.400, 1342314.400, 1233816.400, 1122536.400, 1008474.405, 891630.458, 772004.935, 649600.352, 524430.105, 396550.334, 266144.448, 133672.197,    0.000,
   0.000, 139822.476, 278389.792, 414795.666, 548559.195, 679488.534, 807524.960, 932654.461, 1054874.405, 1174184.400, 1290584.400, 1404074.400, 1514654.400, 1622324.400, 1727084.400, 1828934.400, 1927874.400, 2023904.400, 2117024.400, 2207234.400, 2294534.400, 2378924.400, 2460404.400, 2538974.400, 2614634.400, 2687384.400, 2757224.400, 2824154.400, 2888174.400, 2949284.400, 3007484.400, 3062774.400, 3115154.400, 3164624.400, 3211184.400, 3254834.400, 3295574.400, 3333404.400, 3368324.400, 3400334.400, 3429434.400, 3455624.400, 3478904.400, 3499274.400, 3516734.400, 3531284.400, 3542924.400, 3551654.400, 3557474.400, 3560384.400, 3560384.400, 3557474.400, 3551654.400, 3542924.400, 3531284.400, 3516734.400, 3499274.400, 3478904.400, 3455624.400, 3429434.400, 3400334.400, 3368324.400, 3333404.400, 3295574.400, 3254834.400, 3211184.400, 3164624.400, 3115154.400, 3062774.400, 3007484.400, 2949284.400, 2888174.400, 2824154.400, 2757224.400, 2687384.400, 2614634.400, 2538974.400, 2460404.400, 2378924.400, 2294534.400, 2207234.400, 2117024.400, 2023904.400, 1927874.400, 1828934.400, 1727084.400, 1622324.400, 1514654.400, 1404074.400, 1290584.400, 1174184.400, 1054874.405, 932654.461, 807524.960, 679488.534, 548559.195, 414795.666, 278389.792, 139822.476,    0.000,
   0.000, 145780.559, 290252.469, 432470.831, 571934.251, 708442.710, 841934.984, 972396.464, 1099824.406, 1224218.400, 1345578.400, 1463904.400, 1579196.400, 1691454.400, 1800678.400, 1906868.400, 2010024.400, 2110146.400, 2207234.400, 2301288.400, 2392308.400, 2480294.400, 2565246.400, 2647164.400, 2726048.400, 2801898.400, 2874714.400, 2944496.400, 3011244.400, 3074958.400, 3135638.400, 3193284.400, 3247896.400, 3299474.400, 3348018.400, 3393528.400, 3436004.400, 3475446.400, 3511854.400, 3545228.400, 3575568.400, 3602874.400, 3627146.400, 3648384.400, 3666588.400, 3681758.400, 3693894.400, 3702996.400, 3709064.400, 3712098.400, 3712098.400, 3709064.400, 3702996.400, 3693894.400, 3681758.400, 3666588.400, 3648384.400, 3627146.400, 3602874.400, 3575568.400, 3545228.400, 3511854.400, 3475446.400, 3436004.400, 3393528.400, 3348018.400, 3299474.400, 3247896.400, 3193284.400, 3135638.400, 3074958.400, 3011244.400, 2944496.400, 2874714.400, 2801898.400, 2726048.400, 2647164.400, 2565246.400, 2480294.400, 2392308.400, 2301288.400, 2207234.400, 2110146.400, 2010024.400, 1906868.400, 1800678.400, 1691454.400, 1579196.400, 1463904.400, 1345578.400, 1224218.400, 1099824.406, 972396.464, 841934.984, 708442.710, 571934.251, 432470.831, 290252.469, 145780.559,    0.000,
   0.000, 151546.445, 301732.480, 449575.830, 594555.273, 736462.880, 875235.007, 1010856.466, 1143324.406, 1272638.400, 1398798.400, 1521804.400, 1641656.400, 1758354.400, 1871898.400, 1982288.400, 2089524.400, 2193606.400, 2294534.400, 2392308.400, 2486928.400, 2578394.400, 2666706.400, 2751864.400, 2833868.400, 2912718.400, 2988414.400, 3060956.400, 3130344.400, 3196578.400, 3259658.400, 3319584.400, 3376356.400, 3429974.400, 3480438.400, 3527748.400, 3571904.400, 3612906.400, 3650754.400, 3685448.400, 3716988.400, 3745374.400, 3770606.400, 3792684.400, 3811608.400, 3827378.400, 3839994.400, 3849456.400, 3855764.400, 3858918.400, 3858918.400, 3855764.400, 3849456.400, 3839994.400, 3827378.400, 3811608.400, 3792684.400, 3770606.400, 3745374.400, 3716988.400, 3685448.400, 3650754.400, 3612906.400, 3571904.400, 3527748.400, 3480438.400, 3429974.400, 3376356.400, 3319584.400, 3259658.400, 3196578.400, 3130344.400, 3060956.400, 2988414.400, 2912718.400, 2833868.400, 2751864.400, 2666706.400, 2578394.400, 2486928.400, 2392308.400, 2294534.400, 2193606.400, 2089524.400, 1982288.400, 1871898.400, 1758354.400, 1641656.400, 1521804.400, 1398798.400, 1272638.400, 1143324.406, 1010856.466, 875235.007, 736462.880, 594555.273, 449575.830, 301732.480, 151546.445,    0.000,
   0.000, 157120.135, 312829.823, 466110.662, 616422.261, 763549.045, 907425.029, 1048034.469, 1185374.406, 1319444.400, 1450244.400, 1577774.400, 1702034.400, 1823024.400, 1940744.400, 2055194.400, 2166374.400, 2274284.400, 2378924.400, 2480294.400, 2578394.400, 2673224.400, 2764784.400, 2853074.400, 2938094.400, 3019844.400, 3098324.400, 3173534.400, 3245474.400, 3314144.400, 3379544.400, 3441674.400, 3500534.400, 3556124.400, 3608444.400, 3657494.400, 3703274.400, 3745784.400, 3785024.400, 3820994.400, 3853694.400, 3883124.400, 3909284.400, 3932174.400, 3951794.400, 3968144.400, 3981224.400, 3991034.400, 3997574.400, 4000844.400, 4000844.400, 3997574.400, 3991034.400, 3981224.400, 3968144.400, 3951794.400, 3932174.400, 3909284.400, 3883124.400, 3853694.400, 3820994.400, 3785024.400, 3745784.400, 3703274.400, 3657494.400, 3608444.400, 3556124.400, 3500534.400, 3441674.400, 3379544.400, 3314144.400, 3245474.400, 3173534.400, 3098324.400, 3019844.400, 2938094.400, 2853074.400, 2764784.400, 2673224.400, 2578394.400, 2480294.400, 2378924.400, 2274284.400, 2166374.400, 2055194.400, 1940744.400, 1823024.400, 1702034.400, 1577774.400, 1450244.400, 1319444.400, 1185374.406, 1048034.469, 907425.029, 763549.045, 616422.261, 466110.662, 312829.823, 157120.135,    0.000,
   0.000, 162501.629, 323544.499, 482075.327, 637535.214, 789701.204, 938505.050, 1083930.471, 1225974.406, 1364636.400, 1499916.400, 1631814.400, 1760330.400, 1885464.400, 2007216.400, 2125586.400, 2240574.400, 2352180.400, 2460404.400, 2565246.400, 2666706.400, 2764784.400, 2859480.400, 2950794.400, 3038726.400, 3123276.400, 3204444.400, 3282230.400, 3356634.400, 3427656.400, 3495296.400, 3559554.400, 3620430.400, 3677924.400, 3732036.400, 3782766.400, 3830114.400, 3874080.400, 3914664.400, 3951866.400, 3985686.400, 4016124.400, 4043180.400, 4066854.400, 4087146.400, 4104056.400, 4117584.400, 4127730.400, 4134494.400, 4137876.400, 4137876.400, 4134494.400, 4127730.400, 4117584.400, 4104056.400, 4087146.400, 4066854.400, 4043180.400, 4016124.400, 3985686.400, 3951866.400, 3914664.400, 3874080.400, 3830114.400, 3782766.400, 3732036.400, 3677924.400, 3620430.400, 3559554.400, 3495296.400, 3427656.400, 3356634.400, 3282230.400, 3204444.400, 3123276.400, 3038726.400, 2950794.400, 2859480.400, 2764784.400, 2666706.400, 2565246.400, 2460404.400, 2352180.400, 2240574.400, 2125586.400, 2007216.400, 1885464.400, 1760330.400, 1631814.400, 1499916.400, 1364636.400, 1225974.406, 1083930.471, 938505.050, 789701.204, 637535.214, 482075.327, 323544.499, 162501.629,    0.000,
   0.000, 167690.926, 333876.508, 497469.826, 657894.134, 814919.357, 968475.071, 1118544.473, 1265124.406, 1408214.400, 1547814.400, 1683924.400, 1816544.400, 1945674.400, 2071314.400, 2193464.400, 2312124.400, 2427294.400, 2538974.400, 2647164.400, 2751864.400, 2853074.400, 2950794.400, 3045024.400, 3135764.400, 3223014.400, 3306774.400, 3387044.400, 3463824.400, 3537114.400, 3606914.400, 3673224.400, 3736044.400, 3795374.400, 3851214.400, 3903564.400, 3952424.400, 3997794.400, 4039674.400, 4078064.400, 4112964.400, 4144374.400, 4172294.400, 4196724.400, 4217664.400, 4235114.400, 4249074.400, 4259544.400, 4266524.400, 4270014.400, 4270014.400, 4266524.400, 4259544.400, 4249074.400, 4235114.400, 4217664.400, 4196724.400, 4172294.400, 4144374.400, 4112964.400, 4078064.400, 4039674.400, 3997794.400, 3952424.400, 3903564.400, 3851214.400, 3795374.400, 3736044.400, 3673224.400, 3606914.400, 3537114.400, 3463824.400, 3387044.400, 3306774.400, 3223014.400, 3135764.400, 3045024.400, 2950794.400, 2853074.400, 2751864.400, 2647164.400, 2538974.400, 2427294.400, 2312124.400, 2193464.400, 2071314.400, 1945674.400, 1816544.400, 1683924.400, 1547814.400, 1408214.400, 1265124.406, 1118544.473, 968475.071, 814919.357, 657894.134, 497469.826, 333876.508, 167690.926,    0.000,
   0.000, 172688.028, 343825.850, 512294.158, 677499.020, 839203.505, 997335.091, 1151876.476, 1302824.407, 1450178.400, 1593938.400, 1734104.400, 1870676.400, 2003654.400, 2133038.400, 2258828.400, 2381024.400, 2499626.400, 2614634.400, 2726048.400, 2833868.400, 2938094.400, 3038726.400, 3135764.400, 3229208.400, 3319058.400, 3405314.400, 3487976.400, 3567044.400, 3642518.400, 3714398.400, 3782684.400, 3847376.400, 3908474.400, 3965978.400, 4019888.400, 4070204.400, 4116926.400, 4160054.400, 4199588.400, 4235528.400, 4267874.400, 4296626.400, 4321784.400, 4343348.400, 4361318.400, 4375694.400, 4386476.400, 4393664.400, 4397258.400, 4397258.400, 4393664.400, 4386476.400, 4375694.400, 4361318.400, 4343348.400, 4321784.400, 4296626.400, 4267874.400, 4235528.400, 4199588.400, 4160054.400, 4116926.400, 4070204.400, 4019888.400, 3965978.400, 3908474.400, 3847376.400, 3782684.400, 3714398.400, 3642518.400, 3567044.400, 3487976.400, 3405314.400, 3319058.400, 3229208.400, 3135764.400, 3038726.400, 2938094.400, 2833868.400, 2726048.400, 2614634.400, 2499626.400, 2381024.400, 2258828.400, 2133038.400, 2003654.400, 1870676.400, 1734104.400, 1593938.400, 1450178.400, 1302824.407, 1151876.476, 997335.091, 839203.505, 677499.020, 512294.158, 343825.850, 172688.028,    0.000,
   0.000, 177492.933, 353392.525, 526548.324, 696349.871, 862553.647, 1025085.110, 1183926.478, 1339074.407, 1490528.400, 1638288.400, 1782354.400, 1922726.400, 2059404.400, 2192388.400, 2321678.400, 2447274.400, 2569176.400, 2687384.400, 2801898.400, 2912718.400, 3019844.400, 3123276.400, 3223014.400, 3319058.400, 3411408.400, 3500064.400, 3585026.400, 3666294.400, 3743868.400, 3817748.400, 3887934.400, 3954426.400, 4017224.400, 4076328.400, 4131738.400, 4183454.400, 4231476.400, 4275804.400, 4316438.400, 4353378.400, 4386624.400, 4416176.400, 4442034.400, 4464198.400, 4482668.400, 4497444.400, 4508526.400, 4515914.400, 4519608.400, 4519608.400, 4515914.400, 4508526.400, 4497444.400, 4482668.400, 4464198.400, 4442034.400, 4416176.400, 4386624.400, 4353378.400, 4316438.400, 4275804.400, 4231476.400, 4183454.400, 4131738.400, 4076328.400, 4017224.400, 3954426.400, 3887934.400, 3817748.400, 3743868.400, 3666294.400, 3585026.400, 3500064.400, 3411408.400, 3319058.400, 3223014.400, 3123276.400, 3019844.400, 2912718.400, 2801898.400, 2687384.400, 2569176.400, 2447274.400, 2321678.400, 2192388.400, 2059404.400, 1922726.400, 1782354.400, 1638288.400, 1490528.400, 1339074.407, 1183926.478, 1025085.110, 862553.647, 696349.871, 526548.324, 353392.525, 177492.933,    0.000,
   0.000, 182105.642, 362576.534, 540232.322, 714446.689, 884969.783, 1051725.129, 1214694.480, 1373874.407, 1529264.400, 1680864.400, 1828674.400, 1972694.400, 2112924.400, 2249364.400, 2382014.400, 2510874.400, 2635944.400, 2757224.400, 2874714.400, 2988414.400, 3098324.400, 3204444.400, 3306774.400, 3405314.400, 3500064.400, 3591024.400, 3678194.400, 3761574.400, 3841164.400, 3916964.400, 3988974.400, 4057194.400, 4121624.400, 4182264.400, 4239114.400, 4292174.400, 4341444.400, 4386924.400, 4428614.400, 4466514.400, 4500624.400, 4530944.400, 4557474.400, 4580214.400, 4599164.400, 4614324.400, 4625694.400, 4633274.400, 4637064.400, 4637064.400, 4633274.400, 4625694.400, 4614324.400, 4599164.400, 4580214.400, 4557474.400, 4530944.400, 4500624.400, 4466514.400, 4428614.400, 4386924.400, 4341444.400, 4292174.400, 4239114.400, 4182264.400, 4121624.400, 4057194.400, 3988974.400, 3916964.400, 3841164.400, 3761574.400, 3678194.400, 3591024.400, 3500064.400, 3405314.400, 3306774.400, 3204444.400, 3098324.400, 2988414.400, 2874714.400, 2757224.400, 2635944.400, 2510874.400, 2382014.400, 2249364.400, 2112924.400, 1972694.400, 1828674.400, 1680864.400, 1529264.400, 1373874.407, 1214694.480, 1051725.129, 884969.783, 714446.689, 540232.322, 362576.534, 182105.642,    0.000,
   0.000, 186526.155, 371377.875, 553346.155, 731789.472, 906451.914, 1077255.147, 1244180.482, 1407224.407, 1566386.400, 1721666.400, 1873064.400, 2020580.400, 2164214.400, 2303966.400, 2439836.400, 2571824.400, 2699930.400, 2824154.400, 2944496.400, 3060956.400, 3173534.400, 3282230.400, 3387044.400, 3487976.400, 3585026.400, 3678194.400, 3767480.400, 3852884.400, 3934406.400, 4012046.400, 4085804.400, 4155680.400, 4221674.400, 4283786.400, 4342016.400, 4396364.400, 4446830.400, 4493414.400, 4536116.400, 4574936.400, 4609874.400, 4640930.400, 4668104.400, 4691396.400, 4710806.400, 4726334.400, 4737980.400, 4745744.400, 4749626.400, 4749626.400, 4745744.400, 4737980.400, 4726334.400, 4710806.400, 4691396.400, 4668104.400, 4640930.400, 4609874.400, 4574936.400, 4536116.400, 4493414.400, 4446830.400, 4396364.400, 4342016.400, 4283786.400, 4221674.400, 4155680.400, 4085804.400, 4012046.400, 3934406.400, 3852884.400, 3767480.400, 3678194.400, 3585026.400, 3487976.400, 3387044.400, 3282230.400, 3173534.400, 3060956.400, 2944496.400, 2824154.400, 2699930.400, 2571824.400, 2439836.400, 2303966.400, 2164214.400, 2020580.400, 1873064.400, 1721666.400, 1566386.400, 1407224.407, 1244180.482, 1077255.147, 906451.914, 731789.472, 553346.155, 371377.875, 186526.155,    0.000,
   0.000, 190754.472, 379796.549, 565889.820, 748378.222, 927000.039, 1101675.163, 1272384.483, 1439124.407, 1601894.401, 1760694.400, 1915524.400, 2066384.400, 2213274.400, 2356194.400, 2495144.400, 2630124.400, 2761134.400, 2888174.400, 3011244.400, 3130344.400, 3245474.400, 3356634.400, 3463824.400, 3567044.400, 3666294.400, 3761574.400, 3852884.400, 3940224.400, 4023594.400, 4102994.400, 4178424.400, 4249884.400, 4317374.400, 4380894.400, 4440444.400, 4496024.400, 4547634.400, 4595274.400, 4638944.400, 4678644.400, 4714374.400, 4746134.400, 4773924.400, 4797744.400, 4817594.400, 4833474.400, 4845384.400, 4853324.400, 4857294.400, 4857294.400, 4853324.400, 4845384.400, 4833474.400, 4817594.400, 4797744.400, 4773924.400, 4746134.400, 4714374.400, 4678644.400, 4638944.400, 4595274.400, 4547634.400, 4496024.400, 4440444.400, 4380894.400, 4317374.400, 4249884.400, 4178424.400, 4102994.400, 4023594.400, 3940224.400, 3852884.400, 3761574.400, 3666294.400, 3567044.400, 3463824.400, 3356634.400, 3245474.400, 3130344.400, 3011244.400, 2888174.400, 2761134.400, 2630124.400, 2495144.400, 2356194.400, 2213274.400, 2066384.400, 1915524.400, 1760694.400, 1601894.401, 1439124.407, 1272384.483, 1101675.163, 927000.039, 748378.222, 565889.820, 379796.549, 190754.472,    0.000,
   0.000, 194790.592, 387832.556, 577863.319, 764212.937, 946614.158, 1124985.180, 1299306.485, 1469574.407, 1635788.401, 1797948.400, 1956054.400, 2110106.400, 2260104.400, 2406048.400, 2547938.400, 2685774.400, 2819556.400, 2949284.400, 3074958.400, 3196578.400, 3314144.400, 3427656.400, 3537114.400, 3642518.400, 3743868.400, 3841164.400, 3934406.400, 4023594.400, 4108728.400, 4189808.400, 4266834.400, 4339806.400, 4408724.400, 4473588.400, 4534398.400, 4591154.400, 4643856.400, 4692504.400, 4737098.400, 4777638.400, 4814124.400, 4846556.400, 4874934.400, 4899258.400, 4919528.400, 4935744.400, 4947906.400, 4956014.400, 4960068.400, 4960068.400, 4956014.400, 4947906.400, 4935744.400, 4919528.400, 4899258.400, 4874934.400, 4846556.400, 4814124.400, 4777638.400, 4737098.400, 4692504.400, 4643856.400, 4591154.400, 4534398.400, 4473588.400, 4408724.400, 4339806.400, 4266834.400, 4189808.400, 4108728.400, 4023594.400, 3934406.400, 3841164.400, 3743868.400, 3642518.400, 3537114.400, 3427656.400, 3314144.400, 3196578.400, 3074958.400, 2949284.400, 2819556.400, 2685774.400, 2547938.400, 2406048.400, 2260104.400, 2110106.400, 1956054.400, 1797948.400, 1635788.401, 1469574.407, 1299306.485, 1124985.180, 946614.158, 764212.937, 577863.319, 387832.556, 194790.592,    0.000,
   0.000, 198634.516, 395485.896, 589266.652, 779293.618, 965294.272, 1147185.195, 1324946.487, 1498574.408, 1668068.401, 1833428.400, 1994654.400, 2151746.400, 2304704.400, 2453528.400, 2598218.400, 2738774.400, 2875196.400, 3007484.400, 3135638.400, 3259658.400, 3379544.400, 3495296.400, 3606914.400, 3714398.400, 3817748.400, 3916964.400, 4012046.400, 4102994.400, 4189808.400, 4272488.400, 4351034.400, 4425446.400, 4495724.400, 4561868.400, 4623878.400, 4681754.400, 4735496.400, 4785104.400, 4830578.400, 4871918.400, 4909124.400, 4942196.400, 4971134.400, 4995938.400, 5016608.400, 5033144.400, 5045546.400, 5053814.400, 5057948.400, 5057948.400, 5053814.400, 5045546.400, 5033144.400, 5016608.400, 4995938.400, 4971134.400, 4942196.400, 4909124.400, 4871918.400, 4830578.400, 4785104.400, 4735496.400, 4681754.400, 4623878.400, 4561868.400, 4495724.400, 4425446.400, 4351034.400, 4272488.400, 4189808.400, 4102994.400, 4012046.400, 3916964.400, 3817748.400, 3714398.400, 3606914.400, 3495296.400, 3379544.400, 3259658.400, 3135638.400, 3007484.400, 2875196.400, 2738774.400, 2598218.400, 2453528.400, 2304704.400, 2151746.400, 1994654.400, 1833428.400, 1668068.401, 1498574.408, 1324946.487, 1147185.195, 965294.272, 779293.618, 589266.652, 395485.896, 198634.516,    0.000,
