   0.000,    0.000,    0.000,    0.000,    0.000,    0.000,    0.000,    0.000,    0.000,    0.000,    0.000,    0.000,    0.000,    0.000,    0.000,    0.000,    0.000,    0.000,    0.000,    0.000,    0.000,    0.000,    0.000,    0.000,    0.000,    0.000,    0.000,    0.000,    0.000,    0.000,    0.000,    0.000,    0.000,    0.000,    0.000,    0.000,    0.000,    0.000,    0.000,    0.000,    0.000,    0.000,    0.000,    0.000,    0.000,    0.000,    0.000,    0.000,    0.000,    0.000,    0.000,    0.000,    0.000,    0.000,    0.000,    0.000,    0.000,    0.000,    0.000,    0.000,    0.000,    0.000,    0.000,    0.000,    0.000,    0.000,    0.000,    0.000,    0.000,    0.000,    0.000,    0.000,    0.000,    0.000,    0.000,    0.000,    0.000,    0.000,    0.000,    0.000,    0.000,    0.000,    0.000,    0.000,    0.000,    0.000,    0.000,    0.000,    0.000,    0.000,    0.000,    0.000,    0.000,    0.000,    0.000,    0.000,    0.000,    0.000,    0.000,    0.000,
   0.000, 9440.886, 18754.239, 27886.220, 36825.291, 45570.113, 54120.609, 62476.775, 70638.611, 78606.118, 86379.296, 93958.144, 101342.663, 108532.852, 115528.712, 122330.242, 128937.443, 135350.315, 141568.857, 147593.069, 153422.953, 159058.506, 164499.731, 169746.626, 174799.191, 179657.427, 184321.334, 188790.911, 193066.158, 197147.077, 201033.665, 204725.925, 208223.855, 211527.455, 214636.726, 217551.668, 220272.280, 222798.563, 225130.516, 227268.140, 229211.434, 230960.399, 232515.035, 233875.341, 235041.317, 236012.965, 236790.282, 237373.271, 237761.930, 237956.259, 237956.259, 237761.930, 237373.271, 236790.282, 236012.965, 235041.317, 233875.341, 232515.035, 230960.399, 229211.434, 227268.140, 225130.516, 222798.563, 220272.280, 217551.668, 214636.726, 211527.455, 208223.855, 204725.925, 201033.665, 197147.077, 193066.158, 188790.911, 184321.334, 179657.427, 174799.191, 169746.626, 164499.731, 159058.506, 153422.953, 147593.069, 141568.857, 135350.315, 128937.443, 122330.242, 115528.712, 108532.852, 101342.663, 93958.144, 86379.296, 78606.118, 70638.611, 62476.775, 54120.609, 45570.113, 36825.291, 27886.220, 18754.239, 9440.886,    0.000,
   0.000, 18754.239, 37255.102, 55395.652, 73152.983, 90524.444, 107509.877, 124109.277, 140322.645, 156149.980, 171591.282, 186646.552, 201315.789, 215598.994, 229496.166, 243007.306, 256132.413, 268871.487, 281224.529, 293191.538, 304772.515, 315967.459, 326776.371, 337199.250, 347236.097, 356886.911, 366151.692, 375030.441, 383523.157, 391629.841, 399350.492, 406685.111, 413633.697, 420196.251, 426372.772, 432163.260, 437567.716, 442586.139, 447218.530, 451464.888, 455325.214, 458799.507, 461887.767, 464589.995, 466906.190, 468836.353, 470380.483, 471538.581, 472310.646, 472696.679, 472696.679, 472310.646, 471538.581, 470380.483, 468836.353, 466906.190, 464589.995, 461887.767, 458799.507, 455325.214, 451464.888, 447218.530, 442586.139, 437567.716, 432163.260, 426372.772, 420196.251, 413633.697, 406685.111, 399350.492, 391629.841, 383523.157, 375030.441, 366151.692, 356886.911, 347236.097, 337199.250, 326776.371, 315967.459, 304772.515, 293191.538, 281224.529, 268871.487, 256132.413, 243007.306, 229496.166, 215598.994, 201315.789, 186646.552, 171591.282, 156149.980, 140322.645, 124109.277, 107509.877, 90524.444, 73152.983, 55395.652, 37255.102, 18754.239,    0.000,
   0.000, 27886.220, 55395.652, 82369.306, 108773.140, 134603.213, 159859.291, 184541.367, 208649.440, 232183.513, 255143.583, 277529.652, 299341.719, 320579.784, 341243.847, 361333.909, 380849.968, 399792.027, 418160.083, 435954.137, 453174.190, 469820.241, 485892.291, 501390.338, 516314.384, 530664.428, 544440.470, 557642.511, 570270.549, 582324.586, 593804.621, 604710.655, 615042.687, 624800.716, 633984.745, 642594.771, 650630.796, 658092.819, 664980.840, 671294.859, 677034.877, 682200.892, 686792.907, 690810.919, 694254.929, 697124.938, 699420.945, 701142.951, 702290.954, 702864.956, 702864.956, 702290.954, 701142.951, 699420.945, 697124.938, 694254.929, 690810.919, 686792.907, 682200.892, 677034.877, 671294.859, 664980.840, 658092.819, 650630.796, 642594.771, 633984.745, 624800.716, 615042.687, 604710.655, 593804.621, 582324.586, 570270.549, 557642.511, 544440.470, 530664.428, 516314.384, 501390.338, 485892.291, 469820.241, 453174.190, 435954.137, 418160.083, 399792.027, 380849.968, 361333.909, 341243.847, 320579.784, 299341.719, 277529.652, 255143.583, 232183.513, 208649.440, 184541.367, 159859.291, 134603.213, 108773.140, 82369.306, 55395.652, 27886.220,    0.000,
   0.000, 36825.291, 73152.983, 108773.140, 143640.815, 177750.809, 211102.811, 243696.813, 275532.815, 306610.816, 336930.818, 366492.819, 395296.821, 423342.822, 450630.824, 477160.825, 502932.827, 527946.828, 552202.829, 575700.830, 598440.832, 620422.833, 641646.834, 662112.835, 681820.836, 700770.837, 718962.838, 736396.839, 753072.840, 768990.841, 784150.841, 798552.842, 812196.843, 825082.844, 837210.844, 848580.845, 859192.845, 869046.846, 878142.846, 886480.847, 894060.847, 900882.848, 906946.848, 912252.848, 916800.848, 920590.849, 923622.849, 925896.849, 927412.849, 928170.849, 928170.849, 927412.849, 925896.849, 923622.849, 920590.849, 916800.848, 912252.848, 906946.848, 900882.848, 894060.847, 886480.847, 878142.846, 869046.846, 859192.845, 848580.845, 837210.844, 825082.844, 812196.843, 798552.842, 784150.841, 768990.841, 753072.840, 736396.839, 718962.838, 700770.837, 681820.836, 662112.835, 641646.834, 620422.833, 598440.832, 575700.830, 552202.829, 527946.828, 502932.827, 477160.825, 450630.824, 423342.822, 395296.821, 366492.819, 336930.818, 306610.816, 275532.815, 243696.813, 211102.811, 177750.809, 143640.815, 108773.140, 73152.983, 36825.291,    0.000,
   0.000, 45570.113, 90524.444, 134603.213, 177750.809, 219960.800, 261232.800, 301566.800, 340962.800, 379420.800, 416940.800, 453522.800, 489166.800, 523872.800, 557640.800, 590470.800, 622362.800, 653316.800, 683332.800, 712410.800, 740550.800, 767752.800, 794016.800, 819342.800, 843730.800, 867180.800, 889692.800, 911266.800, 931902.800, 951600.800, 970360.800, 988182.800, 1005066.800, 1021012.800, 1036020.800, 1050090.800, 1063222.800, 1075416.800, 1086672.800, 1096990.800, 1106370.800, 1114812.800, 1122316.800, 1128882.800, 1134510.800, 1139200.800, 1142952.800, 1145766.800, 1147642.800, 1148580.800, 1148580.800, 1147642.800, 1145766.800, 1142952.800, 1139200.800, 1134510.800, 1128882.800, 1122316.800, 1114812.800, 1106370.800, 1096990.800, 1086672.800, 1075416.800, 1063222.800, 1050090.800, 1036020.800, 1021012.800, 1005066.800, 988182.800, 970360.800, 951600.800, 931902.800, 911266.800, 889692.800, 867180.800, 843730.800, 819342.800, 794016.800, 767752.800, 740550.800, 712410.800, 683332.800, 653316.800, 622362.800, 590470.800, 557640.800, 523872.800, 489166.800, 453522.800, 416940.800, 379420.800, 340962.800, 301566.800, 261232.800, 219960.800, 177750.809, 134603.213, 90524.444, 45570.113,    0.000,
   0.000, 54120.609, 107509.877, 159859.291, 211102.811, 261232.800, 310248.800, 358150.800, 404938.800, 450612.800, 495172.800, 538618.800, 580950.800, 622168.800, 662272.800, 701262.800, 739138.800, 775900.800, 811548.800, 846082.800, 879502.800, 911808.800, 943000.800, 973078.800, 1002042.800, 1029892.800, 1056628.800, 1082250.800, 1106758.800, 1130152.800, 1152432.800, 1173598.800, 1193650.800, 1212588.800, 1230412.800, 1247122.800, 1262718.800, 1277200.800, 1290568.800, 1302822.800, 1313962.800, 1323988.800, 1332900.800, 1340698.800, 1347382.800, 1352952.800, 1357408.800, 1360750.800, 1362978.800, 1364092.800, 1364092.800, 1362978.800, 1360750.800, 1357408.800, 1352952.800, 1347382.800, 1340698.800, 1332900.800, 1323988.800, 1313962.800, 1302822.800, 1290568.800, 1277200.800, 1262718.800, 1247122.800, 1230412.800, 1212588.800, 1193650.800, 1173598.800, 1152432.800, 1130152.800, 1106758.800, 1082250.800, 1056628.800, 1029892.800, 1002042.800, 973078.800, 943000.800, 911808.800, 879502.800, 846082.800, 811548.800, 775900.800, 739138.800, 701262.800, 662272.800, 622168.800, 580950.800, 538618.800, 495172.800, 450612.800, 404938.800, 358150.800, 310248.800, 261232.800, 211102.811, 159859.291, 107509.877, 54120.609,    0.000,
   0.000, 62476.775, 124109.277, 184541.367, 243696.813, 301566.800, 358150.800, 413448.800, 467460.800, 520186.800, 571626.800, 621780.800, 670648.800, 718230.800, 764526.800, 809536.800, 853260.800, 895698.800, 936850.800, 976716.800, 1015296.800, 1052590.800, 1088598.800, 1123320.800, 1156756.800, 1188906.800, 1219770.800, 1249348.800, 1277640.800, 1304646.800, 1330366.800, 1354800.800, 1377948.800, 1399810.800, 1420386.800, 1439676.800, 1457680.800, 1474398.800, 1489830.800, 1503976.800, 1516836.800, 1528410.800, 1538698.800, 1547700.800, 1555416.800, 1561846.800, 1566990.800, 1570848.800, 1573420.800, 1574706.800, 1574706.800, 1573420.800, 1570848.800, 1566990.800, 1561846.800, 1555416.800, 1547700.800, 1538698.800, 1528410.800, 1516836.800, 1503976.800, 1489830.800, 1474398.800, 1457680.800, 1439676.800, 1420386.800, 1399810.800, 1377948.800, 1354800.800, 1330366.800, 1304646.800, 1277640.800, 1249348.800, 1219770.800, 1188906.800, 1156756.800, 1123320.800, 1088598.800, 1052590.800, 1015296.800, 976716.800, 936850.800, 895698.800, 853260.800, 809536.800, 764526.800, 718230.800, 670648.800, 621780.800, 571626.800, 520186.800, 467460.800, 413448.800, 358150.800, 301566.800, 243696.813, 184541.367, 124109.277, 62476.775,    0.000,
   0.000, 70638.611, 140322.645, 208649.440, 275532.815, 340962.800, 404938.800, 467460.800, 528528.800, 588142.800, 646302.800, 703008.800, 758260.800, 812058.800, 864402.800, 915292.800, 964728.800, 1012710.800, 1059238.800, 1104312.800, 1147932.800, 1190098.800, 1230810.800, 1270068.800, 1307872.800, 1344222.800, 1379118.800, 1412560.800, 1444548.800, 1475082.800, 1504162.800, 1531788.800, 1557960.800, 1582678.800, 1605942.800, 1627752.800, 1648108.800, 1667010.800, 1684458.800, 1700452.800, 1714992.800, 1728078.800, 1739710.800, 1749888.800, 1758612.800, 1765882.800, 1771698.800, 1776060.800, 1778968.800, 1780422.800, 1780422.800, 1778968.800, 1776060.800, 1771698.800, 1765882.800, 1758612.800, 1749888.800, 1739710.800, 1728078.800, 1714992.800, 1700452.800, 1684458.800, 1667010.800, 1648108.800, 1627752.800, 1605942.800, 1582678.800, 1557960.800, 1531788.800, 1504162.800, 1475082.800, 1444548.800, 1412560.800, 1379118.800, 1344222.800, 1307872.800, 1270068.800, 1230810.800, 1190098.800, 1147932.800, 1104312.800, 1059238.800, 1012710.800, 964728.800, 915292.800, 864402.800, 812058.800, 758260.800, 703008.800, 646302.800, 588142.800, 528528.800, 467460.800, 404938.800, 340962.800, 275532.815, 208649.440, 140322.645, 70638.611,    0.000,
   0.000, 78606.118, 156149.980, 232183.513, 306610.816, 379420.800, 450612.800, 520186.800, 588142.800, 654480.800, 719200.800, 782302.800, 843786.800, 903652.800, 961900.800, 1018530.800, 1073542.800, 1126936.800, 1178712.800, 1228870.800, 1277410.800, 1324332.800, 1369636.800, 1413322.800, 1455390.800, 1495840.800, 1534672.800, 1571886.800, 1607482.800, 1641460.800, 1673820.800, 1704562.800, 1733686.800, 1761192.800, 1787080.800, 1811350.800, 1834002.800, 1855036.800, 1874452.800, 1892250.800, 1908430.800, 1922992.800, 1935936.800, 1947262.800, 1956970.800, 1965060.800, 1971532.800, 1976386.800, 1979622.800, 1981240.800, 1981240.800, 1979622.800, 1976386.800, 1971532.800, 1965060.800, 1956970.800, 1947262.800, 1935936.800, 1922992.800, 1908430.800, 1892250.800, 1874452.800, 1855036.800, 1834002.800, 1811350.800, 1787080.800, 1761192.800, 1733686.800, 1704562.800, 1673820.800, 1641460.800, 1607482.800, 1571886.800, 1534672.800, 1495840.800, 1455390.800, 1413322.800, 1369636.800, 1324332.800, 1277410.800, 1228870.800, 1178712.800, 1126936.800, 1073542.800, 1018530.800, 961900.800, 903652.800, 843786.800, 782302.800, 719200.800, 654480.800, 588142.800, 520186.800, 450612.800, 379420.800, 306610.816, 232183.513, 156149.980, 78606.118,    0.000,
   0.000, 86379.296, 171591.282, 255143.583, 336930.818, 416940.800, 495172.800, 571626.800, 646302.800, 719200.800, 790320.800, 859662.800, 927226.800, 993012.800, 1057020.800, 1119250.800, 1179702.800, 1238376.800, 1295272.800, 1350390.800, 1403730.800, 1455292.800, 1505076.800, 1553082.800, 1599310.800, 1643760.800, 1686432.800, 1727326.800, 1766442.800, 1803780.800, 1839340.800, 1873122.800, 1905126.800, 1935352.800, 1963800.800, 1990470.800, 2015362.800, 2038476.800, 2059812.800, 2079370.800, 2097150.800, 2113152.800, 2127376.800, 2139822.800, 2150490.800, 2159380.800, 2166492.800, 2171826.800, 2175382.800, 2177160.800, 2177160.800, 2175382.800, 2171826.800, 2166492.800, 2159380.800, 2150490.800, 2139822.800, 2127376.800, 2113152.800, 2097150.800, 2079370.800, 2059812.800, 2038476.800, 2015362.800, 1990470.800, 1963800.800, 1935352.800, 1905126.800, 1873122.800, 1839340.800, 1803780.800, 1766442.800, 1727326.800, 1686432.800, 1643760.800, 1599310.800, 1553082.800, 1505076.800, 1455292.800, 1403730.800, 1350390.800, 1295272.800, 1238376.800, 1179702.800, 1119250.800, 1057020.800, 993012.800, 927226.800, 859662.800, 790320.800, 719200.800, 646302.800, 571626.800, 495172.800, 416940.800, 336930.818, 255143.583, 171591.282, 86379.296,    0.000,
   0.000, 93958.144, 186646.552, 277529.652, 366492.819, 453522.800, 538618.800, 621780.800, 703008.800, 782302.800, 859662.800, 935088.800, 1008580.800, 1080138.800, 1149762.800, 1217452.800, 1283208.800, 1347030.800, 1408918.800, 1468872.800, 1526892.800, 1582978.800, 1637130.800, 1689348.800, 1739632.800, 1787982.800, 1834398.800, 1878880.800, 1921428.800, 1962042.800, 2000722.800, 2037468.800, 2072280.800, 2105158.800, 2136102.800, 2165112.800, 2192188.800, 2217330.800, 2240538.800, 2261812.800, 2281152.800, 2298558.800, 2314030.800, 2327568.800, 2339172.800, 2348842.800, 2356578.800, 2362380.800, 2366248.800, 2368182.800, 2368182.800, 2366248.800, 2362380.800, 2356578.800, 2348842.800, 2339172.800, 2327568.800, 2314030.800, 2298558.800, 2281152.800, 2261812.800, 2240538.800, 2217330.800, 2192188.800, 2165112.800, 2136102.800, 2105158.800, 2072280.800, 2037468.800, 2000722.800, 1962042.800, 1921428.800, 1878880.800, 1834398.800, 1787982.800, 1739632.800, 1689348.800, 1637130.800, 1582978.800, 1526892.800, 1468872.800, 1408918.800, 1347030.800, 1283208.800, 1217452.800, 1149762.800, 1080138.800, 1008580.800, 935088.800, 859662.800, 782302.800, 703008.800, 621780.800, 538618.800, 453522.800, 366492.819, 277529.652, 186646.552, 93958.144,    0.000,
   0.000, 101342.663, 201315.789, 299341.719, 395296.821, 489166.800, 580950.800, 670648.800, 758260.800, 843786.800, 927226.800, 1008580.800, 1087848.800, 1165030.800, 1240126.800, 1313136.800, 1384060.800, 1452898.800, 1519650.800, 1584316.800, 1646896.800, 1707390.800, 1765798.800, 1822120.800, 1876356.800, 1928506.800, 1978570.800, 2026548.800, 2072440.800, 2116246.800, 2157966.800, 2197600.800, 2235148.800, 2270610.800, 2303986.800, 2335276.800, 2364480.800, 2391598.800, 2416630.800, 2439576.800, 2460436.800, 2479210.800, 2495898.800, 2510500.800, 2523016.800, 2533446.800, 2541790.800, 2548048.800, 2552220.800, 2554306.800, 2554306.800, 2552220.800, 2548048.800, 2541790.800, 2533446.800, 2523016.800, 2510500.800, 2495898.800, 2479210.800, 2460436.800, 2439576.800, 2416630.800, 2391598.800, 2364480.800, 2335276.800, 2303986.800, 2270610.800, 2235148.800, 2197600.800, 2157966.800, 2116246.800, 2072440.800, 2026548.800, 1978570.800, 1928506.800, 1876356.800, 1822120.800, 1765798.800, 1707390.800, 1646896.800, 1584316.800, 1519650.800, 1452898.800, 1384060.800, 1313136.800, 1240126.800, 1165030.800, 1087848.800, 1008580.800, 927226.800, 843786.800, 758260.800, 670648.800, 580950.800, 489166.800, 395296.821, 299341.719, 201315.789, 101342.663,    0.000,
   0.000, 108532.852, 215598.994, 320579.784, 423342.822, 523872.800, 622168.800, 718230.800, 812058.800, 903652.800, 993012.800, 1080138.800, 1165030.800, 1247688.800, 1328112.800, 1406302.800, 1482258.800, 1555980.800, 1627468.800, 1696722.800, 1763742.800, 1828528.800, 1891080.800, 1951398.800, 2009482.800, 2065332.800, 2118948.800, 2170330.800, 2219478.800, 2266392.800, 2311072.800, 2353518.800, 2393730.800, 2431708.800, 2467452.800, 2500962.800, 2532238.800, 2561280.800, 2588088.800, 2612662.800, 2635002.800, 2655108.800, 2672980.800, 2688618.800, 2702022.800, 2713192.800, 2722128.800, 2728830.800, 2733298.800, 2735532.800, 2735532.800, 2733298.800, 2728830.800, 2722128.800, 2713192.800, 2702022.800, 2688618.800, 2672980.800, 2655108.800, 2635002.800, 2612662.800, 2588088.800, 2561280.800, 2532238.800, 2500962.800, 2467452.800, 2431708.800, 2393730.800, 2353518.800, 2311072.800, 2266392.800, 2219478.800, 2170330.800, 2118948.800, 2065332.800, 2009482.800, 1951398.800, 1891080.800, 1828528.800, 1763742.800, 1696722.800, 1627468.800, 1555980.800, 1482258.800, 1406302.800, 1328112.800, 1247688.800, 1165030.800, 1080138.800, 993012.800, 903652.800, 812058.800, 718230.800, 622168.800, 523872.800, 423342.822, 320579.784, 215598.994, 108532.852,    0.000,
   0.000, 115528.712, 229496.166, 341243.847, 450630.824, 557640.800, 662272.800, 764526.800, 864402.800, 961900.800, 1057020.800, 1149762.800, 1240126.800, 1328112.800, 1413720.800, 1496950.800, 1577802.800, 1656276.800, 1732372.800, 1806090.800, 1877430.800, 1946392.800, 2012976.800, 2077182.800, 2139010.800, 2198460.800, 2255532.800, 2310226.800, 2362542.800, 2412480.800, 2460040.800, 2505222.800, 2548026.800, 2588452.800, 2626500.800, 2662170.800, 2695462.800, 2726376.800, 2754912.800, 2781070.800, 2804850.800, 2826252.800, 2845276.800, 2861922.800, 2876190.800, 2888080.800, 2897592.800, 2904726.800, 2909482.800, 2911860.800, 2911860.800, 2909482.800, 2904726.800, 2897592.800, 2888080.800, 2876190.800, 2861922.800, 2845276.800, 2826252.800, 2804850.800, 2781070.800, 2754912.800, 2726376.800, 2695462.800, 2662170.800, 2626500.800, 2588452.800, 2548026.800, 2505222.800, 2460040.800, 2412480.800, 2362542.800, 2310226.800, 2255532.800, 2198460.800, 2139010.800, 2077182.800, 2012976.800, 1946392.800, 1877430.800, 1806090.800, 1732372.800, 1656276.800, 1577802.800, 1496950.800, 1413720.800, 1328112.800, 1240126.800, 1149762.800, 1057020.800, 961900.800, 864402.800, 764526.800, 662272.800, 557640.800, 450630.824, 341243.847, 229496.166, 115528.712,    0.000,
   0.000, 122330.242, 243007.306, 361333.909, 477160.825, 590470.800, 701262.800, 809536.800, 915292.800, 1018530.800, 1119250.800, 1217452.800, 1313136.800, 1406302.800, 1496950.800, 1585080.800, 1670692.800, 1753786.800, 1834362.800, 1912420.800, 1987960.800, 2060982.800, 2131486.800, 2199472.800, 2264940.800, 2327890.800, 2388322.800, 2446236.800, 2501632.800, 2554510.800, 2604870.800, 2652712.800, 2698036.800, 2740842.800, 2781130.800, 2818900.800, 2854152.800, 2886886.800, 2917102.800, 2944800.800, 2969980.800, 2992642.800, 3012786.800, 3030412.800, 3045520.800, 3058110.800, 3068182.800, 3075736.800, 3080772.800, 3083290.800, 3083290.800, 3080772.800, 3075736.800, 3068182.800, 3058110.800, 3045520.800, 3030412.800, 3012786.800, 2992642.800, 2969980.800, 2944800.800, 2917102.800, 2886886.800, 2854152.800, 2818900.800, 2781130.800, 2740842.800, 2698036.800, 2652712.800, 2604870.800, 2554510.800, 2501632.800, 2446236.800, 2388322.800, 2327890.800, 2264940.800, 2199472.800, 2131486.800, 2060982.800, 1987960.800, 1912420.800, 1834362.800, 1753786.800, 1670692.800, 1585080.800, 1496950.800, 1406302.800, 1313136.800, 1217452.800, 1119250.800, 1018530.800, 915292.800, 809536.800, 701262.800, 590470.800, 477160.825, 361333.909, 243007.306, 122330.242,    0.000,
   0.000, 128937.443, 256132.413, 380849.968, 502932.827, 622362.800, 739138.800, 853260.800, 964728.800, 1073542.800, 1179702.800, 1283208.800, 1384060.800, 1482258.800, 1577802.800, 1670692.800, 1760928.800, 1848510.800, 1933438.800, 2015712.800, 2095332.800, 2172298.800, 2246610.800, 2318268.800, 2387272.800, 2453622.800, 2517318.800, 2578360.800, 2636748.800, 2692482.800, 2745562.800, 2795988.800, 2843760.800, 2888878.800, 2931342.800, 2971152.800, 3008308.800, 3042810.800, 3074658.800, 3103852.800, 3130392.800, 3154278.800, 3175510.800, 3194088.800, 3210012.800, 3223282.800, 3233898.800, 3241860.800, 3247168.800, 3249822.800, 3249822.800, 3247168.800, 3241860.800, 3233898.800, 3223282.800, 3210012.800, 3194088.800, 3175510.800, 3154278.800, 3130392.800, 3103852.800, 3074658.800, 3042810.800, 3008308.800, 2971152.800, 2931342.800, 2888878.800, 2843760.800, 2795988.800, 2745562.800, 2692482.800, 2636748.800, 2578360.800, 2517318.800, 2453622.800, 2387272.800, 2318268.800, 2246610.800, 2172298.800, 2095332.800, 2015712.800, 1933438.800, 1848510.800, 1760928.800, 1670692.800, 1577802.800, 1482258.800, 1384060.800, 1283208.800, 1179702.800, 1073542.800, 964728.800, 853260.800, 739138.800, 622362.800, 502932.827, 380849.968, 256132.413, 128937.443,    0.000,
   0.000, 135350.315, 268871.487, 399792.027, 527946.828, 653316.800, 775900.800, 895698.800, 1012710.800, 1126936.800, 1238376.800, 1347030.800, 1452898.800, 1555980.800, 1656276.800, 1753786.800, 1848510.800, 1940448.800, 2029600.800, 2115966.800, 2199546.800, 2280340.800, 2358348.800, 2433570.800, 2506006.800, 2575656.800, 2642520.800, 2706598.800, 2767890.800, 2826396.800, 2882116.800, 2935050.800, 2985198.800, 3032560.800, 3077136.800, 3118926.800, 3157930.800, 3194148.800, 3227580.800, 3258226.800, 3286086.800, 3311160.800, 3333448.800, 3352950.800, 3369666.800, 3383596.800, 3394740.800, 3403098.800, 3408670.800, 3411456.800, 3411456.800, 3408670.800, 3403098.800, 3394740.800, 3383596.800, 3369666.800, 3352950.800, 3333448.800, 3311160.800, 3286086.800, 3258226.800, 3227580.800, 3194148.800, 3157930.800, 3118926.800, 3077136.800, 3032560.800, 2985198.800, 2935050.800, 2882116.800, 2826396.800, 2767890.800, 2706598.800, 2642520.800, 2575656.800, 2506006.800, 2433570.800, 2358348.800, 2280340.800, 2199546.800, 2115966.800, 2029600.800, 1940448.800, 1848510.800, 1753786.800, 1656276.800, 1555980.800, 1452898.800, 1347030.800, 1238376.800, 1126936.800, 1012710.800, 895698.800, 775900.800, 653316.800, 527946.828, 399792.027, 268871.487, 135350.315,    0.000,
   0.000, 141568.857, 281224.529, 418160.083, 552202.829, 683332.800, 811548.800, 936850.800, 1059238.800, 1178712.800, 1295272.800, 1408918.800, 1519650.800, 1627468.800, 1732372.800, 1834362.800, 1933438.800, 2029600.800, 2122848.800, 2213182.800, 2300602.800, 2385108.800, 2466700.800, 2545378.800, 2621142.800, 2693992.800, 2763928.800, 2830950.800, 2895058.800, 2956252.800, 3014532.800, 3069898.800, 3122350.800, 3171888.800, 3218512.800, 3262222.800, 3303018.800, 3340900.800, 3375868.800, 3407922.800, 3437062.800, 3463288.800, 3486600.800, 3506998.800, 3524482.800, 3539052.800, 3550708.800, 3559450.800, 3565278.800, 3568192.800, 3568192.800, 3565278.800, 3559450.800, 3550708.800, 3539052.800, 3524482.800, 3506998.800, 3486600.800, 3463288.800, 3437062.800, 3407922.800, 3375868.800, 3340900.800, 3303018.800, 3262222.800, 3218512.800, 3171888.800, 3122350.800, 3069898.800, 3014532.800, 2956252.800, 2895058.800, 2830950.800, 2763928.800, 2693992.800, 2621142.800, 2545378.800, 2466700.800, 2385108.800, 2300602.800, 2213182.800, 2122848.800, 2029600.800, 1933438.800, 1834362.800, 1732372.800, 1627468.800, 1519650.800, 1408918.800, 1295272.800, 1178712.800, 1059238.800, 936850.800, 811548.800, 683332.800, 552202.829, 418160.083, 281224.529, 141568.857,    0.000,
   0.000, 147593.069, 293191.538, 435954.137, 575700.830, 712410.800, 846082.800, 976716.800, 1104312.800, 1228870.800, 1350390.800, 1468872.800, 1584316.800, 1696722.800, 1806090.800, 1912420.800, 2015712.800, 2115966.800, 2213182.800, 2307360.800, 2398500.800, 2486602.800, 2571666.800, 2653692.800, 2732680.800, 2808630.800, 2881542.800, 2951416.800, 3018252.800, 3082050.800, 3142810.800, 3200532.800, 3255216.800, 3306862.800, 3355470.800, 3401040.800, 3443572.800, 3483066.800, 3519522.800, 3552940.800, 3583320.800, 3610662.800, 3634966.800, 3656232.800, 3674460.800, 3689650.800, 3701802.800, 3710916.800, 3716992.800, 3720030.800, 3720030.800, 3716992.800, 3710916.800, 3701802.800, 3689650.800, 3674460.800, 3656232.800, 3634966.800, 3610662.800, 3583320.800, 3552940.800, 3519522.800, 3483066.800, 3443572.800, 3401040.800, 3355470.800, 3306862.800, 3255216.800, 3200532.800, 3142810.800, 3082050.800, 3018252.800, 2951416.800, 2881542.800, 2808630.800, 2732680.800, 2653692.800, 2571666.800, 2486602.800, 2398500.800, 2307360.800, 2213182.800, 2115966.800, 2015712.800, 1912420.800, 1806090.800, 1696722.800, 1584316.800, 1468872.800, 1350390.800, 1228870.800, 1104312.800, 976716.800, 846082.800, 712410.800, 575700.830, 435954.137, 293191.538, 147593.069,    0.000,
   0.000, 153422.953, 304772.515, 453174.190, 598440.832, 740550.800, 879502.800, 1015296.800, 1147932.800, 1277410.800, 1403730.800, 1526892.800, 1646896.800, 1763742.800, 1877430.800, 1987960.800, 2095332.800, 2199546.800, 2300602.800, 2398500.800, 2493240.800, 2584822.800, 2673246.800, 2758512.800, 2840620.800, 2919570.800, 2995362.800, 3067996.800, 3137472.800, 3203790.800, 3266950.800, 3326952.800, 3383796.800, 3437482.800, 3488010.800, 3535380.800, 3579592.800, 3620646.800, 3658542.800, 3693280.800, 3724860.800, 3753282.800, 3778546.800, 3800652.800, 3819600.800, 3835390.800, 3848022.800, 3857496.800, 3863812.800, 3866970.800, 3866970.800, 3863812.800, 3857496.800, 3848022.800, 3835390.800, 3819600.800, 3800652.800, 3778546.800, 3753282.800, 3724860.800, 3693280.800, 3658542.800, 3620646.800, 3579592.800, 3535380.800, 3488010.800, 3437482.800, 3383796.800, 3326952.800, 3266950.800, 3203790.800, 3137472.800, 3067996.800, 2995362.800, 2919570.800, 2840620.800, 2758512.800, 2673246.800, 2584822.800, 2493240.800, 2398500.800, 2300602.800, 2199546.800, 2095332.800, 1987960.800, 1877430.800, 1763742.800, 1646896.800, 1526892.800, 1403730.800, 1277410.800, 1147932.800, 1015296.800, 879502.800, 740550.800, 598440.832, 453174.190, 304772.515, 153422.953,    0.000,
   0.000, 159058.506, 315967.459, 469820.241, 620422.833, 767752.800, 911808.800, 1052590.800, 1190098.800, 1324332.800, 1455292.800, 1582978.800, 1707390.800, 1828528.800, 1946392.800, 2060982.800, 2172298.800, 2280340.800, 2385108.800, 2486602.800, 2584822.800, 2679768.800, 2771440.800, 2859838.800, 2944962.800, 3026812.800, 3105388.800, 3180690.800, 3252718.800, 3321472.800, 3386952.800, 3449158.800, 3508090.800, 3563748.800, 3616132.800, 3665242.800, 3711078.800, 3753640.800, 3792928.800, 3828942.800, 3861682.800, 3891148.800, 3917340.800, 3940258.800, 3959902.800, 3976272.800, 3989368.800, 3999190.800, 4005738.800, 4009012.800, 4009012.800, 4005738.800, 3999190.800, 3989368.800, 3976272.800, 3959902.800, 3940258.800, 3917340.800, 3891148.800, 3861682.800, 3828942.800, 3792928.800, 3753640.800, 3711078.800, 3665242.800, 3616132.800, 3563748.800, 3508090.800, 3449158.800, 3386952.800, 3321472.800, 3252718.800, 3180690.800, 3105388.800, 3026812.800, 2944962.800, 2859838.800, 2771440.800, 2679768.800, 2584822.800, 2486602.800, 2385108.800, 2280340.800, 2172298.800, 2060982.800, 1946392.800, 1828528.800, 1707390.800, 1582978.800, 1455292.800, 1324332.800, 1190098.800, 1052590.800, 911808.800, 767752.800, 620422.833, 469820.241, 315967.459, 159058.506,    0.000,
   0.000, 164499.731, 326776.371, 485892.291, 641646.834, 794016.800, 943000.800, 1088598.800, 1230810.800, 1369636.800, 1505076.800, 1637130.800, 1765798.800, 1891080.800, 2012976.800, 2131486.800, 2246610.800, 2358348.800, 2466700.800, 2571666.800, 2673246.800, 2771440.800, 2866248.800, 2957670.800, 3045706.800, 3130356.800, 3211620.800, 3289498.800, 3363990.800, 3435096.800, 3502816.800, 3567150.800, 3628098.800, 3685660.800, 3739836.800, 3790626.800, 3838030.800, 3882048.800, 3922680.800, 3959926.800, 3993786.800, 4024260.800, 4051348.800, 4075050.800, 4095366.800, 4112296.800, 4125840.800, 4135998.800, 4142770.800, 4146156.800, 4146156.800, 4142770.800, 4135998.800, 4125840.800, 4112296.800, 4095366.800, 4075050.800, 4051348.800, 4024260.800, 3993786.800, 3959926.800, 3922680.800, 3882048.800, 3838030.800, 3790626.800, 3739836.800, 3685660.800, 3628098.800, 3567150.800, 3502816.800, 3435096.800, 3363990.800, 3289498.800, 3211620.800, 3130356.800, 3045706.800, 2957670.800, 2866248.800, 2771440.800, 2673246.800, 2571666.800, 2466700.800, 2358348.800, 2246610.800, 2131486.800, 2012976.800, 1891080.800, 1765798.800, 1637130.800, 1505076.800, 1369636.800, 1230810.800, 1088598.800, 943000.800, 794016.800, 641646.834, 485892.291, 326776.371, 164499.731,    0.000,
   0.000, 169746.626, 337199.250, 501390.338, 662112.835, 819342.800, 973078.800, 1123320.800, 1270068.800, 1413322.800, 1553082.800, 1689348.800, 1822120.800, 1951398.800, 2077182.800, 2199472.800, 2318268.800, 2433570.800, 2545378.800, 2653692.800, 2758512.800, 2859838.800, 2957670.800, 3052008.800, 3142852.800, 3230202.800, 3314058.800, 3394420.800, 3471288.800, 3544662.800, 3614542.800, 3680928.800, 3743820.800, 3803218.800, 3859122.800, 3911532.800, 3960448.800, 4005870.800, 4047798.800, 4086232.800, 4121172.800, 4152618.800, 4180570.800, 4205028.800, 4225992.800, 4243462.800, 4257438.800, 4267920.800, 4274908.800, 4278402.800, 4278402.800, 4274908.800, 4267920.800, 4257438.800, 4243462.800, 4225992.800, 4205028.800, 4180570.800, 4152618.800, 4121172.800, 4086232.800, 4047798.800, 4005870.800, 3960448.800, 3911532.800, 3859122.800, 3803218.800, 3743820.800, 3680928.800, 3614542.800, 3544662.800, 3471288.800, 3394420.800, 3314058.800, 3230202.800, 3142852.800, 3052008.800, 2957670.800, 2859838.800, 2758512.800, 2653692.800, 2545378.800, 2433570.800, 2318268.800, 2199472.800, 2077182.800, 1951398.800, 1822120.800, 1689348.800, 1553082.800, 1413322.800, 1270068.800, 1123320.800, 973078.800, 819342.800, 662112.835, 501390.338, 337199.250, 169746.626,    0.000,
   0.000, 174799.191, 347236.097, 516314.384, 681820.836, 843730.800, 1002042.800, 1156756.800, 1307872.800, 1455390.800, 1599310.800, 1739632.800, 1876356.800, 2009482.800, 2139010.800, 2264940.800, 2387272.800, 2506006.800, 2621142.800, 2732680.800, 2840620.800, 2944962.800, 3045706.800, 3142852.800, 3236400.800, 3326350.800, 3412702.800, 3495456.800, 3574612.800, 3650170.800, 3722130.800, 3790492.800, 3855256.800, 3916422.800, 3973990.800, 4027960.800, 4078332.800, 4125106.800, 4168282.800, 4207860.800, 4243840.800, 4276222.800, 4305006.800, 4330192.800, 4351780.800, 4369770.800, 4384162.800, 4394956.800, 4402152.800, 4405750.800, 4405750.800, 4402152.800, 4394956.800, 4384162.800, 4369770.800, 4351780.800, 4330192.800, 4305006.800, 4276222.800, 4243840.800, 4207860.800, 4168282.800, 4125106.800, 4078332.800, 4027960.800, 3973990.800, 3916422.800, 3855256.800, 3790492.800, 3722130.800, 3650170.800, 3574612.800, 3495456.800, 3412702.800, 3326350.800, 3236400.800, 3142852.800, 3045706.800, 2944962.800, 2840620.800, 2732680.800, 2621142.800, 2506006.800, 2387272.800, 2264940.800, 2139010.800, 2009482.800, 1876356.800, 1739632.800, 1599310.800, 1455390.800, 1307872.800, 1156756.800, 1002042.800, 843730.800, 681820.836, 516314.384, 347236.097, 174799.191,    0.000,
   0.000, 179657.427, 356886.911, 530664.428, 700770.837, 867180.800, 1029892.800, 1188906.800, 1344222.800, 1495840.800, 1643760.800, 1787982.800, 1928506.800, 2065332.800, 2198460.800, 2327890.800, 2453622.800, 2575656.800, 2693992.800, 2808630.800, 2919570.800, 3026812.800, 3130356.800, 3230202.800, 3326350.800, 3418800.800, 3507552.800, 3592606.800, 3673962.800, 3751620.800, 3825580.800, 3895842.800, 3962406.800, 4025272.800, 4084440.800, 4139910.800, 4191682.800, 4239756.800, 4284132.800, 4324810.800, 4361790.800, 4395072.800, 4424656.800, 4450542.800, 4472730.800, 4491220.800, 4506012.800, 4517106.800, 4524502.800, 4528200.800, 4528200.800, 4524502.800, 4517106.800, 4506012.800, 4491220.800, 4472730.800, 4450542.800, 4424656.800, 4395072.800, 4361790.800, 4324810.800, 4284132.800, 4239756.800, 4191682.800, 4139910.800, 4084440.800, 4025272.800, 3962406.800, 3895842.800, 3825580.800, 3751620.800, 3673962.800, 3592606.800, 3507552.800, 3418800.800, 3326350.800, 3230202.800, 3130356.800, 3026812.800, 2919570.800, 2808630.800, 2693992.800, 2575656.800, 2453622.800, 2327890.800, 2198460.800, 2065332.800, 1928506.800, 1787982.800, 1643760.800, 1495840.800, 1344222.800, 1188906.800, 1029892.800, 867180.800, 700770.837, 530664.428, 356886.911, 179657.427,    0.000,
   0.000, 184321.334, 366151.692, 544440.470, 718962.838, 889692.800, 1056628.800, 1219770.800, 1379118.800, 1534672.800, 1686432.800, 1834398.800, 1978570.800, 2118948.800, 2255532.800, 2388322.800, 2517318.800, 2642520.800, 2763928.800, 2881542.800, 2995362.800, 3105388.800, 3211620.800, 3314058.800, 3412702.800, 3507552.800, 3598608.800, 3685870.800, 3769338.800, 3849012.800, 3924892.800, 3996978.800, 4065270.800, 4129768.800, 4190472.800, 4247382.800, 4300498.800, 4349820.800, 4395348.800, 4437082.800, 4475022.800, 4509168.800, 4539520.800, 4566078.800, 4588842.800, 4607812.800, 4622988.800, 4634370.800, 4641958.800, 4645752.800, 4645752.800, 4641958.800, 4634370.800, 4622988.800, 4607812.800, 4588842.800, 4566078.800, 4539520.800, 4509168.800, 4475022.800, 4437082.800, 4395348.800, 4349820.800, 4300498.800, 4247382.800, 4190472.800, 4129768.800, 4065270.800, 3996978.800, 3924892.800, 3849012.800, 3769338.800, 3685870.800, 3598608.800, 3507552.800, 3412702.800, 3314058.800, 3211620.800, 3105388.800, 2995362.800, 2881542.800, 2763928.800, 2642520.800, 2517318.800, 2388322.800, 2255532.800, 2118948.800, 1978570.800, 1834398.800, 1686432.800, 1534672.800, 1379118.800, 1219770.800, 1056628.800, 889692.800, 718962.838, 544440.470, 366151.692, 184321.334,    0.000,
   0.000, 188790.911, 375030.441, 557642.511, 736396.839, 911266.800, 1082250.800, 1249348.800, 1412560.800, 1571886.800, 1727326.800, 1878880.800, 2026548.800, 2170330.800, 2310226.800, 2446236.800, 2578360.800, 2706598.800, 2830950.800, 2951416.800, 3067996.800, 3180690.800, 3289498.800, 3394420.800, 3495456.800, 3592606.800, 3685870.800, 3775248.800, 3860740.800, 3942346.800, 4020066.800, 4093900.800, 4163848.800, 4229910.800, 4292086.800, 4350376.800, 4404780.800, 4455298.800, 4501930.800, 4544676.800, 4583536.800, 4618510.800, 4649598.800, 4676800.800, 4700116.800, 4719546.800, 4735090.800, 4746748.800, 4754520.800, 4758406.800, 4758406.800, 4754520.800, 4746748.800, 4735090.800, 4719546.800, 4700116.800, 4676800.800, 4649598.800, 4618510.800, 4583536.800, 4544676.800, 4501930.800, 4455298.800, 4404780.800, 4350376.800, 4292086.800, 4229910.800, 4163848.800, 4093900.800, 4020066.800, 3942346.800, 3860740.800, 3775248.800, 3685870.800, 3592606.800, 3495456.800, 3394420.800, 3289498.800, 3180690.800, 3067996.800, 2951416.800, 2830950.800, 2706598.800, 2578360.800, 2446236.800, 2310226.800, 2170330.800, 2026548.800, 1878880.800, 1727326.800, 1571886.800, 1412560.800, 1249348.800, 1082250.800, 911266.800, 736396.839, 557642.511, 375030.441, 188790.911,    0.000,
   0.000, 193066.158, 383523.157, 570270.549, 753072.840, 931902.800, 1106758.800, 1277640.800, 1444548.800, 1607482.800, 1766442.800, 1921428.800, 2072440.800, 2219478.800, 2362542.800, 2501632.800, 2636748.800, 2767890.800, 2895058.800, 3018252.800, 3137472.800, 3252718.800, 3363990.800, 3471288.800, 3574612.800, 3673962.800, 3769338.800, 3860740.800, 3948168.800, 4031622.800, 4111102.800, 4186608.800, 4258140.800, 4325698.800, 4389282.800, 4448892.800, 4504528.800, 4556190.800, 4603878.800, 4647592.800, 4687332.800, 4723098.800, 4754890.800, 4782708.800, 4806552.800, 4826422.800, 4842318.800, 4854240.800, 4862188.800, 4866162.800, 4866162.800, 4862188.800, 4854240.800, 4842318.800, 4826422.800, 4806552.800, 4782708.800, 4754890.800, 4723098.800, 4687332.800, 4647592.800, 4603878.800, 4556190.800, 4504528.800, 4448892.800, 4389282.800, 4325698.800, 4258140.800, 4186608.800, 4111102.800, 4031622.800, 3948168.800, 3860740.800, 3769338.800, 3673962.800, 3574612.800, 3471288.800, 3363990.800, 3252718.800, 3137472.800, 3018252.800, 2895058.800, 2767890.800, 2636748.800, 2501632.800, 2362542.800, 2219478.800, 2072440.800, 1921428.800, 1766442.800, 1607482.800, 1444548.800, 1277640.800, 1106758.800, 931902.800, 753072.840, 570270.549, 383523.157, 193066.158,    0.000,
   0.000, 197147.077, 391629.841, 582324.586, 768990.841, 951600.800, 1130152.800, 1304646.800, 1475082.800, 1641460.800, 1803780.800, 1962042.800, 2116246.800, 2266392.800, 2412480.800, 2554510.800, 2692482.800, 2826396.800, 2956252.800, 3082050.800, 3203790.800, 3321472.800, 3435096.800, 3544662.800, 3650170.800, 3751620.800, 3849012.800, 3942346.800, 4031622.800, 4116840.800, 4198000.800, 4275102.800, 4348146.800, 4417132.800, 4482060.800, 4542930.800, 4599742.800, 4652496.800, 4701192.800, 4745830.800, 4786410.800, 4822932.800, 4855396.800, 4883802.800, 4908150.800, 4928440.800, 4944672.800, 4956846.800, 4964962.800, 4969020.800, 4969020.800, 4964962.800, 4956846.800, 4944672.800, 4928440.800, 4908150.800, 4883802.800, 4855396.800, 4822932.800, 4786410.800, 4745830.800, 4701192.800, 4652496.800, 4599742.800, 4542930.800, 4482060.800, 4417132.800, 4348146.800, 4275102.800, 4198000.800, 4116840.800, 4031622.800, 3942346.800, 3849012.800, 3751620.800, 3650170.800, 3544662.800, 3435096.800, 3321472.800, 3203790.800, 3082050.800, 2956252.800, 2826396.800, 2692482.800, 2554510.800, 2412480.800, 2266392.800, 2116246.800, 1962042.800, 1803780.800, 1641460.800, 1475082.800, 1304646.800, 1130152.800, 951600.800, 768990.841, 582324.586, 391629.841, 197147.077,    0.000,
   0.000, 201033.665, 399350.492, 593804.621, 784150.841, 970360.800, 1152432.800, 1330366.800, 1504162.800, 1673820.800, 1839340.800, 2000722.800, 2157966.800, 2311072.800, 2460040.800, 2604870.800, 2745562.800, 2882116.800, 3014532.800, 3142810.800, 3266950.800, 3386952.800, 3502816.800, 3614542.800, 3722130.800, 3825580.800, 3924892.800, 4020066.800, 4111102.800, 4198000.800, 4280760.800, 4359382.800, 4433866.800, 4504212.800, 4570420.800, 4632490.800, 4690422.800, 4744216.800, 4793872.800, 4839390.800, 4880770.800, 4918012.800, 4951116.800, 4980082.800, 5004910.800, 5025600.800, 5042152.800, 5054566.800, 5062842.800, 5066980.800, 5066980.800, 5062842.800, 5054566.800, 5042152.800, 5025600.800, 5004910.800, 4980082.800, 4951116.800, 4918012.800, 4880770.800, 4839390.800, 4793872.800, 4744216.800, 4690422.800, 4632490.800, 4570420.800, 4504212.800, 4433866.800, 4359382.800, 4280760.800, 4198000.800, 4111102.800, 4020066.800, 3924892.800, 3825580.800, 3722130.800, 3614542.800, 3502816.800, 3386952.800, 3266950.800, 3142810.800, 3014532.800, 2882116.800, 2745562.800, 2604870.800, 2460040.800, 2311072.800, 2157966.800, 2000722.800, 1839340.800, 1673820.800, 1504162.800, 1330366.800, 1152432.800, 970360.800, 784150.841, 593804.621, 399350.492, 201033.665,    0.000,
