   0.000,    0.000,    0.000,    0.000,    0.000,    0.000,    0.000,    0.000,    0.000,    0.000,    0.000,    0.000,    0.000,    0.000,    0.000,    0.000,    0.000,    0.000,    0.000,    0.000,    0.000,    0.000,    0.000,    0.000,    0.000,    0.000,    0.000,    0.000,    0.000,    0.000,    0.000,    0.000,    0.000,    0.000,    0.000,    0.000,    0.000,    0.000,    0.000,    0.000,    0.000,    0.000,    0.000,    0.000,    0.000,    0.000,    0.000,    0.000,    0.000,    0.000,    0.000,    0.000,    0.000,    0.000,    0.000,    0.000,    0.000,    0.000,    0.000,    0.000,    0.000,    0.000,    0.000,    0.000,    0.000,    0.000,    0.000,    0.000,    0.000,    0.000,    0.000,    0.000,    0.000,    0.000,    0.000,    0.000,    0.000,    0.000,    0.000,    0.000,    0.000,    0.000,    0.000,    0.000,    0.000,    0.000,    0.000,    0.000,    0.000,    0.000,    0.000,    0.000,    0.000,    0.000,    0.000,    0.000,    0.000,    0.000,    0.000,    0.000,
   0.000, 8509.631, 16984.575, 25392.055, 33702.801, 41892.109, 49940.267, 57832.400, 65557.892, 73109.569, 80482.845, 87674.940, 94684.256, 101509.926, 108151.499, 114608.755, 120881.592, 126969.963, 132873.850, 138593.245, 144128.145, 149478.548, 154644.455, 159625.866, 164422.780, 169035.197, 173463.117, 177706.541, 181765.468, 185639.898, 189329.832, 192835.269, 196156.209, 199292.653, 202244.600, 205012.050, 207595.004, 209993.461, 212207.421, 214236.884, 216081.851, 217742.321, 219218.295, 220509.772, 221616.752, 222539.235, 223277.222, 223830.712, 224199.705, 224384.202, 224384.202, 224199.705, 223830.712, 223277.222, 222539.235, 221616.752, 220509.772, 219218.295, 217742.321, 216081.851, 214236.884, 212207.421, 209993.461, 207595.004, 205012.050, 202244.600, 199292.653, 196156.209, 192835.269, 189329.832, 185639.898, 181765.468, 177706.541, 173463.117, 169035.197, 164422.780, 159625.866, 154644.455, 149478.548, 144128.145, 138593.245, 132873.850, 126969.963, 120881.592, 114608.755, 108151.499, 101509.926, 94684.256, 87674.940, 80482.845, 73109.569, 65557.892, 57832.400, 49940.267, 41892.109, 33702.801, 25392.055, 16984.575, 8509.631,    0.000,
   0.000, 16984.575, 33899.917, 50680.606, 67268.221, 83613.453, 99676.959, 115429.052, 130848.540, 145921.108, 160637.600, 174992.467, 188982.524, 202606.035, 215862.104, 228750.291, 241270.390, 253422.311, 265206.015, 276621.487, 287668.721, 298347.715, 308658.468, 318600.980, 328175.250, 337381.280, 346219.068, 354688.616, 362789.922, 370522.987, 377887.810, 384884.393, 391512.734, 397772.834, 403664.693, 409188.311, 414343.688, 419130.823, 423549.717, 427600.370, 431282.782, 434596.953, 437542.882, 440120.571, 442330.018, 444171.224, 445644.188, 446748.912, 447485.394, 447853.636, 447853.636, 447485.394, 446748.912, 445644.188, 444171.224, 442330.018, 440120.571, 437542.882, 434596.953, 431282.782, 427600.370, 423549.717, 419130.823, 414343.688, 409188.311, 403664.693, 397772.834, 391512.734, 384884.393, 377887.810, 370522.987, 362789.922, 354688.616, 346219.068, 337381.280, 328175.250, 318600.980, 308658.468, 298347.715, 287668.721, 276621.487, 265206.015, 253422.311, 241270.390, 228750.291, 215862.104, 202606.035, 188982.524, 174992.467, 160637.600, 145921.108, 130848.540, 115429.052, 99676.959, 83613.453, 67268.221, 50680.606, 33899.917, 16984.575,    0.000,
   0.000, 25392.055, 50680.606, 75767.847, 100566.440, 125002.667, 149017.710, 172567.186, 195619.415, 218152.996, 240154.239, 261614.851, 282530.069, 302897.299, 322715.201, 341983.116, 360700.738, 378867.931, 396484.638, 413550.836, 430066.516, 446031.675, 461446.312, 476310.426, 490624.017, 504387.086, 517599.632, 530261.655, 542373.156, 553934.133, 564944.588, 575404.520, 585313.930, 594672.817, 603481.181, 611739.022, 619446.340, 626603.136, 633209.409, 639265.159, 644770.387, 649725.091, 654129.273, 657982.933, 661286.069, 664038.683, 666240.774, 667892.342, 668993.387, 669543.910, 669543.910, 668993.387, 667892.342, 666240.774, 664038.683, 661286.069, 657982.933, 654129.273, 649725.091, 644770.387, 639265.159, 633209.409, 626603.136, 619446.340, 611739.022, 603481.181, 594672.817, 585313.930, 575404.520, 564944.588, 553934.133, 542373.156, 530261.655, 517599.632, 504387.086, 490624.017, 476310.426, 461446.312, 446031.675, 430066.516, 413550.836, 396484.638, 378867.931, 360700.738, 341983.116, 322715.201, 302897.299, 282530.069, 261614.851, 240154.239, 218152.996, 195619.415, 172567.186, 149017.710, 125002.667, 100566.440, 75767.847, 50680.606, 25392.055,    0.000,
   0.000, 33702.801, 67268.221, 100566.440, 133481.533, 165915.657, 197790.741, 229047.877, 259645.016, 289553.752, 318755.919, 347240.507, 375001.196, 402034.541, 428338.765, 453912.994, 478756.821, 502870.066, 526252.652, 548904.551, 570825.748, 592016.242, 612476.029, 632205.110, 651203.484, 669471.151, 687008.112, 703814.366, 719889.914, 735234.754, 749848.888, 763732.316, 776885.036, 789307.050, 800998.357, 811958.958, 822188.852, 831688.039, 840456.519, 848494.293, 855801.360, 862377.720, 868223.374, 873338.321, 877722.561, 881376.094, 884298.921, 886491.041, 887952.455, 888683.161, 888683.161, 887952.455, 886491.041, 884298.921, 881376.094, 877722.561, 873338.321, 868223.374, 862377.720, 855801.360, 848494.293, 840456.519, 831688.039, 822188.852, 811958.958, 800998.357, 789307.050, 776885.036, 763732.316, 749848.888, 735234.754, 719889.914, 703814.366, 687008.112, 669471.151, 651203.484, 632205.110, 612476.029, 592016.242, 570825.748, 548904.551, 526252.652, 502870.066, 478756.821, 453912.994, 428338.765, 402034.541, 375001.196, 347240.507, 318755.919, 289553.752, 259645.016, 229047.877, 197790.741, 165915.657, 133481.533, 100566.440, 67268.221, 33702.801,    0.000,
   0.000, 41892.109, 83613.453, 125002.667, 165915.657, 206230.804, 245851.068, 284703.227, 322735.016, 359911.130, 396208.985, 431614.900, 466121.018, 499723.059, 532418.813, 564207.193, 595087.696, 625060.095, 654124.298, 682280.265, 709527.984, 735867.447, 761298.654, 785821.604, 809436.296, 832142.731, 853940.909, 874830.829, 894812.492, 913885.898, 932051.046, 949307.937, 965656.570, 981096.946, 995629.064, 1009252.925, 1021968.529, 1033775.875, 1044674.964, 1054665.795, 1063748.370, 1071922.686, 1079188.745, 1085546.547, 1090996.092, 1095537.379, 1099170.408, 1101895.181, 1103711.695, 1104619.953, 1104619.953, 1103711.695, 1101895.181, 1099170.408, 1095537.379, 1090996.092, 1085546.547, 1079188.745, 1071922.686, 1063748.370, 1054665.795, 1044674.964, 1033775.875, 1021968.529, 1009252.925, 995629.064, 981096.946, 965656.570, 949307.937, 932051.046, 913885.898, 894812.492, 874830.829, 853940.909, 832142.731, 809436.296, 785821.604, 761298.654, 735867.447, 709527.984, 682280.265, 654124.298, 625060.095, 595087.696, 564207.193, 532418.813, 499723.059, 466121.018, 431614.900, 396208.985, 359911.130, 322735.016, 284703.227, 245851.068, 206230.804, 165915.657, 125002.667, 83613.453, 41892.109,    0.000,
   0.000, 49940.267, 99676.959, 149017.710, 197790.741, 245851.068, 293083.008, 339399.273, 384737.558, 429055.775, 472327.006, 514534.939, 555670.209, 595727.716, 634704.822, 672600.236, 709413.353, 745143.908, 779791.787, 813356.946, 845839.366, 877239.042, 907555.972, 936790.154, 964941.589, 992010.277, 1017996.217, 1042899.409, 1066719.854, 1089457.552, 1111112.502, 1131684.705, 1151174.160, 1169580.867, 1186904.827, 1203146.040, 1218304.505, 1232380.222, 1245373.192, 1257283.415, 1268110.890, 1277855.617, 1286517.597, 1294096.830, 1300593.315, 1306007.052, 1310338.042, 1313586.285, 1315751.780, 1316834.527, 1316834.527, 1315751.780, 1313586.285, 1310338.042, 1306007.052, 1300593.315, 1294096.830, 1286517.597, 1277855.617, 1268110.890, 1257283.415, 1245373.192, 1232380.222, 1218304.505, 1203146.040, 1186904.827, 1169580.867, 1151174.160, 1131684.705, 1111112.502, 1089457.552, 1066719.854, 1042899.409, 1017996.217, 992010.277, 964941.589, 936790.154, 907555.972, 877239.042, 845839.366, 813356.946, 779791.787, 745143.908, 709413.353, 672600.236, 634704.822, 595727.716, 555670.209, 514534.939, 472327.006, 429055.775, 384737.558, 339399.273, 293083.008, 245851.068, 197790.741, 149017.710, 99676.959, 49940.267,    0.000,
   0.000, 57832.400, 115429.052, 172567.186, 229047.877, 284703.227, 339399.273, 393034.933, 445538.057, 496859.908, 546969.314, 595847.388, 643483.284, 689871.096, 735007.773, 778891.815, 821522.526, 862899.596, 903022.894, 941892.369, 979508.001, 1015869.781, 1050977.708, 1084831.781, 1117432.000, 1148778.364, 1178870.874, 1207709.529, 1235294.329, 1261625.275, 1286702.366, 1310525.603, 1333094.985, 1354410.512, 1374472.185, 1393280.004, 1410833.968, 1427134.077, 1442180.332, 1455972.732, 1468511.278, 1479795.969, 1489826.805, 1498603.787, 1506126.914, 1512396.187, 1517411.606, 1521173.169, 1523680.878, 1524934.733, 1524934.733, 1523680.878, 1521173.169, 1517411.606, 1512396.187, 1506126.914, 1498603.787, 1489826.805, 1479795.969, 1468511.278, 1455972.732, 1442180.332, 1427134.077, 1410833.968, 1393280.004, 1374472.185, 1354410.512, 1333094.985, 1310525.603, 1286702.366, 1261625.275, 1235294.329, 1207709.529, 1178870.874, 1148778.364, 1117432.000, 1084831.781, 1050977.708, 1015869.781, 979508.001, 941892.369, 903022.894, 862899.596, 821522.526, 778891.815, 735007.773, 689871.096, 643483.284, 595847.388, 546969.314, 496859.908, 445538.057, 393034.933, 339399.273, 284703.227, 229047.877, 172567.186, 115429.052, 57832.400,    0.000,
   0.000, 65557.892, 130848.540, 195619.415, 259645.016, 322735.016, 384737.558, 445538.057, 505054.728, 563232.323, 620035.508, 675442.873, 729442.126, 782026.571, 833192.749, 882938.962, 931264.420, 978168.771, 1023651.868, 1067713.651, 1110354.099, 1151573.202, 1191370.959, 1229747.367, 1266702.427, 1302236.138, 1336348.501, 1369039.516, 1400309.182, 1430157.500, 1458584.469, 1485590.090, 1511174.362, 1535337.286, 1558078.861, 1579399.088, 1599297.967, 1617775.497, 1634831.678, 1650466.511, 1664679.996, 1677472.132, 1688842.920, 1698792.359, 1707320.450, 1714427.192, 1720112.586, 1724376.631, 1727219.328, 1728640.676, 1728640.676, 1727219.328, 1724376.631, 1720112.586, 1714427.192, 1707320.450, 1698792.359, 1688842.920, 1677472.132, 1664679.996, 1650466.511, 1634831.678, 1617775.497, 1599297.967, 1579399.088, 1558078.861, 1535337.286, 1511174.362, 1485590.090, 1458584.469, 1430157.500, 1400309.182, 1369039.516, 1336348.501, 1302236.138, 1266702.427, 1229747.367, 1191370.959, 1151573.202, 1110354.099, 1067713.651, 1023651.868, 978168.771, 931264.420, 882938.962, 833192.749, 782026.571, 729442.126, 675442.873, 620035.508, 563232.323, 505054.728, 445538.057, 384737.558, 322735.016, 259645.016, 195619.415, 130848.540, 65557.892,    0.000,
   0.000, 73109.569, 145921.108, 218152.996, 289553.752, 359911.130, 429055.775, 496859.908, 563232.323, 628111.410, 691457.765, 753247.514, 813466.949, 872108.603, 929168.619, 984645.105, 1038537.178, 1090844.447, 1141566.747, 1190704.013, 1238256.219, 1284223.356, 1328605.421, 1371402.412, 1412614.330, 1452241.174, 1490282.944, 1526739.641, 1561611.263, 1594897.813, 1626599.288, 1656715.689, 1685247.017, 1712193.271, 1737554.451, 1761330.558, 1783521.590, 1804127.549, 1823148.434, 1840584.246, 1856434.983, 1870700.647, 1883381.237, 1894476.754, 1903987.196, 1911912.565, 1918252.860, 1923008.081, 1926178.229, 1927763.303, 1927763.303, 1926178.229, 1923008.081, 1918252.860, 1911912.565, 1903987.196, 1894476.754, 1883381.237, 1870700.647, 1856434.983, 1840584.246, 1823148.434, 1804127.549, 1783521.590, 1761330.558, 1737554.451, 1712193.271, 1685247.017, 1656715.689, 1626599.288, 1594897.813, 1561611.263, 1526739.641, 1490282.944, 1452241.174, 1412614.330, 1371402.412, 1328605.421, 1284223.356, 1238256.219, 1190704.013, 1141566.747, 1090844.447, 1038537.178, 984645.105, 929168.619, 872108.603, 813466.949, 753247.514, 691457.765, 628111.410, 563232.323, 496859.908, 429055.775, 359911.130, 289553.752, 218152.996, 145921.108, 73109.569,    0.000,
   0.000, 80482.845, 160637.600, 240154.239, 318755.919, 396208.985, 472327.006, 546969.314, 620035.508, 691457.765, 761192.708, 829214.058, 895506.723, 960062.486, 1022877.100, 1083948.481, 1143275.658, 1200858.201, 1256695.930, 1310788.770, 1363136.694, 1413739.693, 1462597.762, 1509710.900, 1555079.108, 1598702.385, 1640580.730, 1680714.145, 1719102.628, 1755746.181, 1790644.802, 1823798.492, 1855207.252, 1884871.080, 1912789.977, 1938963.943, 1963392.978, 1986077.082, 2007016.254, 2026210.496, 2043659.807, 2059364.186, 2073323.635, 2085538.153, 2096007.739, 2104732.394, 2111712.119, 2116946.912, 2120436.774, 2122181.705, 2122181.705, 2120436.774, 2116946.912, 2111712.119, 2104732.394, 2096007.739, 2085538.153, 2073323.635, 2059364.186, 2043659.807, 2026210.496, 2007016.254, 1986077.082, 1963392.978, 1938963.943, 1912789.977, 1884871.080, 1855207.252, 1823798.492, 1790644.802, 1755746.181, 1719102.628, 1680714.145, 1640580.730, 1598702.385, 1555079.108, 1509710.900, 1462597.762, 1413739.693, 1363136.694, 1310788.770, 1256695.930, 1200858.201, 1143275.658, 1083948.481, 1022877.100, 960062.486, 895506.723, 829214.058, 761192.708, 691457.765, 620035.508, 546969.314, 472327.006, 396208.985, 318755.919, 240154.239, 160637.600, 80482.845,    0.000,
   0.000, 87674.940, 174992.467, 261614.851, 347240.507, 431614.900, 514534.939, 595847.388, 675442.873, 753247.514, 829214.058, 903313.878, 975530.535, 1045855.077, 1114282.879, 1180811.670, 1245440.394, 1308168.581, 1368996.035, 1427922.674, 1484948.471, 1540073.413, 1593297.497, 1644620.721, 1694043.085, 1741564.589, 1787185.232, 1830905.016, 1872723.940, 1912642.003, 1950659.206, 1986775.549, 2020991.032, 2053305.655, 2083719.417, 2112232.320, 2138844.362, 2163555.544, 2186365.866, 2207275.327, 2226283.929, 2243391.670, 2258598.552, 2271904.573, 2283309.734, 2292814.035, 2300417.475, 2306120.056, 2309921.776, 2311822.636, 2311822.636, 2309921.776, 2306120.056, 2300417.475, 2292814.035, 2283309.734, 2271904.573, 2258598.552, 2243391.670, 2226283.929, 2207275.327, 2186365.866, 2163555.544, 2138844.362, 2112232.320, 2083719.417, 2053305.655, 2020991.032, 1986775.549, 1950659.206, 1912642.003, 1872723.940, 1830905.016, 1787185.232, 1741564.589, 1694043.085, 1644620.721, 1593297.497, 1540073.413, 1484948.471, 1427922.674, 1368996.035, 1308168.581, 1245440.394, 1180811.670, 1114282.879, 1045855.077, 975530.535, 903313.878, 829214.058, 753247.514, 675442.873, 595847.388, 514534.939, 431614.900, 347240.507, 261614.851, 174992.467, 87674.940,    0.000,
   0.000, 94684.256, 188982.524, 282530.069, 375001.196, 466121.018, 555670.209, 643483.284, 729442.126, 813466.949, 895506.723, 975530.535, 1053520.631, 1129467.345, 1203365.681, 1275213.188, 1345008.725, 1412751.784, 1478442.153, 1542079.747, 1603664.532, 1663196.496, 1720675.636, 1776101.950, 1829475.438, 1880796.100, 1930063.935, 1977278.944, 2022441.126, 2065550.481, 2106607.011, 2145610.713, 2182561.590, 2217459.640, 2250304.863, 2281097.260, 2309836.830, 2336523.574, 2361157.492, 2383738.583, 2404266.848, 2422742.286, 2439164.897, 2453534.683, 2465851.641, 2476115.774, 2484327.080, 2490485.559, 2494591.212, 2496644.038, 2496644.038, 2494591.212, 2490485.559, 2484327.080, 2476115.774, 2465851.641, 2453534.683, 2439164.897, 2422742.286, 2404266.848, 2383738.583, 2361157.492, 2336523.574, 2309836.830, 2281097.260, 2250304.863, 2217459.640, 2182561.590, 2145610.713, 2106607.011, 2065550.481, 2022441.126, 1977278.944, 1930063.935, 1880796.100, 1829475.438, 1776101.950, 1720675.636, 1663196.496, 1603664.532, 1542079.747, 1478442.153, 1412751.784, 1345008.725, 1275213.188, 1203365.681, 1129467.345, 1053520.631, 975530.535, 895506.723, 813466.949, 729442.126, 643483.284, 555670.209, 466121.018, 375001.196, 282530.069, 188982.524, 94684.256,    0.000,
   0.000, 101509.926, 202606.035, 302897.299, 402034.541, 499723.059, 595727.716, 689871.096, 782026.571, 872108.603, 960062.486, 1045855.077, 1129467.345, 1210888.926, 1290114.465, 1367141.334, 1441968.309, 1514594.848, 1585020.722, 1653245.838, 1719270.163, 1783093.684, 1844716.395, 1904138.296, 1961359.386, 2016379.665, 2069199.132, 2119817.789, 2168235.634, 2214452.668, 2258468.891, 2300284.303, 2339898.904, 2377312.694, 2412525.672, 2445537.839, 2476349.195, 2504959.740, 2531369.474, 2555578.397, 2577586.508, 2597393.809, 2615000.298, 2630405.976, 2643610.843, 2654614.899, 2663418.143, 2670020.577, 2674422.199, 2676623.010, 2676623.010, 2674422.199, 2670020.577, 2663418.143, 2654614.899, 2643610.843, 2630405.976, 2615000.298, 2597393.809, 2577586.508, 2555578.397, 2531369.474, 2504959.740, 2476349.195, 2445537.839, 2412525.672, 2377312.694, 2339898.904, 2300284.303, 2258468.891, 2214452.668, 2168235.634, 2119817.789, 2069199.132, 2016379.665, 1961359.386, 1904138.296, 1844716.395, 1783093.684, 1719270.163, 1653245.838, 1585020.722, 1514594.848, 1441968.309, 1367141.334, 1290114.465, 1210888.926, 1129467.345, 1045855.077, 960062.486, 872108.603, 782026.571, 689871.096, 595727.716, 499723.059, 402034.541, 302897.299, 202606.035, 101509.926,    0.000,
   0.000, 108151.499, 215862.104, 322715.201, 428338.765, 532418.813, 634704.822, 735007.773, 833192.749, 929168.619, 1022877.100, 1114282.879, 1203365.681, 1290114.465, 1374523.525, 1456590.062, 1536312.771, 1613691.076, 1688724.731, 1761413.640, 1831757.765, 1899757.092, 1965411.617, 2028721.338, 2089686.255, 2148306.368, 2204581.676, 2258512.180, 2310097.879, 2359338.773, 2406234.863, 2450786.149, 2492992.630, 2532854.306, 2570371.178, 2605543.246, 2638370.509, 2668852.967, 2696990.621, 2722783.471, 2746231.516, 2767334.756, 2786093.192, 2802506.824, 2816575.651, 2828299.674, 2837678.892, 2844713.305, 2849402.914, 2851747.719, 2851747.719, 2849402.914, 2844713.305, 2837678.892, 2828299.674, 2816575.651, 2802506.824, 2786093.192, 2767334.756, 2746231.516, 2722783.471, 2696990.621, 2668852.967, 2638370.509, 2605543.246, 2570371.178, 2532854.306, 2492992.630, 2450786.149, 2406234.863, 2359338.773, 2310097.879, 2258512.180, 2204581.676, 2148306.368, 2089686.255, 2028721.338, 1965411.617, 1899757.092, 1831757.765, 1761413.640, 1688724.731, 1613691.076, 1536312.771, 1456590.062, 1374523.525, 1290114.465, 1203365.681, 1114282.879, 1022877.100, 929168.619, 833192.749, 735007.773, 634704.822, 532418.813, 428338.765, 322715.201, 215862.104, 108151.499,    0.000,
   0.000, 114608.755, 228750.291, 341983.116, 453912.994, 564207.193, 672600.236, 778891.815, 882938.962, 984645.105, 1083948.481, 1180811.670, 1275213.188, 1367141.334, 1456590.062, 1543556.405, 1628038.983, 1710037.182, 1789550.743, 1866579.565, 1941123.606, 2013182.853, 2082757.301, 2149846.948, 2214451.793, 2276571.836, 2336207.078, 2393357.518, 2448023.156, 2500203.993, 2549900.028, 2597111.261, 2641837.692, 2684079.322, 2723836.150, 2761108.176, 2795895.400, 2828197.823, 2858015.444, 2885348.263, 2910196.280, 2932559.496, 2952437.910, 2969831.522, 2984740.332, 2997164.341, 3007103.548, 3014557.953, 3019527.557, 3022012.358, 3022012.358, 3019527.557, 3014557.953, 3007103.548, 2997164.341, 2984740.332, 2969831.522, 2952437.910, 2932559.496, 2910196.280, 2885348.263, 2858015.444, 2828197.823, 2795895.400, 2761108.176, 2723836.150, 2684079.322, 2641837.692, 2597111.261, 2549900.028, 2500203.993, 2448023.156, 2393357.518, 2336207.078, 2276571.836, 2214451.793, 2149846.948, 2082757.301, 2013182.853, 1941123.606, 1866579.565, 1789550.743, 1710037.182, 1628038.983, 1543556.405, 1456590.062, 1367141.334, 1275213.188, 1180811.670, 1083948.481, 984645.105, 882938.962, 778891.815, 672600.236, 564207.193, 453912.994, 341983.116, 228750.291, 114608.755,    0.000,
   0.000, 120881.592, 241270.390, 360700.738, 478756.821, 595087.696, 709413.353, 821522.526, 931264.420, 1038537.178, 1143275.658, 1245440.394, 1345008.725, 1441968.309, 1536312.771, 1628038.983, 1717145.486, 1803631.634, 1887497.156, 1968741.941, 2047365.949, 2123369.164, 2196751.581, 2267513.198, 2335654.015, 2401174.031, 2464073.247, 2524351.661, 2582009.276, 2637046.089, 2689462.102, 2739257.314, 2786431.726, 2830985.337, 2872918.147, 2912230.157, 2948921.366, 2982991.774, 3014441.382, 3043270.189, 3069478.196, 3093065.401, 3114031.807, 3132377.411, 3148102.215, 3161206.218, 3171689.421, 3179551.823, 3184793.424, 3187414.225, 3187414.225, 3184793.424, 3179551.823, 3171689.421, 3161206.218, 3148102.215, 3132377.411, 3114031.807, 3093065.401, 3069478.196, 3043270.189, 3014441.382, 2982991.774, 2948921.366, 2912230.157, 2872918.147, 2830985.337, 2786431.726, 2739257.314, 2689462.102, 2637046.089, 2582009.276, 2524351.661, 2464073.247, 2401174.031, 2335654.015, 2267513.198, 2196751.581, 2123369.164, 2047365.949, 1968741.941, 1887497.156, 1803631.634, 1717145.486, 1628038.983, 1536312.771, 1441968.309, 1345008.725, 1245440.394, 1143275.658, 1038537.178, 931264.420, 821522.526, 709413.353, 595087.696, 478756.821, 360700.738, 241270.390, 120881.592,    0.000,
   0.000, 126969.963, 253422.311, 378867.931, 502870.066, 625060.095, 745143.908, 862899.596, 978168.771, 1090844.447, 1200858.201, 1308168.581, 1412751.784, 1514594.848, 1613691.076, 1710037.182, 1803631.634, 1894473.755, 1982563.258, 2067900.029, 2150484.024, 2230315.227, 2307393.632, 2381719.238, 2453292.044, 2522112.050, 2588179.255, 2651493.660, 2712055.265, 2769864.070, 2824920.075, 2877223.279, 2926773.683, 2973571.287, 3017616.091, 3058908.094, 3097447.297, 3133233.700, 3166267.303, 3196548.106, 3224076.108, 3248851.310, 3270873.712, 3290143.313, 3306660.115, 3320424.116, 3331435.317, 3339693.718, 3345199.318, 3347952.118, 3347952.118, 3345199.318, 3339693.718, 3331435.317, 3320424.116, 3306660.115, 3290143.313, 3270873.712, 3248851.310, 3224076.108, 3196548.106, 3166267.303, 3133233.700, 3097447.297, 3058908.094, 3017616.091, 2973571.287, 2926773.683, 2877223.279, 2824920.075, 2769864.070, 2712055.265, 2651493.660, 2588179.255, 2522112.050, 2453292.044, 2381719.238, 2307393.632, 2230315.227, 2150484.024, 2067900.029, 1982563.258, 1894473.755, 1803631.634, 1710037.182, 1613691.076, 1514594.848, 1412751.784, 1308168.581, 1200858.201, 1090844.447, 978168.771, 862899.596, 745143.908, 625060.095, 502870.066, 378867.931, 253422.311, 126969.963,    0.000,
   0.000, 132873.850, 265206.015, 396484.638, 526252.652, 654124.298, 779791.787, 903022.894, 1023651.868, 1141566.747, 1256695.930, 1368996.035, 1478442.153, 1585020.722, 1688724.731, 1789550.743, 1887497.156, 1982563.258, 2074748.752, 2164053.517, 2250477.506, 2334020.705, 2414683.106, 2492464.707, 2567365.509, 2639385.511, 2708524.713, 2774783.115, 2838160.717, 2898657.518, 2956273.520, 3011008.721, 3062863.123, 3111836.724, 3157929.525, 3201141.526, 3241472.727, 3278923.128, 3313492.729, 3345181.530, 3373989.531, 3399916.732, 3422963.132, 3443128.733, 3460413.533, 3474817.534, 3486340.734, 3494983.134, 3500744.734, 3503625.535, 3503625.535, 3500744.734, 3494983.134, 3486340.734, 3474817.534, 3460413.533, 3443128.733, 3422963.132, 3399916.732, 3373989.531, 3345181.530, 3313492.729, 3278923.128, 3241472.727, 3201141.526, 3157929.525, 3111836.724, 3062863.123, 3011008.721, 2956273.520, 2898657.518, 2838160.717, 2774783.115, 2708524.713, 2639385.511, 2567365.509, 2492464.707, 2414683.106, 2334020.705, 2250477.506, 2164053.517, 2074748.752, 1982563.258, 1887497.156, 1789550.743, 1688724.731, 1585020.722, 1478442.153, 1368996.035, 1256695.930, 1141566.747, 1023651.868, 903022.894, 779791.787, 654124.298, 526252.652, 396484.638, 265206.015, 132873.850,    0.000,
   0.000, 138593.245, 276621.487, 413550.836, 548904.551, 682280.265, 813356.946, 941892.369, 1067713.651, 1190704.013, 1310788.770, 1427922.674, 1542079.747, 1653245.838, 1761413.640, 1866579.565, 1968741.941, 2067900.029, 2164053.517, 2257202.278, 2347346.266, 2434485.462, 2518619.862, 2599749.462, 2677874.263, 2752994.263, 2825109.464, 2894219.864, 2960325.465, 3023426.265, 3083522.266, 3140613.466, 3194699.867, 3245781.467, 3293858.268, 3338930.268, 3380997.468, 3420059.869, 3456117.469, 3489170.269, 3519218.270, 3546261.470, 3570299.870, 3591333.470, 3609362.270, 3624386.271, 3636405.471, 3645419.871, 3651429.471, 3654434.271, 3654434.271, 3651429.471, 3645419.871, 3636405.471, 3624386.271, 3609362.270, 3591333.470, 3570299.870, 3546261.470, 3519218.270, 3489170.269, 3456117.469, 3420059.869, 3380997.468, 3338930.268, 3293858.268, 3245781.467, 3194699.867, 3140613.466, 3083522.266, 3023426.265, 2960325.465, 2894219.864, 2825109.464, 2752994.263, 2677874.263, 2599749.462, 2518619.862, 2434485.462, 2347346.266, 2257202.278, 2164053.517, 2067900.029, 1968741.941, 1866579.565, 1761413.640, 1653245.838, 1542079.747, 1427922.674, 1310788.770, 1190704.013, 1067713.651, 941892.369, 813356.946, 682280.265, 548904.551, 413550.836, 276621.487, 138593.245,    0.000,
   0.000, 144128.145, 287668.721, 430066.516, 570825.748, 709527.984, 845839.366, 979508.001, 1110354.099, 1238256.219, 1363136.694, 1484948.471, 1603664.532, 1719270.163, 1831757.765, 1941123.606, 2047365.949, 2150484.024, 2250477.506, 2347346.266, 2441090.252, 2531709.448, 2619203.847, 2703573.447, 2784818.247, 2862938.247, 2937933.447, 3009803.848, 3078549.448, 3144170.248, 3206666.248, 3266037.448, 3322283.848, 3375405.449, 3425402.249, 3472274.249, 3516021.449, 3556643.849, 3594141.449, 3628514.249, 3659762.249, 3687885.449, 3712883.849, 3734757.449, 3753506.249, 3769130.250, 3781629.450, 3791003.850, 3797253.450, 3800378.250, 3800378.250, 3797253.450, 3791003.850, 3781629.450, 3769130.250, 3753506.249, 3734757.449, 3712883.849, 3687885.449, 3659762.249, 3628514.249, 3594141.449, 3556643.849, 3516021.449, 3472274.249, 3425402.249, 3375405.449, 3322283.848, 3266037.448, 3206666.248, 3144170.248, 3078549.448, 3009803.848, 2937933.447, 2862938.247, 2784818.247, 2703573.447, 2619203.847, 2531709.448, 2441090.252, 2347346.266, 2250477.506, 2150484.024, 2047365.949, 1941123.606, 1831757.765, 1719270.163, 1603664.532, 1484948.471, 1363136.694, 1238256.219, 1110354.099, 979508.001, 845839.366, 709527.984, 570825.748, 430066.516, 287668.721, 144128.145,    0.000,
   0.000, 149478.548, 298347.715, 446031.675, 592016.242, 735867.447, 877239.042, 1015869.781, 1151573.202, 1284223.356, 1413739.693, 1540073.413, 1663196.496, 1783093.684, 1899757.092, 2013182.853, 2123369.164, 2230315.227, 2334020.705, 2434485.462, 2531709.448, 2625692.644, 2716435.043, 2803936.642, 2888197.442, 2969217.442, 3046996.642, 3121535.042, 3192832.642, 3260889.442, 3325705.442, 3387280.642, 3445615.043, 3500708.643, 3552561.443, 3601173.443, 3646544.643, 3688675.043, 3727564.643, 3763213.443, 3795621.443, 3824788.643, 3850715.043, 3873400.643, 3892845.443, 3909049.443, 3922012.643, 3931735.043, 3938216.643, 3941457.443, 3941457.443, 3938216.643, 3931735.043, 3922012.643, 3909049.443, 3892845.443, 3873400.643, 3850715.043, 3824788.643, 3795621.443, 3763213.443, 3727564.643, 3688675.043, 3646544.643, 3601173.443, 3552561.443, 3500708.643, 3445615.043, 3387280.642, 3325705.442, 3260889.442, 3192832.642, 3121535.042, 3046996.642, 2969217.442, 2888197.442, 2803936.642, 2716435.043, 2625692.644, 2531709.448, 2434485.462, 2334020.705, 2230315.227, 2123369.164, 2013182.853, 1899757.092, 1783093.684, 1663196.496, 1540073.413, 1413739.693, 1284223.356, 1151573.202, 1015869.781, 877239.042, 735867.447, 592016.242, 446031.675, 298347.715, 149478.548,    0.000,
   0.000, 154644.455, 308658.468, 461446.312, 612476.029, 761298.654, 907555.972, 1050977.708, 1191370.959, 1328605.421, 1462597.762, 1593297.497, 1720675.636, 1844716.395, 1965411.617, 2082757.301, 2196751.581, 2307393.632, 2414683.106, 2518619.862, 2619203.847, 2716435.043, 2810313.441, 2900839.041, 2988011.841, 3071831.841, 3152299.041, 3229413.441, 3303175.041, 3373583.841, 3440639.841, 3504343.041, 3564693.441, 3621691.041, 3675335.841, 3725627.841, 3772567.041, 3816153.441, 3856387.041, 3893267.841, 3926795.841, 3956971.041, 3983793.441, 4007263.041, 4027379.841, 4044143.841, 4057555.041, 4067613.441, 4074319.041, 4077671.841, 4077671.841, 4074319.041, 4067613.441, 4057555.041, 4044143.841, 4027379.841, 4007263.041, 3983793.441, 3956971.041, 3926795.841, 3893267.841, 3856387.041, 3816153.441, 3772567.041, 3725627.841, 3675335.841, 3621691.041, 3564693.441, 3504343.041, 3440639.841, 3373583.841, 3303175.041, 3229413.441, 3152299.041, 3071831.841, 2988011.841, 2900839.041, 2810313.441, 2716435.043, 2619203.847, 2518619.862, 2414683.106, 2307393.632, 2196751.581, 2082757.301, 1965411.617, 1844716.395, 1720675.636, 1593297.497, 1462597.762, 1328605.421, 1191370.959, 1050977.708, 907555.972, 761298.654, 612476.029, 461446.312, 308658.468, 154644.455,    0.000,
   0.000, 159625.866, 318600.980, 476310.426, 632205.110, 785821.604, 936790.154, 1084831.781, 1229747.367, 1371402.412, 1509710.900, 1644620.721, 1776101.950, 1904138.296, 2028721.338, 2149846.948, 2267513.198, 2381719.238, 2492464.707, 2599749.462, 2703573.447, 2803936.642, 2900839.041, 2994280.640, 3084261.440, 3170781.440, 3253840.640, 3333439.040, 3409576.640, 3482253.440, 3551469.440, 3617224.640, 3679519.040, 3738352.640, 3793725.440, 3845637.440, 3894088.640, 3939079.040, 3980608.640, 4018677.440, 4053285.440, 4084432.640, 4112119.040, 4136344.640, 4157109.440, 4174413.440, 4188256.640, 4198639.040, 4205560.640, 4209021.440, 4209021.440, 4205560.640, 4198639.040, 4188256.640, 4174413.440, 4157109.440, 4136344.640, 4112119.040, 4084432.640, 4053285.440, 4018677.440, 3980608.640, 3939079.040, 3894088.640, 3845637.440, 3793725.440, 3738352.640, 3679519.040, 3617224.640, 3551469.440, 3482253.440, 3409576.640, 3333439.040, 3253840.640, 3170781.440, 3084261.440, 2994280.640, 2900839.041, 2803936.642, 2703573.447, 2599749.462, 2492464.707, 2381719.238, 2267513.198, 2149846.948, 2028721.338, 1904138.296, 1776101.950, 1644620.721, 1509710.900, 1371402.412, 1229747.367, 1084831.781, 936790.154, 785821.604, 632205.110, 476310.426, 318600.980, 159625.866,    0.000,
   0.000, 164422.780, 328175.250, 490624.017, 651203.484, 809436.296, 964941.589, 1117432.000, 1266702.427, 1412614.330, 1555079.108, 1694043.085, 1829475.438, 1961359.386, 2089686.255, 2214451.793, 2335654.015, 2453292.044, 2567365.509, 2677874.263, 2784818.247, 2888197.442, 2988011.841, 3084261.440, 3176946.240, 3266066.240, 3351621.440, 3433611.840, 3512037.440, 3586898.240, 3658194.240, 3725925.440, 3790091.840, 3850693.440, 3907730.240, 3961202.240, 4011109.440, 4057451.840, 4100229.440, 4139442.240, 4175090.240, 4207173.440, 4235691.840, 4260645.440, 4282034.240, 4299858.240, 4314117.440, 4324811.840, 4331941.440, 4335506.240, 4335506.240, 4331941.440, 4324811.840, 4314117.440, 4299858.240, 4282034.240, 4260645.440, 4235691.840, 4207173.440, 4175090.240, 4139442.240, 4100229.440, 4057451.840, 4011109.440, 3961202.240, 3907730.240, 3850693.440, 3790091.840, 3725925.440, 3658194.240, 3586898.240, 3512037.440, 3433611.840, 3351621.440, 3266066.240, 3176946.240, 3084261.440, 2988011.841, 2888197.442, 2784818.247, 2677874.263, 2567365.509, 2453292.044, 2335654.015, 2214451.793, 2089686.255, 1961359.386, 1829475.438, 1694043.085, 1555079.108, 1412614.330, 1266702.427, 1117432.000, 964941.589, 809436.296, 651203.484, 490624.017, 328175.250, 164422.780,    0.000,
   0.000, 169035.197, 337381.280, 504387.086, 669471.151, 832142.731, 992010.277, 1148778.364, 1302236.138, 1452241.174, 1598702.385, 1741564.589, 1880796.100, 2016379.665, 2148306.368, 2276571.836, 2401174.031, 2522112.050, 2639385.511, 2752994.263, 2862938.247, 2969217.442, 3071831.841, 3170781.440, 3266066.240, 3357686.240, 3445641.440, 3529931.840, 3610557.440, 3687518.240, 3760814.240, 3830445.440, 3896411.840, 3958713.440, 4017350.240, 4072322.240, 4123629.440, 4171271.840, 4215249.440, 4255562.240, 4292210.240, 4325193.440, 4354511.840, 4380165.440, 4402154.240, 4420478.240, 4435137.440, 4446131.840, 4453461.440, 4457126.240, 4457126.240, 4453461.440, 4446131.840, 4435137.440, 4420478.240, 4402154.240, 4380165.440, 4354511.840, 4325193.440, 4292210.240, 4255562.240, 4215249.440, 4171271.840, 4123629.440, 4072322.240, 4017350.240, 3958713.440, 3896411.840, 3830445.440, 3760814.240, 3687518.240, 3610557.440, 3529931.840, 3445641.440, 3357686.240, 3266066.240, 3170781.440, 3071831.841, 2969217.442, 2862938.247, 2752994.263, 2639385.511, 2522112.050, 2401174.031, 2276571.836, 2148306.368, 2016379.665, 1880796.100, 1741564.589, 1598702.385, 1452241.174, 1302236.138, 1148778.364, 992010.277, 832142.731, 669471.151, 504387.086, 337381.280, 169035.197,    0.000,
   0.000, 173463.117, 346219.068, 517599.632, 687008.112, 853940.909, 1017996.217, 1178870.874, 1336348.501, 1490282.944, 1640580.730, 1787185.232, 1930063.935, 2069199.132, 2204581.676, 2336207.078, 2464073.247, 2588179.255, 2708524.713, 2825109.464, 2937933.447, 3046996.642, 3152299.041, 3253840.640, 3351621.440, 3445641.440, 3535900.640, 3622399.040, 3705136.640, 3784113.440, 3859329.440, 3930784.640, 3998479.040, 4062412.640, 4122585.440, 4178997.440, 4231648.640, 4280539.040, 4325668.640, 4367037.440, 4404645.440, 4438492.640, 4468579.040, 4494904.640, 4517469.440, 4536273.440, 4551316.640, 4562599.040, 4570120.640, 4573881.440, 4573881.440, 4570120.640, 4562599.040, 4551316.640, 4536273.440, 4517469.440, 4494904.640, 4468579.040, 4438492.640, 4404645.440, 4367037.440, 4325668.640, 4280539.040, 4231648.640, 4178997.440, 4122585.440, 4062412.640, 3998479.040, 3930784.640, 3859329.440, 3784113.440, 3705136.640, 3622399.040, 3535900.640, 3445641.440, 3351621.440, 3253840.640, 3152299.041, 3046996.642, 2937933.447, 2825109.464, 2708524.713, 2588179.255, 2464073.247, 2336207.078, 2204581.676, 2069199.132, 1930063.935, 1787185.232, 1640580.730, 1490282.944, 1336348.501, 1178870.874, 1017996.217, 853940.909, 687008.112, 517599.632, 346219.068, 173463.117,    0.000,
   0.000, 177706.541, 354688.616, 530261.655, 703814.366, 874830.829, 1042899.409, 1207709.529, 1369039.516, 1526739.641, 1680714.145, 1830905.016, 1977278.944, 2119817.789, 2258512.180, 2393357.518, 2524351.661, 2651493.660, 2774783.115, 2894219.864, 3009803.848, 3121535.042, 3229413.441, 3333439.040, 3433611.840, 3529931.840, 3622399.040, 3711013.440, 3795775.040, 3876683.840, 3953739.840, 4026943.040, 4096293.440, 4161791.040, 4223435.840, 4281227.840, 4335167.040, 4385253.440, 4431487.040, 4473867.840, 4512395.840, 4547071.040, 4577893.440, 4604863.040, 4627979.840, 4647243.840, 4662655.040, 4674213.440, 4681919.040, 4685771.840, 4685771.840, 4681919.040, 4674213.440, 4662655.040, 4647243.840, 4627979.840, 4604863.040, 4577893.440, 4547071.040, 4512395.840, 4473867.840, 4431487.040, 4385253.440, 4335167.040, 4281227.840, 4223435.840, 4161791.040, 4096293.440, 4026943.040, 3953739.840, 3876683.840, 3795775.040, 3711013.440, 3622399.040, 3529931.840, 3433611.840, 3333439.040, 3229413.441, 3121535.042, 3009803.848, 2894219.864, 2774783.115, 2651493.660, 2524351.661, 2393357.518, 2258512.180, 2119817.789, 1977278.944, 1830905.016, 1680714.145, 1526739.641, 1369039.516, 1207709.529, 1042899.409, 874830.829, 703814.366, 530261.655, 354688.616, 177706.541,    0.000,
   0.000, 181765.468, 362789.922, 542373.156, 719889.914, 894812.492, 1066719.854, 1235294.329, 1400309.182, 1561611.263, 1719102.628, 1872723.940, 2022441.126, 2168235.634, 2310097.879, 2448023.156, 2582009.276, 2712055.265, 2838160.717, 2960325.465, 3078549.448, 3192832.642, 3303175.041, 3409576.640, 3512037.440, 3610557.440, 3705136.640, 3795775.040, 3882472.640, 3965229.440, 4044045.440, 4118920.640, 4189855.040, 4256848.640, 4319901.440, 4379013.440, 4434184.640, 4485415.040, 4532704.640, 4576053.440, 4615461.440, 4650928.640, 4682455.040, 4710040.640, 4733685.440, 4753389.440, 4769152.640, 4780975.040, 4788856.640, 4792797.440, 4792797.440, 4788856.640, 4780975.040, 4769152.640, 4753389.440, 4733685.440, 4710040.640, 4682455.040, 4650928.640, 4615461.440, 4576053.440, 4532704.640, 4485415.040, 4434184.640, 4379013.440, 4319901.440, 4256848.640, 4189855.040, 4118920.640, 4044045.440, 3965229.440, 3882472.640, 3795775.040, 3705136.640, 3610557.440, 3512037.440, 3409576.640, 3303175.041, 3192832.642, 3078549.448, 2960325.465, 2838160.717, 2712055.265, 2582009.276, 2448023.156, 2310097.879, 2168235.634, 2022441.126, 1872723.940, 1719102.628, 1561611.263, 1400309.182, 1235294.329, 1066719.854, 894812.492, 719889.914, 542373.156, 362789.922, 181765.468,    0.000,
   0.000, 185639.898, 370522.987, 553934.133, 735234.754, 913885.898, 1089457.552, 1261625.275, 1430157.500, 1594897.813, 1755746.181, 1912642.003, 2065550.481, 2214452.668, 2359338.773, 2500203.993, 2637046.089, 2769864.070, 2898657.518, 3023426.265, 3144170.248, 3260889.442, 3373583.841, 3482253.440, 3586898.240, 3687518.240, 3784113.440, 3876683.840, 3965229.440, 4049750.240, 4130246.240, 4206717.440, 4279163.840, 4347585.440, 4411982.240, 4472354.240, 4528701.440, 4581023.840, 4629321.440, 4673594.240, 4713842.240, 4750065.440, 4782263.840, 4810437.440, 4834586.240, 4854710.240, 4870809.440, 4882883.840, 4890933.440, 4894958.240, 4894958.240, 4890933.440, 4882883.840, 4870809.440, 4854710.240, 4834586.240, 4810437.440, 4782263.840, 4750065.440, 4713842.240, 4673594.240, 4629321.440, 4581023.840, 4528701.440, 4472354.240, 4411982.240, 4347585.440, 4279163.840, 4206717.440, 4130246.240, 4049750.240, 3965229.440, 3876683.840, 3784113.440, 3687518.240, 3586898.240, 3482253.440, 3373583.841, 3260889.442, 3144170.248, 3023426.265, 2898657.518, 2769864.070, 2637046.089, 2500203.993, 2359338.773, 2214452.668, 2065550.481, 1912642.003, 1755746.181, 1594897.813, 1430157.500, 1261625.275, 1089457.552, 913885.898, 735234.754, 553934.133, 370522.987, 185639.898,    0.000,
   0.000, 189329.832, 377887.810, 564944.588, 749848.888, 932051.046, 1111112.502, 1286702.366, 1458584.469, 1626599.288, 1790644.802, 1950659.206, 2106607.011, 2258468.891, 2406234.863, 2549900.028, 2689462.102, 2824920.075, 2956273.520, 3083522.266, 3206666.248, 3325705.442, 3440639.841, 3551469.440, 3658194.240, 3760814.240, 3859329.440, 3953739.840, 4044045.440, 4130246.240, 4212342.240, 4290333.440, 4364219.840, 4434001.440, 4499678.240, 4561250.240, 4618717.440, 4672079.840, 4721337.440, 4766490.240, 4807538.240, 4844481.440, 4877319.840, 4906053.440, 4930682.240, 4951206.240, 4967625.440, 4979939.840, 4988149.440, 4992254.240, 4992254.240, 4988149.440, 4979939.840, 4967625.440, 4951206.240, 4930682.240, 4906053.440, 4877319.840, 4844481.440, 4807538.240, 4766490.240, 4721337.440, 4672079.840, 4618717.440, 4561250.240, 4499678.240, 4434001.440, 4364219.840, 4290333.440, 4212342.240, 4130246.240, 4044045.440, 3953739.840, 3859329.440, 3760814.240, 3658194.240, 3551469.440, 3440639.841, 3325705.442, 3206666.248, 3083522.266, 2956273.520, 2824920.075, 2689462.102, 2549900.028, 2406234.863, 2258468.891, 2106607.011, 1950659.206, 1790644.802, 1626599.288, 1458584.469, 1286702.366, 1111112.502, 932051.046, 749848.888, 564944.588, 377887.810, 189329.832,    0.000,
