   0.000,    0.000,    0.000,    0.000,    0.000,    0.000,    0.000,    0.000,    0.000,    0.000,    0.000,    0.000,    0.000,    0.000,    0.000,    0.000,    0.000,    0.000,    0.000,    0.000,    0.000,    0.000,    0.000,    0.000,    0.000,    0.000,    0.000,    0.000,    0.000,    0.000,    0.000,    0.000,    0.000,    0.000,    0.000,    0.000,    0.000,    0.000,    0.000,    0.000,    0.000,    0.000,    0.000,    0.000,    0.000,    0.000,    0.000,    0.000,    0.000,    0.000,    0.000,    0.000,    0.000,    0.000,    0.000,    0.000,    0.000,    0.000,    0.000,    0.000,    0.000,    0.000,    0.000,    0.000,    0.000,    0.000,    0.000,    0.000,    0.000,    0.000,    0.000,    0.000,    0.000,    0.000,    0.000,    0.000,    0.000,    0.000,    0.000,    0.000,    0.000,    0.000,    0.000,    0.000,    0.000,    0.000,    0.000,    0.000,    0.000,    0.000,    0.000,    0.000,    0.000,    0.000,    0.000,    0.000,    0.000,    0.000,    0.000,    0.000,
   0.000, 8650.285, 17261.199, 25796.110, 34223.306, 42517.229, 50658.699, 58634.302, 66435.291, 74056.341, 81494.427, 88747.940, 95816.080, 102698.475, 109394.960, 115905.470, 122229.979, 128368.478, 134320.962, 140087.432, 145667.887, 151062.327, 156270.752, 161293.161, 166129.555, 170779.935, 175244.299, 179522.647, 183614.981, 187521.299, 191241.603, 194775.891, 198124.164, 201286.422, 204262.664, 207052.892, 209657.104, 212075.301, 214307.483, 216353.650, 218213.802, 219887.938, 221376.059, 222678.166, 223794.257, 224724.332, 225468.393, 226026.439, 226398.469, 226584.484, 226584.484, 226398.469, 226026.439, 225468.393, 224724.332, 223794.257, 222678.166, 221376.059, 219887.938, 218213.802, 216353.650, 214307.483, 212075.301, 209657.104, 207052.892, 204262.664, 201286.422, 198124.164, 194775.891, 191241.603, 187521.299, 183614.981, 179522.647, 175244.299, 170779.935, 166129.555, 161293.161, 156270.752, 151062.327, 145667.887, 140087.432, 134320.962, 128368.478, 122229.979, 115905.470, 109394.960, 102698.475, 95816.080, 88747.940, 81494.427, 74056.341, 66435.291, 58634.302, 50658.699, 42517.229, 34223.306, 25796.110, 17261.199, 8650.285,    0.000,
   0.000, 17261.199, 34443.833, 51474.808, 68290.841, 84840.934, 101086.813, 117001.713, 132568.177, 147775.585, 162617.896, 177091.901, 191196.004, 204929.461, 218291.947, 231283.329, 243903.555, 256152.607, 268030.478, 279537.166, 290672.672, 301436.993, 311830.132, 321852.087, 331502.858, 340782.446, 349690.850, 358228.071, 366394.108, 374188.961, 381612.632, 388665.118, 395346.422, 401656.541, 407595.477, 413163.230, 418359.799, 423185.185, 427639.387, 431722.406, 435434.241, 438774.892, 441744.360, 444342.645, 446569.746, 448425.664, 449910.398, 451023.948, 451766.315, 452137.499, 452137.499, 451766.315, 451023.948, 449910.398, 448425.664, 446569.746, 444342.645, 441744.360, 438774.892, 435434.241, 431722.406, 427639.387, 423185.185, 418359.799, 413163.230, 407595.477, 401656.541, 395346.422, 388665.118, 381612.632, 374188.961, 366394.108, 358228.071, 349690.850, 340782.446, 331502.858, 321852.087, 311830.132, 301436.993, 290672.672, 279537.166, 268030.478, 256152.607, 243903.555, 231283.329, 218291.947, 204929.461, 191196.004, 177091.901, 162617.896, 147775.585, 132568.177, 117001.713, 101086.813, 84840.934, 68290.841, 51474.808, 34443.833, 17261.199,    0.000,
   0.000, 25796.110, 51474.808, 76926.856, 102057.679, 126791.063, 151069.811, 174853.922, 198117.312, 220844.105, 243025.277, 264656.033, 285733.986, 306258.024, 326227.664, 345642.704, 364503.068, 382808.730, 400559.678, 417755.911, 434397.426, 450484.225, 466016.306, 480993.671, 495416.318, 509284.247, 522597.460, 535355.956, 547559.734, 559208.795, 570303.139, 580842.765, 590827.675, 600257.867, 609133.342, 617454.100, 625220.141, 632431.464, 639088.071, 645189.960, 650737.132, 655729.587, 660167.324, 664050.344, 667378.648, 670152.234, 672371.102, 674035.254, 675144.688, 675699.406, 675699.406, 675144.688, 674035.254, 672371.102, 670152.234, 667378.648, 664050.344, 660167.324, 655729.587, 650737.132, 645189.960, 639088.071, 632431.464, 625220.141, 617454.100, 609133.342, 600257.867, 590827.675, 580842.765, 570303.139, 559208.795, 547559.734, 535355.956, 522597.460, 509284.247, 495416.318, 480993.671, 466016.306, 450484.225, 434397.426, 417755.911, 400559.678, 382808.730, 364503.068, 345642.704, 326227.664, 306258.024, 285733.986, 264656.033, 243025.277, 220844.105, 198117.312, 174853.922, 151069.811, 126791.063, 102057.679, 76926.856, 51474.808, 25796.110,    0.000,
   0.000, 34223.306, 68290.841, 102057.679, 135398.349, 168211.738, 200421.964, 231975.960, 262839.120, 292990.385, 322417.783, 351114.951, 379078.725, 406307.630, 432801.022, 458558.636, 483580.372, 507866.192, 531416.083, 554230.042, 576308.067, 597650.158, 618256.315, 638126.538, 657260.826, 675659.181, 693321.601, 710248.087, 726438.639, 741893.257, 756611.940, 770594.690, 783841.505, 796352.386, 808127.333, 819166.345, 829469.424, 839036.568, 847867.778, 855963.054, 863322.396, 869945.804, 875833.277, 880984.816, 885400.421, 889080.092, 892023.829, 894231.632, 895703.500, 896439.434, 896439.434, 895703.500, 894231.632, 892023.829, 889080.092, 885400.421, 880984.816, 875833.277, 869945.804, 863322.396, 855963.054, 847867.778, 839036.568, 829469.424, 819166.345, 808127.333, 796352.386, 783841.505, 770594.690, 756611.940, 741893.257, 726438.639, 710248.087, 693321.601, 675659.181, 657260.826, 638126.538, 618256.315, 597650.158, 576308.067, 554230.042, 531416.083, 507866.192, 483580.372, 458558.636, 432801.022, 406307.630, 379078.725, 351114.951, 322417.783, 292990.385, 262839.120, 231975.960, 200421.964, 168211.738, 135398.349, 102057.679, 68290.841, 34223.306,    0.000,
   0.000, 42517.229, 84840.934, 126791.063, 168211.738, 208977.341, 248993.600, 288194.590, 326537.319, 363995.626, 400554.637, 436206.450, 470947.133, 504774.854, 537688.813, 569688.682, 600774.335, 630945.726, 660202.839, 688545.670, 715974.216, 742488.477, 768088.454, 792774.145, 816545.552, 839402.674, 861345.511, 882374.063, 902488.330, 921688.313, 939974.010, 957345.423, 973802.551, 989345.394, 1003973.952, 1017688.225, 1030488.213, 1042373.916, 1053345.335, 1063402.468, 1072545.317, 1080773.881, 1088088.160, 1094488.154, 1099973.864, 1104545.288, 1108202.427, 1110945.282, 1112773.852, 1113688.137, 1113688.137, 1112773.852, 1110945.282, 1108202.427, 1104545.288, 1099973.864, 1094488.154, 1088088.160, 1080773.881, 1072545.317, 1063402.468, 1053345.335, 1042373.916, 1030488.213, 1017688.225, 1003973.952, 989345.394, 973802.551, 957345.423, 939974.010, 921688.313, 902488.330, 882374.063, 861345.511, 839402.674, 816545.552, 792774.145, 768088.454, 742488.477, 715974.216, 688545.670, 660202.839, 630945.726, 600774.335, 569688.682, 537688.813, 504774.854, 470947.133, 436206.450, 400554.637, 363995.626, 326537.319, 288194.590, 248993.600, 208977.341, 168211.738, 126791.063, 84840.934, 42517.229,    0.000,
   0.000, 50658.699, 101086.813, 151069.811, 200421.964, 248993.600, 296672.397, 343379.806, 389064.607, 433695.628, 477255.150, 519733.758, 561126.767, 601431.996, 640648.490, 678775.861, 715813.955, 751762.721, 786622.137, 820392.200, 853072.906, 884664.255, 915166.248, 944578.884, 972902.163, 1000136.085, 1026280.650, 1051335.858, 1075301.710, 1098178.204, 1119965.342, 1140663.123, 1160271.547, 1178790.614, 1196220.324, 1212560.677, 1227811.673, 1241973.313, 1255045.595, 1267028.521, 1277922.090, 1287726.302, 1296441.157, 1304066.655, 1310602.796, 1316049.581, 1320407.008, 1323675.079, 1325853.793, 1326943.149, 1326943.149, 1325853.793, 1323675.079, 1320407.008, 1316049.581, 1310602.796, 1304066.655, 1296441.157, 1287726.302, 1277922.090, 1267028.521, 1255045.595, 1241973.313, 1227811.673, 1212560.677, 1196220.324, 1178790.614, 1160271.547, 1140663.123, 1119965.342, 1098178.204, 1075301.710, 1051335.858, 1026280.650, 1000136.085, 972902.163, 944578.884, 915166.248, 884664.255, 853072.906, 820392.200, 786622.137, 751762.721, 715813.955, 678775.861, 640648.490, 601431.996, 561126.767, 519733.758, 477255.150, 433695.628, 389064.607, 343379.806, 296672.397, 248993.600, 200421.964, 151069.811, 101086.813, 50658.699,    0.000,
   0.000, 58634.302, 117001.713, 174853.922, 231975.960, 288194.590, 343379.806, 397440.696, 450317.977, 501975.570, 552392.970, 601559.278, 649469.074, 696119.832, 741510.450, 785640.474, 828509.731, 870118.158, 910465.732, 949552.448, 987378.302, 1023943.295, 1059247.427, 1093290.696, 1126073.103, 1157594.649, 1187855.333, 1216855.155, 1244594.115, 1271072.214, 1296289.450, 1320245.825, 1342941.338, 1364375.989, 1384549.778, 1403462.706, 1421114.771, 1437505.975, 1452636.317, 1466505.797, 1479114.416, 1490462.172, 1500549.067, 1509375.100, 1516940.270, 1523244.580, 1528288.027, 1532070.612, 1534592.336, 1535853.198, 1535853.198, 1534592.336, 1532070.612, 1528288.027, 1523244.580, 1516940.270, 1509375.100, 1500549.067, 1490462.172, 1479114.416, 1466505.797, 1452636.317, 1437505.975, 1421114.771, 1403462.706, 1384549.778, 1364375.989, 1342941.338, 1320245.825, 1296289.450, 1271072.214, 1244594.115, 1216855.155, 1187855.333, 1157594.649, 1126073.103, 1093290.696, 1059247.427, 1023943.295, 987378.302, 949552.448, 910465.732, 870118.158, 828509.731, 785640.474, 741510.450, 696119.832, 649469.074, 601559.278, 552392.970, 501975.570, 450317.977, 397440.696, 343379.806, 288194.590, 231975.960, 174853.922, 117001.713, 58634.302,    0.000,
   0.000, 66435.291, 132568.177, 198117.312, 262839.120, 326537.319, 389064.607, 450317.977, 510230.260, 568760.581, 625885.707, 681593.290, 735877.188, 788734.542, 840164.100, 890165.352, 938738.098, 985882.269, 1031597.839, 1075884.800, 1118743.151, 1160172.890, 1200174.018, 1238746.534, 1275890.438, 1311605.731, 1345892.412, 1378750.481, 1410179.938, 1440180.784, 1468753.018, 1495896.640, 1521611.651, 1545898.050, 1568755.837, 1590185.013, 1610185.577, 1628757.529, 1645900.869, 1661615.598, 1675901.715, 1688759.220, 1700188.114, 1710188.396, 1718760.066, 1725903.125, 1731617.571, 1735903.406, 1738760.630, 1740189.242, 1740189.242, 1738760.630, 1735903.406, 1731617.571, 1725903.125, 1718760.066, 1710188.396, 1700188.114, 1688759.220, 1675901.715, 1661615.598, 1645900.869, 1628757.529, 1610185.577, 1590185.013, 1568755.837, 1545898.050, 1521611.651, 1495896.640, 1468753.018, 1440180.784, 1410179.938, 1378750.481, 1345892.412, 1311605.731, 1275890.438, 1238746.534, 1200174.018, 1160172.890, 1118743.151, 1075884.800, 1031597.839, 985882.269, 938738.098, 890165.352, 840164.100, 788734.542, 735877.188, 681593.290, 625885.707, 568760.581, 510230.260, 450317.977, 389064.607, 326537.319, 262839.120, 198117.312, 132568.177, 66435.291,    0.000,
   0.000, 74056.341, 147775.585, 220844.105, 292990.385, 363995.626, 433695.628, 501975.570, 568760.581, 634005.099, 697683.224, 759781.194, 820292.164, 879212.945, 936542.145, 992279.193, 1046423.867, 1098976.089, 1149935.831, 1199303.085, 1247077.848, 1293260.118, 1337849.897, 1380847.184, 1422251.979, 1462064.281, 1500284.092, 1536911.410, 1571946.236, 1605388.570, 1637238.412, 1667495.762, 1696160.620, 1723232.986, 1748712.859, 1772600.241, 1794895.130, 1815597.528, 1834707.433, 1852224.846, 1868149.767, 1882482.196, 1895222.133, 1906369.577, 1915924.530, 1923886.990, 1930256.959, 1935034.435, 1938219.419, 1939811.911, 1939811.911, 1938219.419, 1935034.435, 1930256.959, 1923886.990, 1915924.530, 1906369.577, 1895222.133, 1882482.196, 1868149.767, 1852224.846, 1834707.433, 1815597.528, 1794895.130, 1772600.241, 1748712.859, 1723232.986, 1696160.620, 1667495.762, 1637238.412, 1605388.570, 1571946.236, 1536911.410, 1500284.092, 1462064.281, 1422251.979, 1380847.184, 1337849.897, 1293260.118, 1247077.848, 1199303.085, 1149935.831, 1098976.089, 1046423.867, 992279.193, 936542.145, 879212.945, 820292.164, 759781.194, 697683.224, 634005.099, 568760.581, 501975.570, 433695.628, 363995.626, 292990.385, 220844.105, 147775.585, 74056.341,    0.000,
   0.000, 81494.427, 162617.896, 243025.277, 322417.783, 400554.637, 477255.150, 552392.970, 625885.707, 697683.224, 767757.022, 836091.957, 902680.497, 967519.134, 1030606.335, 1091941.471, 1151524.301, 1209354.736, 1265432.747, 1319758.323, 1372331.463, 1423152.165, 1472220.429, 1519536.255, 1565099.644, 1608910.594, 1650969.106, 1691275.180, 1729828.816, 1766630.014, 1801678.774, 1834975.096, 1866518.981, 1896310.427, 1924349.435, 1950636.005, 1975170.137, 1997951.831, 2018981.087, 2038257.905, 2055782.285, 2071554.227, 2085573.731, 2097840.797, 2108355.425, 2117117.615, 2124127.368, 2129384.682, 2132889.558, 2134641.996, 2134641.996, 2132889.558, 2129384.682, 2124127.368, 2117117.615, 2108355.425, 2097840.797, 2085573.731, 2071554.227, 2055782.285, 2038257.905, 2018981.087, 1997951.831, 1975170.137, 1950636.005, 1924349.435, 1896310.427, 1866518.981, 1834975.096, 1801678.774, 1766630.014, 1729828.816, 1691275.180, 1650969.106, 1608910.594, 1565099.644, 1519536.255, 1472220.429, 1423152.165, 1372331.463, 1319758.323, 1265432.747, 1209354.736, 1151524.301, 1091941.471, 1030606.335, 967519.134, 902680.497, 836091.957, 767757.022, 697683.224, 625885.707, 552392.970, 477255.150, 400554.637, 322417.783, 243025.277, 162617.896, 81494.427,    0.000,
   0.000, 88747.940, 177091.901, 264656.033, 351114.951, 436206.450, 519733.758, 601559.278, 681593.290, 759781.194, 836091.957, 910509.087, 983024.384, 1053634.025, 1122336.343, 1189130.652, 1254016.690, 1316994.359, 1378063.629, 1437224.488, 1494476.934, 1549820.965, 1603256.582, 1654783.783, 1704402.570, 1752112.942, 1797914.898, 1841808.440, 1883793.568, 1923870.280, 1962038.577, 1998298.460, 2032649.928, 2065092.980, 2095627.618, 2124253.841, 2150971.650, 2175781.043, 2198682.021, 2219674.585, 2238758.734, 2255934.467, 2271201.786, 2284560.690, 2296011.180, 2305553.254, 2313186.914, 2318912.158, 2322728.988, 2324637.403, 2324637.403, 2322728.988, 2318912.158, 2313186.914, 2305553.254, 2296011.180, 2284560.690, 2271201.786, 2255934.467, 2238758.734, 2219674.585, 2198682.021, 2175781.043, 2150971.650, 2124253.841, 2095627.618, 2065092.980, 2032649.928, 1998298.460, 1962038.577, 1923870.280, 1883793.568, 1841808.440, 1797914.898, 1752112.942, 1704402.570, 1654783.783, 1603256.582, 1549820.965, 1494476.934, 1437224.488, 1378063.629, 1316994.359, 1254016.690, 1189130.652, 1122336.343, 1053634.025, 983024.384, 910509.087, 836091.957, 759781.194, 681593.290, 601559.278, 519733.758, 436206.450, 351114.951, 264656.033, 177091.901, 88747.940,    0.000,
   0.000, 95816.080, 191196.004, 285733.986, 379078.725, 470947.133, 561126.767, 649469.074, 735877.188, 820292.164, 902680.497, 983024.384, 1061314.969, 1137548.129, 1211722.061, 1283836.026, 1353889.739, 1421883.099, 1487816.069, 1551688.638, 1613500.803, 1673252.563, 1730943.917, 1786574.866, 1840145.410, 1891655.547, 1941105.280, 1988494.607, 2033823.528, 2077092.044, 2118300.154, 2157447.859, 2194535.158, 2229562.052, 2262528.540, 2293434.623, 2322280.300, 2349065.572, 2373790.438, 2396454.899, 2417058.954, 2435602.603, 2452085.848, 2466508.686, 2478871.119, 2489173.147, 2497414.769, 2503595.985, 2507716.797, 2509777.202, 2509777.202, 2507716.797, 2503595.985, 2497414.769, 2489173.147, 2478871.119, 2466508.686, 2452085.848, 2435602.603, 2417058.954, 2396454.899, 2373790.438, 2349065.572, 2322280.300, 2293434.623, 2262528.540, 2229562.052, 2194535.158, 2157447.859, 2118300.154, 2077092.044, 2033823.528, 1988494.607, 1941105.280, 1891655.547, 1840145.410, 1786574.866, 1730943.917, 1673252.563, 1613500.803, 1551688.638, 1487816.069, 1421883.099, 1353889.739, 1283836.026, 1211722.061, 1137548.129, 1061314.969, 983024.384, 902680.497, 820292.164, 735877.188, 649469.074, 561126.767, 470947.133, 379078.725, 285733.986, 191196.004, 95816.080,    0.000,
   0.000, 102698.475, 204929.461, 306258.024, 406307.630, 504774.854, 601431.996, 696119.832, 788734.542, 879212.945, 967519.134, 1053634.025, 1137548.129, 1219257.024, 1298758.779, 1376052.602, 1451138.189, 1524015.429, 1594684.284, 1663144.742, 1729396.800, 1793440.456, 1855275.710, 1914902.563, 1972321.013, 2027531.062, 2080532.708, 2131325.953, 2179910.795, 2226287.236, 2270455.275, 2312414.912, 2352166.147, 2389708.980, 2425043.411, 2458169.440, 2489087.067, 2517796.292, 2544297.115, 2568589.537, 2590673.556, 2610549.173, 2628216.389, 2643675.203, 2656925.614, 2667967.624, 2676801.232, 2683426.437, 2687843.241, 2690051.643, 2690051.643, 2687843.241, 2683426.437, 2676801.232, 2667967.624, 2656925.614, 2643675.203, 2628216.389, 2610549.173, 2590673.556, 2568589.537, 2544297.115, 2517796.292, 2489087.067, 2458169.440, 2425043.411, 2389708.980, 2352166.147, 2312414.912, 2270455.275, 2226287.236, 2179910.795, 2131325.953, 2080532.708, 2027531.062, 1972321.013, 1914902.563, 1855275.710, 1793440.456, 1729396.800, 1663144.742, 1594684.284, 1524015.429, 1451138.189, 1376052.602, 1298758.779, 1219257.024, 1137548.129, 1053634.025, 967519.134, 879212.945, 788734.542, 696119.832, 601431.996, 504774.854, 406307.630, 306258.024, 204929.461, 102698.475,    0.000,
   0.000, 109394.960, 218291.947, 326227.664, 432801.022, 537688.813, 640648.490, 741510.450, 840164.100, 936542.145, 1030606.335, 1122336.343, 1211722.061, 1298758.779, 1383444.441, 1465778.203, 1545759.741, 1623388.937, 1698665.750, 1771590.168, 1842162.187, 1910381.805, 1976249.023, 2039763.841, 2100926.257, 2159736.274, 2216193.889, 2270299.104, 2322051.918, 2371452.332, 2418500.345, 2463195.957, 2505539.169, 2545529.980, 2583168.390, 2618454.400, 2651388.009, 2681969.217, 2710198.025, 2736074.432, 2759598.438, 2780770.044, 2799589.249, 2816056.054, 2830170.458, 2841932.461, 2851342.064, 2858399.266, 2863104.067, 2865456.467, 2865456.467, 2863104.067, 2858399.266, 2851342.064, 2841932.461, 2830170.458, 2816056.054, 2799589.249, 2780770.044, 2759598.438, 2736074.432, 2710198.025, 2681969.217, 2651388.009, 2618454.400, 2583168.390, 2545529.980, 2505539.169, 2463195.957, 2418500.345, 2371452.332, 2322051.918, 2270299.104, 2216193.889, 2159736.274, 2100926.257, 2039763.841, 1976249.023, 1910381.805, 1842162.187, 1771590.168, 1698665.750, 1623388.937, 1545759.741, 1465778.203, 1383444.441, 1298758.779, 1211722.061, 1122336.343, 1030606.335, 936542.145, 840164.100, 741510.450, 640648.490, 537688.813, 432801.022, 326227.664, 218291.947, 109394.960,    0.000,
   0.000, 115905.470, 231283.329, 345642.704, 458558.636, 569688.682, 678775.861, 785640.474, 890165.352, 992279.193, 1091941.471, 1189130.652, 1283836.026, 1376052.602, 1465778.203, 1553011.935, 1637753.452, 1720002.632, 1799759.430, 1877023.835, 1951795.840, 2024075.446, 2093862.652, 2161157.457, 2225959.862, 2288269.867, 2348087.472, 2405412.677, 2460245.482, 2512585.886, 2562433.890, 2609789.494, 2654652.697, 2697023.501, 2736901.904, 2774287.907, 2809181.510, 2841582.713, 2871491.515, 2898907.917, 2923831.920, 2946263.521, 2966202.723, 2983649.524, 2998603.926, 3011065.927, 3021035.527, 3028512.728, 3033497.528, 3035989.929, 3035989.929, 3033497.528, 3028512.728, 3021035.527, 3011065.927, 2998603.926, 2983649.524, 2966202.723, 2946263.521, 2923831.920, 2898907.917, 2871491.515, 2841582.713, 2809181.510, 2774287.907, 2736901.904, 2697023.501, 2654652.697, 2609789.494, 2562433.890, 2512585.886, 2460245.482, 2405412.677, 2348087.472, 2288269.867, 2225959.862, 2161157.457, 2093862.652, 2024075.446, 1951795.840, 1877023.835, 1799759.430, 1720002.632, 1637753.452, 1553011.935, 1465778.203, 1376052.602, 1283836.026, 1189130.652, 1091941.471, 992279.193, 890165.352, 785640.474, 678775.861, 569688.682, 458558.636, 345642.704, 231283.329, 115905.470,    0.000,
   0.000, 122229.979, 243903.555, 364503.068, 483580.372, 600774.335, 715813.955, 828509.731, 938738.098, 1046423.867, 1151524.301, 1254016.690, 1353889.739, 1451138.189, 1545759.741, 1637753.452, 1727118.960, 1813856.134, 1897964.927, 1979445.327, 2058297.328, 2134520.930, 2208116.131, 2279082.933, 2347421.335, 2413131.336, 2476212.938, 2536666.139, 2594490.940, 2649687.342, 2702255.343, 2752194.944, 2799506.145, 2844188.946, 2886243.347, 2925669.348, 2962466.949, 2996636.150, 3028176.950, 3057089.351, 3083373.352, 3107028.952, 3128056.153, 3146454.953, 3162225.354, 3175367.354, 3185880.954, 3193766.154, 3199022.954, 3201651.354, 3201651.354, 3199022.954, 3193766.154, 3185880.954, 3175367.354, 3162225.354, 3146454.953, 3128056.153, 3107028.952, 3083373.352, 3057089.351, 3028176.950, 2996636.150, 2962466.949, 2925669.348, 2886243.347, 2844188.946, 2799506.145, 2752194.944, 2702255.343, 2649687.342, 2594490.940, 2536666.139, 2476212.938, 2413131.336, 2347421.335, 2279082.933, 2208116.131, 2134520.930, 2058297.328, 1979445.327, 1897964.927, 1813856.134, 1727118.960, 1637753.452, 1545759.741, 1451138.189, 1353889.739, 1254016.690, 1151524.301, 1046423.867, 938738.098, 828509.731, 715813.955, 600774.335, 483580.372, 364503.068, 243903.555, 122229.979,    0.000,
   0.000, 128368.478, 256152.607, 382808.730, 507866.192, 630945.726, 751762.721, 870118.158, 985882.269, 1098976.089, 1209354.736, 1316994.359, 1421883.099, 1524015.429, 1623388.937, 1720002.632, 1813856.134, 1904949.304, 1993282.096, 2078854.494, 2161666.494, 2241718.094, 2319009.295, 2393540.095, 2465310.496, 2534320.496, 2600570.096, 2664059.297, 2724788.097, 2782756.497, 2837964.498, 2890412.098, 2940099.298, 2987026.099, 3031192.499, 3072598.499, 3111244.100, 3147129.300, 3180254.100, 3210618.500, 3238222.500, 3263066.101, 3285149.301, 3304472.101, 3321034.501, 3334836.501, 3345878.101, 3354159.301, 3359680.101, 3362440.501, 3362440.501, 3359680.101, 3354159.301, 3345878.101, 3334836.501, 3321034.501, 3304472.101, 3285149.301, 3263066.101, 3238222.500, 3210618.500, 3180254.100, 3147129.300, 3111244.100, 3072598.499, 3031192.499, 2987026.099, 2940099.298, 2890412.098, 2837964.498, 2782756.497, 2724788.097, 2664059.297, 2600570.096, 2534320.496, 2465310.496, 2393540.095, 2319009.295, 2241718.094, 2161666.494, 2078854.494, 1993282.096, 1904949.304, 1813856.134, 1720002.632, 1623388.937, 1524015.429, 1421883.099, 1316994.359, 1209354.736, 1098976.089, 985882.269, 870118.158, 751762.721, 630945.726, 507866.192, 382808.730, 256152.607, 128368.478,    0.000,
   0.000, 134320.962, 268030.478, 400559.678, 531416.083, 660202.839, 786622.137, 910465.732, 1031597.839, 1149935.831, 1265432.747, 1378063.629, 1487816.069, 1594684.284, 1698665.750, 1799759.430, 1897964.927, 1993282.096, 2085710.887, 2175251.284, 2261903.284, 2345666.884, 2426542.084, 2504528.884, 2579627.284, 2651837.284, 2721158.884, 2787592.085, 2851136.885, 2911793.285, 2969561.285, 3024440.885, 3076432.085, 3125534.885, 3171749.285, 3215075.285, 3255512.885, 3293062.085, 3327722.885, 3359495.285, 3388379.285, 3414374.886, 3437482.086, 3457700.886, 3475031.286, 3489473.286, 3501026.886, 3509692.086, 3515468.886, 3518357.286, 3518357.286, 3515468.886, 3509692.086, 3501026.886, 3489473.286, 3475031.286, 3457700.886, 3437482.086, 3414374.886, 3388379.285, 3359495.285, 3327722.885, 3293062.085, 3255512.885, 3215075.285, 3171749.285, 3125534.885, 3076432.085, 3024440.885, 2969561.285, 2911793.285, 2851136.885, 2787592.085, 2721158.884, 2651837.284, 2579627.284, 2504528.884, 2426542.084, 2345666.884, 2261903.284, 2175251.284, 2085710.887, 1993282.096, 1897964.927, 1799759.430, 1698665.750, 1594684.284, 1487816.069, 1378063.629, 1265432.747, 1149935.831, 1031597.839, 910465.732, 786622.137, 660202.839, 531416.083, 400559.678, 268030.478, 134320.962,    0.000,
   0.000, 140087.432, 279537.166, 417755.911, 554230.042, 688545.670, 820392.200, 949552.448, 1075884.800, 1199303.085, 1319758.323, 1437224.488, 1551688.638, 1663144.742, 1771590.168, 1877023.835, 1979445.327, 2078854.494, 2175251.284, 2268635.682, 2359007.681, 2446367.281, 2530714.481, 2612049.281, 2690371.681, 2765681.681, 2837979.281, 2907264.481, 2973537.281, 3036797.681, 3097045.681, 3154281.281, 3208504.481, 3259715.281, 3307913.681, 3353099.681, 3395273.281, 3434434.481, 3470583.281, 3503719.681, 3533843.681, 3560955.281, 3585054.481, 3606141.281, 3624215.681, 3639277.681, 3651327.281, 3660364.481, 3666389.281, 3669401.681, 3669401.681, 3666389.281, 3660364.481, 3651327.281, 3639277.681, 3624215.681, 3606141.281, 3585054.481, 3560955.281, 3533843.681, 3503719.681, 3470583.281, 3434434.481, 3395273.281, 3353099.681, 3307913.681, 3259715.281, 3208504.481, 3154281.281, 3097045.681, 3036797.681, 2973537.281, 2907264.481, 2837979.281, 2765681.681, 2690371.681, 2612049.281, 2530714.481, 2446367.281, 2359007.681, 2268635.682, 2175251.284, 2078854.494, 1979445.327, 1877023.835, 1771590.168, 1663144.742, 1551688.638, 1437224.488, 1319758.323, 1199303.085, 1075884.800, 949552.448, 820392.200, 688545.670, 554230.042, 417755.911, 279537.166, 140087.432,    0.000,
   0.000, 145667.887, 290672.672, 434397.426, 576308.067, 715974.216, 853072.906, 987378.302, 1118743.151, 1247077.848, 1372331.463, 1494476.934, 1613500.803, 1729396.800, 1842162.187, 1951795.840, 2058297.328, 2161666.494, 2261903.284, 2359007.681, 2452979.680, 2543819.280, 2631526.480, 2716101.280, 2797543.680, 2875853.680, 2951031.280, 3023076.480, 3091989.280, 3157769.680, 3220417.680, 3279933.280, 3336316.480, 3389567.280, 3439685.680, 3486671.680, 3530525.280, 3571246.480, 3608835.280, 3643291.680, 3674615.680, 3702807.280, 3727866.480, 3749793.280, 3768587.680, 3784249.680, 3796779.280, 3806176.480, 3812441.280, 3815573.680, 3815573.680, 3812441.280, 3806176.480, 3796779.280, 3784249.680, 3768587.680, 3749793.280, 3727866.480, 3702807.280, 3674615.680, 3643291.680, 3608835.280, 3571246.480, 3530525.280, 3486671.680, 3439685.680, 3389567.280, 3336316.480, 3279933.280, 3220417.680, 3157769.680, 3091989.280, 3023076.480, 2951031.280, 2875853.680, 2797543.680, 2716101.280, 2631526.480, 2543819.280, 2452979.680, 2359007.681, 2261903.284, 2161666.494, 2058297.328, 1951795.840, 1842162.187, 1729396.800, 1613500.803, 1494476.934, 1372331.463, 1247077.848, 1118743.151, 987378.302, 853072.906, 715974.216, 576308.067, 434397.426, 290672.672, 145667.887,    0.000,
   0.000, 151062.327, 301436.993, 450484.225, 597650.158, 742488.477, 884664.255, 1023943.295, 1160172.890, 1293260.118, 1423152.165, 1549820.965, 1673252.563, 1793440.456, 1910381.805, 2024075.446, 2134520.930, 2241718.094, 2345666.884, 2446367.281, 2543819.280, 2638022.880, 2728978.080, 2816684.880, 2901143.280, 2982353.280, 3060314.880, 3135028.080, 3206492.880, 3274709.280, 3339677.280, 3401396.880, 3459868.080, 3515090.880, 3567065.280, 3615791.280, 3661268.880, 3703498.080, 3742478.880, 3778211.280, 3810695.280, 3839930.880, 3865918.080, 3888656.880, 3908147.280, 3924389.280, 3937382.880, 3947128.080, 3953624.880, 3956873.280, 3956873.280, 3953624.880, 3947128.080, 3937382.880, 3924389.280, 3908147.280, 3888656.880, 3865918.080, 3839930.880, 3810695.280, 3778211.280, 3742478.880, 3703498.080, 3661268.880, 3615791.280, 3567065.280, 3515090.880, 3459868.080, 3401396.880, 3339677.280, 3274709.280, 3206492.880, 3135028.080, 3060314.880, 2982353.280, 2901143.280, 2816684.880, 2728978.080, 2638022.880, 2543819.280, 2446367.281, 2345666.884, 2241718.094, 2134520.930, 2024075.446, 1910381.805, 1793440.456, 1673252.563, 1549820.965, 1423152.165, 1293260.118, 1160172.890, 1023943.295, 884664.255, 742488.477, 597650.158, 450484.225, 301436.993, 151062.327,    0.000,
   0.000, 156270.752, 311830.132, 466016.306, 618256.315, 768088.454, 915166.248, 1059247.427, 1200174.018, 1337849.897, 1472220.429, 1603256.582, 1730943.917, 1855275.710, 1976249.023, 2093862.652, 2208116.131, 2319009.295, 2426542.084, 2530714.481, 2631526.480, 2728978.080, 2823069.280, 2913800.080, 3001170.480, 3085180.480, 3165830.080, 3243119.280, 3317048.080, 3387616.480, 3454824.480, 3518672.080, 3579159.280, 3636286.080, 3690052.480, 3740458.480, 3787504.080, 3831189.280, 3871514.080, 3908478.480, 3942082.480, 3972326.080, 3999209.280, 4022732.080, 4042894.480, 4059696.480, 4073138.080, 4083219.280, 4089940.080, 4093300.480, 4093300.480, 4089940.080, 4083219.280, 4073138.080, 4059696.480, 4042894.480, 4022732.080, 3999209.280, 3972326.080, 3942082.480, 3908478.480, 3871514.080, 3831189.280, 3787504.080, 3740458.480, 3690052.480, 3636286.080, 3579159.280, 3518672.080, 3454824.480, 3387616.480, 3317048.080, 3243119.280, 3165830.080, 3085180.480, 3001170.480, 2913800.080, 2823069.280, 2728978.080, 2631526.480, 2530714.481, 2426542.084, 2319009.295, 2208116.131, 2093862.652, 1976249.023, 1855275.710, 1730943.917, 1603256.582, 1472220.429, 1337849.897, 1200174.018, 1059247.427, 915166.248, 768088.454, 618256.315, 466016.306, 311830.132, 156270.752,    0.000,
   0.000, 161293.161, 321852.087, 480993.671, 638126.538, 792774.145, 944578.884, 1093290.696, 1238746.534, 1380847.184, 1519536.255, 1654783.783, 1786574.866, 1914902.563, 2039763.841, 2161157.457, 2279082.933, 2393540.095, 2504528.884, 2612049.281, 2716101.280, 2816684.880, 2913800.080, 3007446.880, 3097625.280, 3184335.280, 3267576.880, 3347350.080, 3423654.880, 3496491.280, 3565859.280, 3631758.880, 3694190.080, 3753152.880, 3808647.280, 3860673.280, 3909230.880, 3954320.080, 3995940.880, 4034093.280, 4068777.280, 4099992.880, 4127740.080, 4152018.880, 4172829.280, 4190171.280, 4204044.880, 4214450.080, 4221386.880, 4224855.280, 4224855.280, 4221386.880, 4214450.080, 4204044.880, 4190171.280, 4172829.280, 4152018.880, 4127740.080, 4099992.880, 4068777.280, 4034093.280, 3995940.880, 3954320.080, 3909230.880, 3860673.280, 3808647.280, 3753152.880, 3694190.080, 3631758.880, 3565859.280, 3496491.280, 3423654.880, 3347350.080, 3267576.880, 3184335.280, 3097625.280, 3007446.880, 2913800.080, 2816684.880, 2716101.280, 2612049.281, 2504528.884, 2393540.095, 2279082.933, 2161157.457, 2039763.841, 1914902.563, 1786574.866, 1654783.783, 1519536.255, 1380847.184, 1238746.534, 1093290.696, 944578.884, 792774.145, 638126.538, 480993.671, 321852.087, 161293.161,    0.000,
   0.000, 166129.555, 331502.858, 495416.318, 657260.826, 816545.552, 972902.163, 1126073.103, 1275890.438, 1422251.979, 1565099.644, 1704402.570, 1840145.410, 1972321.013, 2100926.257, 2225959.862, 2347421.335, 2465310.496, 2579627.284, 2690371.681, 2797543.680, 2901143.280, 3001170.480, 3097625.280, 3190507.680, 3279817.680, 3365555.280, 3447720.480, 3526313.280, 3601333.680, 3672781.680, 3740657.280, 3804960.480, 3865691.280, 3922849.680, 3976435.680, 4026449.280, 4072890.480, 4115759.280, 4155055.680, 4190779.680, 4222931.280, 4251510.480, 4276517.280, 4297951.680, 4315813.680, 4330103.280, 4340820.480, 4347965.280, 4351537.680, 4351537.680, 4347965.280, 4340820.480, 4330103.280, 4315813.680, 4297951.680, 4276517.280, 4251510.480, 4222931.280, 4190779.680, 4155055.680, 4115759.280, 4072890.480, 4026449.280, 3976435.680, 3922849.680, 3865691.280, 3804960.480, 3740657.280, 3672781.680, 3601333.680, 3526313.280, 3447720.480, 3365555.280, 3279817.680, 3190507.680, 3097625.280, 3001170.480, 2901143.280, 2797543.680, 2690371.681, 2579627.284, 2465310.496, 2347421.335, 2225959.862, 2100926.257, 1972321.013, 1840145.410, 1704402.570, 1565099.644, 1422251.979, 1275890.438, 1126073.103, 972902.163, 816545.552, 657260.826, 495416.318, 331502.858, 166129.555,    0.000,
   0.000, 170779.935, 340782.446, 509284.247, 675659.181, 839402.674, 1000136.085, 1157594.649, 1311605.731, 1462064.281, 1608910.594, 1752112.942, 1891655.547, 2027531.062, 2159736.274, 2288269.867, 2413131.336, 2534320.496, 2651837.284, 2765681.681, 2875853.680, 2982353.280, 3085180.480, 3184335.280, 3279817.680, 3371627.680, 3459765.280, 3544230.480, 3625023.280, 3702143.680, 3775591.680, 3845367.280, 3911470.480, 3973901.280, 4032659.680, 4087745.680, 4139159.280, 4186900.480, 4230969.280, 4271365.680, 4308089.680, 4341141.280, 4370520.480, 4396227.280, 4418261.680, 4436623.680, 4451313.280, 4462330.480, 4469675.280, 4473347.680, 4473347.680, 4469675.280, 4462330.480, 4451313.280, 4436623.680, 4418261.680, 4396227.280, 4370520.480, 4341141.280, 4308089.680, 4271365.680, 4230969.280, 4186900.480, 4139159.280, 4087745.680, 4032659.680, 3973901.280, 3911470.480, 3845367.280, 3775591.680, 3702143.680, 3625023.280, 3544230.480, 3459765.280, 3371627.680, 3279817.680, 3184335.280, 3085180.480, 2982353.280, 2875853.680, 2765681.681, 2651837.284, 2534320.496, 2413131.336, 2288269.867, 2159736.274, 2027531.062, 1891655.547, 1752112.942, 1608910.594, 1462064.281, 1311605.731, 1157594.649, 1000136.085, 839402.674, 675659.181, 509284.247, 340782.446, 170779.935,    0.000,
   0.000, 175244.299, 349690.850, 522597.460, 693321.601, 861345.511, 1026280.650, 1187855.333, 1345892.412, 1500284.092, 1650969.106, 1797914.898, 1941105.280, 2080532.708, 2216193.889, 2348087.472, 2476212.938, 2600570.096, 2721158.884, 2837979.281, 2951031.280, 3060314.880, 3165830.080, 3267576.880, 3365555.280, 3459765.280, 3550206.880, 3636880.080, 3719784.880, 3798921.280, 3874289.280, 3945888.880, 4013720.080, 4077782.880, 4138077.280, 4194603.280, 4247360.880, 4296350.080, 4341570.880, 4383023.280, 4420707.280, 4454622.880, 4484770.080, 4511148.880, 4533759.280, 4552601.280, 4567674.880, 4578980.080, 4586516.880, 4590285.280, 4590285.280, 4586516.880, 4578980.080, 4567674.880, 4552601.280, 4533759.280, 4511148.880, 4484770.080, 4454622.880, 4420707.280, 4383023.280, 4341570.880, 4296350.080, 4247360.880, 4194603.280, 4138077.280, 4077782.880, 4013720.080, 3945888.880, 3874289.280, 3798921.280, 3719784.880, 3636880.080, 3550206.880, 3459765.280, 3365555.280, 3267576.880, 3165830.080, 3060314.880, 2951031.280, 2837979.281, 2721158.884, 2600570.096, 2476212.938, 2348087.472, 2216193.889, 2080532.708, 1941105.280, 1797914.898, 1650969.106, 1500284.092, 1345892.412, 1187855.333, 1026280.650, 861345.511, 693321.601, 522597.460, 349690.850, 175244.299,    0.000,
   0.000, 179522.647, 358228.071, 535355.956, 710248.087, 882374.063, 1051335.858, 1216855.155, 1378750.481, 1536911.410, 1691275.180, 1841808.440, 1988494.607, 2131325.953, 2270299.104, 2405412.677, 2536666.139, 2664059.297, 2787592.085, 2907264.481, 3023076.480, 3135028.080, 3243119.280, 3347350.080, 3447720.480, 3544230.480, 3636880.080, 3725669.280, 3810598.080, 3891666.480, 3968874.480, 4042222.080, 4111709.280, 4177336.080, 4239102.480, 4297008.480, 4351054.080, 4401239.280, 4447564.080, 4490028.480, 4528632.480, 4563376.080, 4594259.280, 4621282.080, 4644444.480, 4663746.480, 4679188.080, 4690769.280, 4698490.080, 4702350.480, 4702350.480, 4698490.080, 4690769.280, 4679188.080, 4663746.480, 4644444.480, 4621282.080, 4594259.280, 4563376.080, 4528632.480, 4490028.480, 4447564.080, 4401239.280, 4351054.080, 4297008.480, 4239102.480, 4177336.080, 4111709.280, 4042222.080, 3968874.480, 3891666.480, 3810598.080, 3725669.280, 3636880.080, 3544230.480, 3447720.480, 3347350.080, 3243119.280, 3135028.080, 3023076.480, 2907264.481, 2787592.085, 2664059.297, 2536666.139, 2405412.677, 2270299.104, 2131325.953, 1988494.607, 1841808.440, 1691275.180, 1536911.410, 1378750.481, 1216855.155, 1051335.858, 882374.063, 710248.087, 535355.956, 358228.071, 179522.647,    0.000,
   0.000, 183614.981, 366394.108, 547559.734, 726438.639, 902488.330, 1075301.710, 1244594.115, 1410179.938, 1571946.236, 1729828.816, 1883793.568, 2033823.528, 2179910.795, 2322051.918, 2460245.482, 2594490.940, 2724788.097, 2851136.885, 2973537.281, 3091989.280, 3206492.880, 3317048.080, 3423654.880, 3526313.280, 3625023.280, 3719784.880, 3810598.080, 3897462.880, 3980379.280, 4059347.280, 4134366.880, 4205438.080, 4272560.880, 4335735.280, 4394961.280, 4450238.880, 4501568.080, 4548948.880, 4592381.280, 4631865.280, 4667400.880, 4698988.080, 4726626.880, 4750317.280, 4770059.280, 4785852.880, 4797698.080, 4805594.880, 4809543.280, 4809543.280, 4805594.880, 4797698.080, 4785852.880, 4770059.280, 4750317.280, 4726626.880, 4698988.080, 4667400.880, 4631865.280, 4592381.280, 4548948.880, 4501568.080, 4450238.880, 4394961.280, 4335735.280, 4272560.880, 4205438.080, 4134366.880, 4059347.280, 3980379.280, 3897462.880, 3810598.080, 3719784.880, 3625023.280, 3526313.280, 3423654.880, 3317048.080, 3206492.880, 3091989.280, 2973537.281, 2851136.885, 2724788.097, 2594490.940, 2460245.482, 2322051.918, 2179910.795, 2033823.528, 1883793.568, 1729828.816, 1571946.236, 1410179.938, 1244594.115, 1075301.710, 902488.330, 726438.639, 547559.734, 366394.108, 183614.981,    0.000,
   0.000, 187521.299, 374188.961, 559208.795, 741893.257, 921688.313, 1098178.204, 1271072.214, 1440180.784, 1605388.570, 1766630.014, 1923870.280, 2077092.044, 2226287.236, 2371452.332, 2512585.886, 2649687.342, 2782756.497, 2911793.285, 3036797.681, 3157769.680, 3274709.280, 3387616.480, 3496491.280, 3601333.680, 3702143.680, 3798921.280, 3891666.480, 3980379.280, 4065059.680, 4145707.680, 4222323.280, 4294906.480, 4363457.280, 4427975.680, 4488461.680, 4544915.280, 4597336.480, 4645725.280, 4690081.680, 4730405.680, 4766697.280, 4798956.480, 4827183.280, 4851377.680, 4871539.680, 4887669.280, 4899766.480, 4907831.280, 4911863.680, 4911863.680, 4907831.280, 4899766.480, 4887669.280, 4871539.680, 4851377.680, 4827183.280, 4798956.480, 4766697.280, 4730405.680, 4690081.680, 4645725.280, 4597336.480, 4544915.280, 4488461.680, 4427975.680, 4363457.280, 4294906.480, 4222323.280, 4145707.680, 4065059.680, 3980379.280, 3891666.480, 3798921.280, 3702143.680, 3601333.680, 3496491.280, 3387616.480, 3274709.280, 3157769.680, 3036797.681, 2911793.285, 2782756.497, 2649687.342, 2512585.886, 2371452.332, 2226287.236, 2077092.044, 1923870.280, 1766630.014, 1605388.570, 1440180.784, 1271072.214, 1098178.204, 921688.313, 741893.257, 559208.795, 374188.961, 187521.299,    0.000,
   0.000, 191241.603, 381612.632, 570303.139, 756611.940, 939974.010, 1119965.342, 1296289.450, 1468753.018, 1637238.412, 1801678.774, 1962038.577, 2118300.154, 2270455.275, 2418500.345, 2562433.890, 2702255.343, 2837964.498, 2969561.285, 3097045.681, 3220417.680, 3339677.280, 3454824.480, 3565859.280, 3672781.680, 3775591.680, 3874289.280, 3968874.480, 4059347.280, 4145707.680, 4227955.680, 4306091.280, 4380114.480, 4450025.280, 4515823.680, 4577509.680, 4635083.280, 4688544.480, 4737893.280, 4783129.680, 4824253.680, 4861265.280, 4894164.480, 4922951.280, 4947625.680, 4968187.680, 4984637.280, 4996974.480, 5005199.280, 5009311.680, 5009311.680, 5005199.280, 4996974.480, 4984637.280, 4968187.680, 4947625.680, 4922951.280, 4894164.480, 4861265.280, 4824253.680, 4783129.680, 4737893.280, 4688544.480, 4635083.280, 4577509.680, 4515823.680, 4450025.280, 4380114.480, 4306091.280, 4227955.680, 4145707.680, 4059347.280, 3968874.480, 3874289.280, 3775591.680, 3672781.680, 3565859.280, 3454824.480, 3339677.280, 3220417.680, 3097045.681, 2969561.285, 2837964.498, 2702255.343, 2562433.890, 2418500.345, 2270455.275, 2118300.154, 1962038.577, 1801678.774, 1637238.412, 1468753.018, 1296289.450, 1119965.342, 939974.010, 756611.940, 570303.139, 381612.632, 191241.603,    0.000,
