   0.000,    0.000,    0.000,    0.000,    0.000,    0.000,    0.000,    0.000,    0.000,    0.000,    0.000,    0.000,    0.000,    0.000,    0.000,    0.000,    0.000,    0.000,    0.000,    0.000,    0.000,    0.000,    0.000,    0.000,    0.000,    0.000,    0.000,    0.000,    0.000,    0.000,    0.000,    0.000,    0.000,    0.000,    0.000,    0.000,    0.000,    0.000,    0.000,    0.000,    0.000,    0.000,    0.000,    0.000,    0.000,    0.000,    0.000,    0.000,    0.000,    0.000,    0.000,    0.000,    0.000,    0.000,    0.000,    0.000,    0.000,    0.000,    0.000,    0.000,    0.000,    0.000,    0.000,    0.000,    0.000,    0.000,    0.000,    0.000,    0.000,    0.000,    0.000,    0.000,    0.000,    0.000,    0.000,    0.000,    0.000,    0.000,    0.000,    0.000,    0.000,    0.000,    0.000,    0.000,    0.000,    0.000,    0.000,    0.000,    0.000,    0.000,    0.000,    0.000,    0.000,    0.000,    0.000,    0.000,    0.000,    0.000,    0.000,    0.000,
   0.000, 8758.600, 17473.372, 26104.212, 34617.532, 42987.572, 51196.217, 59231.781, 67087.336, 74759.105, 82245.187, 89544.703, 96657.274, 103582.752, 110321.081, 116872.242, 123236.229, 129413.041, 135402.677, 141205.136, 146820.420, 152248.527, 157489.459, 162543.214, 167409.793, 172089.196, 176581.423, 180886.474, 185004.349, 188935.047, 192678.570, 196234.916, 199604.086, 202786.080, 205780.898, 208588.540, 211209.006, 213642.295, 215888.409, 217947.346, 219819.107, 221503.692, 223001.101, 224311.334, 225434.391, 226370.271, 227118.976, 227680.504, 228054.856, 228242.033, 228242.033, 228054.856, 227680.504, 227118.976, 226370.271, 225434.391, 224311.334, 223001.101, 221503.692, 219819.107, 217947.346, 215888.409, 213642.295, 211209.006, 208588.540, 205780.898, 202786.080, 199604.086, 196234.916, 192678.570, 188935.047, 185004.349, 180886.474, 176581.423, 172089.196, 167409.793, 162543.214, 157489.459, 152248.527, 146820.420, 141205.136, 135402.677, 129413.041, 123236.229, 116872.242, 110321.081, 103582.752, 96657.274, 89544.703, 82245.187, 74759.105, 67087.336, 59231.781, 51196.217, 42987.572, 34617.532, 26104.212, 17473.372, 8758.600,    0.000,
   0.000, 17473.372, 34859.306, 52077.794, 69061.830, 85760.019, 102136.226, 118167.136, 133838.929, 149144.067, 164078.763, 178641.259, 192830.802, 206647.094, 220090.025, 233159.557, 245855.678, 258178.385, 270127.678, 281703.555, 292906.016, 303735.062, 314190.693, 324272.909, 333981.709, 343317.093, 352279.063, 360867.616, 369082.755, 376924.478, 384392.786, 391487.678, 398209.155, 404557.217, 410531.863, 416133.094, 421360.909, 426215.309, 430696.294, 434803.863, 438538.017, 441898.755, 444886.078, 447499.986, 449740.478, 451607.555, 453101.217, 454221.463, 454968.294, 455341.709, 455341.709, 454968.294, 454221.463, 453101.217, 451607.555, 449740.478, 447499.986, 444886.078, 441898.755, 438538.017, 434803.863, 430696.294, 426215.309, 421360.909, 416133.094, 410531.863, 404557.217, 398209.155, 391487.678, 384392.786, 376924.478, 369082.755, 360867.616, 352279.063, 343317.093, 333981.709, 324272.909, 314190.693, 303735.062, 292906.016, 281703.555, 270127.678, 258178.385, 245855.678, 233159.557, 220090.025, 206647.094, 192830.802, 178641.259, 164078.763, 149144.067, 133838.929, 118167.136, 102136.226, 85760.019, 69061.830, 52077.794, 34859.306, 17473.372,    0.000,
   0.000, 26104.212, 52077.794, 77801.218, 103174.382, 128120.503, 152585.597, 176534.836, 199947.575, 222812.551, 245124.108, 266879.619, 288077.961, 308718.688, 328801.635, 348326.746, 367294.004, 385703.404, 403554.943, 420848.621, 437584.439, 453762.397, 469382.494, 484444.730, 498949.105, 512895.620, 526284.275, 539115.069, 551388.002, 563103.075, 574260.287, 584859.638, 594901.129, 604384.759, 613310.529, 621678.438, 629488.486, 636740.674, 643435.001, 649571.468, 655150.074, 660170.819, 664633.704, 668538.728, 671885.892, 674675.195, 676906.637, 678580.219, 679695.940, 680253.801, 680253.801, 679695.940, 678580.219, 676906.637, 674675.195, 671885.892, 668538.728, 664633.704, 660170.819, 655150.074, 649571.468, 643435.001, 636740.674, 629488.486, 621678.438, 613310.529, 604384.759, 594901.129, 584859.638, 574260.287, 563103.075, 551388.002, 539115.069, 526284.275, 512895.620, 498949.105, 484444.730, 469382.494, 453762.397, 437584.439, 420848.621, 403554.943, 385703.404, 367294.004, 348326.746, 328801.635, 308718.688, 288077.961, 266879.619, 245124.108, 222812.551, 199947.575, 176534.836, 152585.597, 128120.503, 103174.382, 77801.218, 52077.794, 26104.212,    0.000,
   0.000, 34617.532, 69061.830, 103174.382, 136822.437, 169904.172, 202348.001, 234107.736, 265155.999, 295477.861, 325065.815, 353916.384, 382028.075, 409400.297, 436032.832, 461925.607, 487078.597, 511491.796, 535165.201, 558098.813, 580292.630, 601746.654, 622460.884, 642435.320, 661669.962, 680164.810, 697919.865, 714935.125, 731210.591, 746746.264, 761542.142, 775598.227, 788914.517, 801491.014, 813327.717, 824424.626, 834781.741, 844399.062, 853276.589, 861414.322, 868812.261, 875470.407, 881388.758, 886567.315, 891006.079, 894705.049, 897664.224, 899883.606, 901363.194, 902102.988, 902102.988, 901363.194, 899883.606, 897664.224, 894705.049, 891006.079, 886567.315, 881388.758, 875470.407, 868812.261, 861414.322, 853276.589, 844399.062, 834781.741, 824424.626, 813327.717, 801491.014, 788914.517, 775598.227, 761542.142, 746746.264, 731210.591, 714935.125, 697919.865, 680164.810, 661669.962, 642435.320, 622460.884, 601746.654, 580292.630, 558098.813, 535165.201, 511491.796, 487078.597, 461925.607, 436032.832, 409400.297, 382028.075, 353916.384, 325065.815, 295477.861, 265155.999, 234107.736, 202348.001, 169904.172, 136822.437, 103174.382, 69061.830, 34617.532,    0.000,
   0.000, 42987.572, 85760.019, 128120.503, 169904.172, 210984.587, 251272.851, 290711.614, 329266.879, 366920.106, 403661.978, 439488.175, 474396.845, 508387.254, 541459.130, 573612.383, 604846.983, 635162.921, 664560.196, 693038.805, 720598.750, 747240.030, 772962.645, 797766.595, 821651.881, 844618.501, 866666.457, 887795.748, 908006.374, 927298.336, 945671.632, 963126.264, 979662.231, 995279.533, 1009978.170, 1023758.142, 1036619.450, 1048562.093, 1059586.071, 1069691.384, 1078878.032, 1087146.015, 1094495.334, 1100925.988, 1106437.977, 1111031.301, 1114705.960, 1117461.955, 1119299.284, 1120217.949, 1120217.949, 1119299.284, 1117461.955, 1114705.960, 1111031.301, 1106437.977, 1100925.988, 1094495.334, 1087146.015, 1078878.032, 1069691.384, 1059586.071, 1048562.093, 1036619.450, 1023758.142, 1009978.170, 995279.533, 979662.231, 963126.264, 945671.632, 927298.336, 908006.374, 887795.748, 866666.457, 844618.501, 821651.881, 797766.595, 772962.645, 747240.030, 720598.750, 693038.805, 664560.196, 635162.921, 604846.983, 573612.383, 541459.130, 508387.254, 474396.845, 439488.175, 403661.978, 366920.106, 329266.879, 290711.614, 251272.851, 210984.587, 169904.172, 128120.503, 85760.019, 42987.572,    0.000,
   0.000, 51196.217, 102136.226, 152585.597, 202348.001, 251272.851, 299254.280, 346223.987, 392141.486, 436984.699, 480742.529, 523409.834, 564984.406, 605465.373, 644852.412, 683145.413, 720344.342, 756449.189, 791459.950, 825376.625, 858199.214, 889927.717, 920562.133, 950102.463, 978548.707, 1005900.864, 1032158.935, 1057322.920, 1081392.818, 1104368.631, 1126250.357, 1147037.996, 1166731.550, 1185331.017, 1202836.397, 1219247.692, 1234564.900, 1248788.022, 1261917.057, 1273952.007, 1284892.870, 1294739.646, 1303492.337, 1311150.941, 1317715.458, 1323185.890, 1327562.235, 1330844.494, 1333032.667, 1334126.753, 1334126.753, 1333032.667, 1330844.494, 1327562.235, 1323185.890, 1317715.458, 1311150.941, 1303492.337, 1294739.646, 1284892.870, 1273952.007, 1261917.057, 1248788.022, 1234564.900, 1219247.692, 1202836.397, 1185331.017, 1166731.550, 1147037.996, 1126250.357, 1104368.631, 1081392.818, 1057322.920, 1032158.935, 1005900.864, 978548.707, 950102.463, 920562.133, 889927.717, 858199.214, 825376.625, 791459.950, 756449.189, 720344.342, 683145.413, 644852.412, 605465.373, 564984.406, 523409.834, 480742.529, 436984.699, 392141.486, 346223.987, 299254.280, 251272.851, 202348.001, 152585.597, 102136.226, 51196.217,    0.000,
   0.000, 59231.781, 118167.136, 176534.836, 234107.736, 290711.614, 346223.987, 400565.837, 453690.325, 505571.910, 556197.756, 605561.911, 653661.824, 700496.484, 746065.519, 790368.801, 833406.291, 875177.977, 915683.855, 954923.924, 992898.185, 1029606.638, 1065049.281, 1099226.116, 1132137.142, 1163782.360, 1194161.768, 1223275.369, 1251123.160, 1277705.143, 1303021.317, 1327071.682, 1349856.238, 1371374.986, 1391627.925, 1410615.056, 1428336.378, 1444791.891, 1459981.595, 1473905.491, 1486563.578, 1497955.856, 1508082.326, 1516942.987, 1524537.839, 1530866.882, 1535930.117, 1539727.543, 1542259.161, 1543524.969, 1543524.969, 1542259.161, 1539727.543, 1535930.117, 1530866.882, 1524537.839, 1516942.987, 1508082.326, 1497955.856, 1486563.578, 1473905.491, 1459981.595, 1444791.891, 1428336.378, 1410615.056, 1391627.925, 1371374.986, 1349856.238, 1327071.682, 1303021.317, 1277705.143, 1251123.160, 1223275.369, 1194161.768, 1163782.360, 1132137.142, 1099226.116, 1065049.281, 1029606.638, 992898.185, 954923.924, 915683.855, 875177.977, 833406.291, 790368.801, 746065.519, 700496.484, 653661.824, 605561.911, 556197.756, 505571.910, 453690.325, 400565.837, 346223.987, 290711.614, 234107.736, 176534.836, 118167.136, 59231.781,    0.000,
   0.000, 67087.336, 133838.929, 199947.575, 265155.999, 329266.879, 392141.486, 453690.325, 513860.350, 572622.630, 629962.630, 685873.609, 740352.679, 793398.693, 845011.231, 895190.149, 943935.402, 991246.975, 1037124.865, 1081569.072, 1124579.594, 1166156.433, 1206299.587, 1245009.057, 1282284.844, 1318126.946, 1352535.364, 1385510.098, 1417051.147, 1447158.513, 1475832.195, 1503072.193, 1528878.506, 1553251.136, 1576190.081, 1597695.342, 1617766.919, 1636404.812, 1653609.021, 1669379.546, 1683716.387, 1696619.544, 1708089.017, 1718124.805, 1726726.910, 1733895.330, 1739630.067, 1743931.119, 1746798.487, 1748232.171, 1748232.171, 1746798.487, 1743931.119, 1739630.067, 1733895.330, 1726726.910, 1718124.805, 1708089.017, 1696619.544, 1683716.387, 1669379.546, 1653609.021, 1636404.812, 1617766.919, 1597695.342, 1576190.081, 1553251.136, 1528878.506, 1503072.193, 1475832.195, 1447158.513, 1417051.147, 1385510.098, 1352535.364, 1318126.946, 1282284.844, 1245009.057, 1206299.587, 1166156.433, 1124579.594, 1081569.072, 1037124.865, 991246.975, 943935.402, 895190.149, 845011.231, 793398.693, 740352.679, 685873.609, 629962.630, 572622.630, 513860.350, 453690.325, 392141.486, 329266.879, 265155.999, 199947.575, 133838.929, 67087.336,    0.000,
   0.000, 74759.105, 149144.067, 222812.551, 295477.861, 366920.106, 436984.699, 505571.910, 572622.630, 638104.622, 702001.689, 764306.320, 825015.296, 884127.342, 941641.987, 997559.072, 1051878.545, 1104600.392, 1155724.609, 1205251.194, 1253180.148, 1299511.469, 1344245.159, 1387381.217, 1428919.644, 1468860.438, 1507203.601, 1543949.132, 1579097.031, 1612647.299, 1644599.934, 1674954.938, 1703712.310, 1730872.051, 1756434.159, 1780398.636, 1802765.481, 1823534.694, 1842706.276, 1860280.225, 1876256.543, 1890635.229, 1903416.283, 1914599.706, 1924185.497, 1932173.656, 1938564.183, 1943357.078, 1946552.342, 1948149.973, 1948149.973, 1946552.342, 1943357.078, 1938564.183, 1932173.656, 1924185.497, 1914599.706, 1903416.283, 1890635.229, 1876256.543, 1860280.225, 1842706.276, 1823534.694, 1802765.481, 1780398.636, 1756434.159, 1730872.051, 1703712.310, 1674954.938, 1644599.934, 1612647.299, 1579097.031, 1543949.132, 1507203.601, 1468860.438, 1428919.644, 1387381.217, 1344245.159, 1299511.469, 1253180.148, 1205251.194, 1155724.609, 1104600.392, 1051878.545, 997559.072, 941641.987, 884127.342, 825015.296, 764306.320, 702001.689, 638104.622, 572622.630, 505571.910, 436984.699, 366920.106, 295477.861, 222812.551, 149144.067, 74759.105,    0.000,
   0.000, 82245.187, 164078.763, 245124.108, 325065.815, 403661.978, 480742.529, 556197.756, 629962.630, 702001.689, 772297.114, 840840.644, 907628.738, 972659.992, 1035933.888, 1097450.252, 1157209.027, 1215210.197, 1271453.757, 1325939.706, 1378668.044, 1429638.771, 1478851.886, 1526307.391, 1572005.284, 1615945.565, 1658128.236, 1698553.295, 1737220.743, 1774130.579, 1809282.805, 1842677.419, 1874314.421, 1904193.813, 1932315.593, 1958679.762, 1983286.320, 2006135.266, 2027226.602, 2046560.326, 2064136.438, 2079954.940, 2094015.830, 2106319.109, 2116864.776, 2125652.833, 2132683.278, 2137956.111, 2141471.334, 2143228.945, 2143228.945, 2141471.334, 2137956.111, 2132683.278, 2125652.833, 2116864.776, 2106319.109, 2094015.830, 2079954.940, 2064136.438, 2046560.326, 2027226.602, 2006135.266, 1983286.320, 1958679.762, 1932315.593, 1904193.813, 1874314.421, 1842677.419, 1809282.805, 1774130.579, 1737220.743, 1698553.295, 1658128.236, 1615945.565, 1572005.284, 1526307.391, 1478851.886, 1429638.771, 1378668.044, 1325939.706, 1271453.757, 1215210.197, 1157209.027, 1097450.252, 1035933.888, 972659.992, 907628.738, 840840.644, 772297.114, 702001.689, 629962.630, 556197.756, 480742.529, 403661.978, 325065.815, 245124.108, 164078.763, 82245.187,    0.000,
   0.000, 89544.703, 178641.259, 266879.619, 353916.384, 439488.175, 523409.834, 605561.911, 685873.609, 764306.320, 840840.644, 915467.588, 988183.295, 1058986.238, 1127875.854, 1194851.952, 1259914.471, 1323063.392, 1384298.711, 1443620.427, 1501028.540, 1556523.048, 1610103.953, 1661771.254, 1711524.952, 1759365.045, 1805291.535, 1849304.421, 1891403.704, 1931589.382, 1969861.457, 2006219.928, 2040664.796, 2073196.059, 2103813.719, 2132517.775, 2159308.228, 2184185.076, 2207148.321, 2228197.963, 2247334.000, 2264556.434, 2279865.264, 2293260.490, 2304742.112, 2314310.131, 2321964.546, 2327705.357, 2331532.565, 2333446.169, 2333446.169, 2331532.565, 2327705.357, 2321964.546, 2314310.131, 2304742.112, 2293260.490, 2279865.264, 2264556.434, 2247334.000, 2228197.963, 2207148.321, 2184185.076, 2159308.228, 2132517.775, 2103813.719, 2073196.059, 2040664.796, 2006219.928, 1969861.457, 1931589.382, 1891403.704, 1849304.421, 1805291.535, 1759365.045, 1711524.952, 1661771.254, 1610103.953, 1556523.048, 1501028.540, 1443620.427, 1384298.711, 1323063.392, 1259914.471, 1194851.952, 1127875.854, 1058986.238, 988183.295, 915467.588, 840840.644, 764306.320, 685873.609, 605561.911, 523409.834, 439488.175, 353916.384, 266879.619, 178641.259, 89544.703,    0.000,
   0.000, 96657.274, 192830.802, 288077.961, 382028.075, 474396.845, 564984.406, 653661.824, 740352.679, 825015.296, 907628.738, 988183.295, 1066674.807, 1143101.623, 1217463.137, 1289759.142, 1359989.572, 1428154.408, 1494253.645, 1558287.281, 1620255.316, 1680157.750, 1737994.583, 1793765.814, 1847471.444, 1899111.474, 1948685.902, 1996194.728, 2041637.954, 2085015.579, 2126327.602, 2165574.024, 2202754.845, 2237870.065, 2270919.684, 2301903.701, 2330822.117, 2357674.933, 2382462.147, 2405183.759, 2425839.771, 2444430.182, 2460954.991, 2475414.199, 2487807.806, 2498135.812, 2506398.217, 2512595.020, 2516726.222, 2518791.824, 2518791.824, 2516726.222, 2512595.020, 2506398.217, 2498135.812, 2487807.806, 2475414.199, 2460954.991, 2444430.182, 2425839.771, 2405183.759, 2382462.147, 2357674.933, 2330822.117, 2301903.701, 2270919.684, 2237870.065, 2202754.845, 2165574.024, 2126327.602, 2085015.579, 2041637.954, 1996194.728, 1948685.902, 1899111.474, 1847471.444, 1793765.814, 1737994.583, 1680157.750, 1620255.316, 1558287.281, 1494253.645, 1428154.408, 1359989.572, 1289759.142, 1217463.137, 1143101.623, 1066674.807, 988183.295, 907628.738, 825015.296, 740352.679, 653661.824, 564984.406, 474396.845, 382028.075, 288077.961, 192830.802, 96657.274,    0.000,
   0.000, 103582.752, 206647.094, 308718.688, 409400.297, 508387.254, 605465.373, 700496.484, 793398.693, 884127.342, 972659.992, 1058986.238, 1143101.623, 1225004.378, 1304693.853, 1382169.826, 1457432.228, 1530481.037, 1601316.247, 1669937.857, 1736345.868, 1800540.278, 1862521.087, 1922288.296, 1979841.905, 2035181.914, 2088308.322, 2139221.130, 2187920.337, 2234405.944, 2278677.951, 2320736.358, 2360581.164, 2398212.370, 2433629.975, 2466833.980, 2497824.385, 2526601.189, 2553164.393, 2577513.997, 2599650.001, 2619572.404, 2637281.206, 2652776.409, 2666058.011, 2677126.013, 2685980.414, 2692621.215, 2697048.416, 2699262.016, 2699262.016, 2697048.416, 2692621.215, 2685980.414, 2677126.013, 2666058.011, 2652776.409, 2637281.206, 2619572.404, 2599650.001, 2577513.997, 2553164.393, 2526601.189, 2497824.385, 2466833.980, 2433629.975, 2398212.370, 2360581.164, 2320736.358, 2278677.951, 2234405.944, 2187920.337, 2139221.130, 2088308.322, 2035181.914, 1979841.905, 1922288.296, 1862521.087, 1800540.278, 1736345.868, 1669937.857, 1601316.247, 1530481.037, 1457432.228, 1382169.826, 1304693.853, 1225004.378, 1143101.623, 1058986.238, 972659.992, 884127.342, 793398.693, 700496.484, 605465.373, 508387.254, 409400.297, 308718.688, 206647.094, 103582.752,    0.000,
   0.000, 110321.081, 220090.025, 328801.635, 436032.832, 541459.130, 644852.412, 746065.519, 845011.231, 941641.987, 1035933.888, 1127875.854, 1217463.137, 1304693.853, 1389567.310, 1472083.273, 1552241.665, 1630042.465, 1705485.668, 1778571.271, 1849299.273, 1917669.676, 1983682.479, 2047337.681, 2108635.284, 2167575.286, 2224157.688, 2278382.490, 2330249.692, 2379759.294, 2426911.296, 2471705.698, 2514142.500, 2554221.701, 2591943.303, 2627307.304, 2660313.705, 2690962.507, 2719253.708, 2745187.309, 2768763.310, 2789981.711, 2808842.511, 2825345.712, 2839491.313, 2851279.313, 2860709.713, 2867782.514, 2872497.714, 2874855.314, 2874855.314, 2872497.714, 2867782.514, 2860709.713, 2851279.313, 2839491.313, 2825345.712, 2808842.511, 2789981.711, 2768763.310, 2745187.309, 2719253.708, 2690962.507, 2660313.705, 2627307.304, 2591943.303, 2554221.701, 2514142.500, 2471705.698, 2426911.296, 2379759.294, 2330249.692, 2278382.490, 2224157.688, 2167575.286, 2108635.284, 2047337.681, 1983682.479, 1917669.676, 1849299.273, 1778571.271, 1705485.668, 1630042.465, 1552241.665, 1472083.273, 1389567.310, 1304693.853, 1217463.137, 1127875.854, 1035933.888, 941641.987, 845011.231, 746065.519, 644852.412, 541459.130, 436032.832, 328801.635, 220090.025, 110321.081,    0.000,
   0.000, 116872.242, 233159.557, 348326.746, 461925.607, 573612.383, 683145.413, 790368.801, 895190.149, 997559.072, 1097450.252, 1194851.952, 1289759.142, 1382169.826, 1472083.273, 1559499.230, 1644417.619, 1726838.417, 1806761.618, 1884187.218, 1959115.219, 2031545.620, 2101478.420, 2168913.621, 2233851.221, 2296291.222, 2356233.623, 2413678.423, 2468625.624, 2521075.224, 2571027.225, 2618481.625, 2663438.426, 2705897.626, 2745859.226, 2783323.227, 2818289.627, 2850758.427, 2880729.628, 2908203.228, 2933179.228, 2955657.628, 2975638.429, 2993121.629, 3008107.229, 3020595.229, 3030585.629, 3038078.429, 3043073.629, 3045571.229, 3045571.229, 3043073.629, 3038078.429, 3030585.629, 3020595.229, 3008107.229, 2993121.629, 2975638.429, 2955657.628, 2933179.228, 2908203.228, 2880729.628, 2850758.427, 2818289.627, 2783323.227, 2745859.226, 2705897.626, 2663438.426, 2618481.625, 2571027.225, 2521075.224, 2468625.624, 2413678.423, 2356233.623, 2296291.222, 2233851.221, 2168913.621, 2101478.420, 2031545.620, 1959115.219, 1884187.218, 1806761.618, 1726838.417, 1644417.619, 1559499.230, 1472083.273, 1382169.826, 1289759.142, 1194851.952, 1097450.252, 997559.072, 895190.149, 790368.801, 683145.413, 573612.383, 461925.607, 348326.746, 233159.557, 116872.242,    0.000,
   0.000, 123236.229, 245855.678, 367294.004, 487078.597, 604846.983, 720344.342, 833406.291, 943935.402, 1051878.545, 1157209.027, 1259914.471, 1359989.572, 1457432.228, 1552241.665, 1644417.619, 1733960.008, 1820868.805, 1905144.004, 1986785.604, 2065793.605, 2142168.005, 2215908.805, 2287016.005, 2355489.605, 2421329.605, 2484536.005, 2545108.806, 2603048.006, 2658353.606, 2711025.606, 2761064.006, 2808468.806, 2853240.006, 2895377.606, 2934881.606, 2971752.007, 3005988.807, 3037592.007, 3066561.607, 3092897.607, 3116600.007, 3137668.807, 3156104.007, 3171905.607, 3185073.607, 3195608.007, 3203508.807, 3208776.007, 3211409.607, 3211409.607, 3208776.007, 3203508.807, 3195608.007, 3185073.607, 3171905.607, 3156104.007, 3137668.807, 3116600.007, 3092897.607, 3066561.607, 3037592.007, 3005988.807, 2971752.007, 2934881.606, 2895377.606, 2853240.006, 2808468.806, 2761064.006, 2711025.606, 2658353.606, 2603048.006, 2545108.806, 2484536.005, 2421329.605, 2355489.605, 2287016.005, 2215908.805, 2142168.005, 2065793.605, 1986785.604, 1905144.004, 1820868.805, 1733960.008, 1644417.619, 1552241.665, 1457432.228, 1359989.572, 1259914.471, 1157209.027, 1051878.545, 943935.402, 833406.291, 720344.342, 604846.983, 487078.597, 367294.004, 245855.678, 123236.229,    0.000,
   0.000, 129413.041, 258178.385, 385703.404, 511491.796, 635162.921, 756449.189, 875177.977, 991246.975, 1104600.392, 1215210.197, 1323063.392, 1428154.408, 1530481.037, 1630042.465, 1726838.417, 1820868.805, 1912133.602, 2000632.801, 2086366.401, 2169334.401, 2249536.801, 2326973.601, 2401644.801, 2473550.401, 2542690.401, 2609064.801, 2672673.601, 2733516.801, 2791594.401, 2846906.401, 2899452.801, 2949233.601, 2996248.801, 3040498.401, 3081982.401, 3120700.801, 3156653.601, 3189840.802, 3220262.402, 3247918.402, 3272808.802, 3294933.602, 3314292.802, 3330886.402, 3344714.402, 3355776.802, 3364073.602, 3369604.802, 3372370.402, 3372370.402, 3369604.802, 3364073.602, 3355776.802, 3344714.402, 3330886.402, 3314292.802, 3294933.602, 3272808.802, 3247918.402, 3220262.402, 3189840.802, 3156653.601, 3120700.801, 3081982.401, 3040498.401, 2996248.801, 2949233.601, 2899452.801, 2846906.401, 2791594.401, 2733516.801, 2672673.601, 2609064.801, 2542690.401, 2473550.401, 2401644.801, 2326973.601, 2249536.801, 2169334.401, 2086366.401, 2000632.801, 1912133.602, 1820868.805, 1726838.417, 1630042.465, 1530481.037, 1428154.408, 1323063.392, 1215210.197, 1104600.392, 991246.975, 875177.977, 756449.189, 635162.921, 511491.796, 385703.404, 258178.385, 129413.041,    0.000,
   0.000, 135402.677, 270127.678, 403554.943, 535165.201, 664560.196, 791459.950, 915683.855, 1037124.865, 1155724.609, 1271453.757, 1384298.711, 1494253.645, 1601316.247, 1705485.668, 1806761.618, 1905144.004, 2000632.801, 2093228.000, 2182929.600, 2269737.600, 2353652.000, 2434672.800, 2512800.000, 2588033.600, 2660373.600, 2729820.000, 2796372.800, 2860032.000, 2920797.600, 2978669.600, 3033648.000, 3085732.800, 3134924.000, 3181221.600, 3224625.600, 3265136.000, 3302752.800, 3337476.000, 3369305.600, 3398241.600, 3424284.000, 3447432.800, 3467688.000, 3485049.600, 3499517.600, 3511092.000, 3519772.800, 3525560.000, 3528453.600, 3528453.600, 3525560.000, 3519772.800, 3511092.000, 3499517.600, 3485049.600, 3467688.000, 3447432.800, 3424284.000, 3398241.600, 3369305.600, 3337476.000, 3302752.800, 3265136.000, 3224625.600, 3181221.600, 3134924.000, 3085732.800, 3033648.000, 2978669.600, 2920797.600, 2860032.000, 2796372.800, 2729820.000, 2660373.600, 2588033.600, 2512800.000, 2434672.800, 2353652.000, 2269737.600, 2182929.600, 2093228.000, 2000632.801, 1905144.004, 1806761.618, 1705485.668, 1601316.247, 1494253.645, 1384298.711, 1271453.757, 1155724.609, 1037124.865, 915683.855, 791459.950, 664560.196, 535165.201, 403554.943, 270127.678, 135402.677,    0.000,
   0.000, 141205.136, 281703.555, 420848.621, 558098.813, 693038.805, 825376.625, 954923.924, 1081569.072, 1205251.194, 1325939.706, 1443620.427, 1558287.281, 1669937.857, 1778571.271, 1884187.218, 1986785.604, 2086366.401, 2182929.600, 2276475.200, 2367003.200, 2454513.600, 2539006.400, 2620481.600, 2698939.200, 2774379.200, 2846801.600, 2916206.400, 2982593.600, 3045963.200, 3106315.200, 3163649.600, 3217966.400, 3269265.600, 3317547.200, 3362811.200, 3405057.600, 3444286.400, 3480497.600, 3513691.200, 3543867.200, 3571025.600, 3595166.400, 3616289.600, 3634395.200, 3649483.200, 3661553.600, 3670606.400, 3676641.600, 3679659.200, 3679659.200, 3676641.600, 3670606.400, 3661553.600, 3649483.200, 3634395.200, 3616289.600, 3595166.400, 3571025.600, 3543867.200, 3513691.200, 3480497.600, 3444286.400, 3405057.600, 3362811.200, 3317547.200, 3269265.600, 3217966.400, 3163649.600, 3106315.200, 3045963.200, 2982593.600, 2916206.400, 2846801.600, 2774379.200, 2698939.200, 2620481.600, 2539006.400, 2454513.600, 2367003.200, 2276475.200, 2182929.600, 2086366.401, 1986785.604, 1884187.218, 1778571.271, 1669937.857, 1558287.281, 1443620.427, 1325939.706, 1205251.194, 1081569.072, 954923.924, 825376.625, 693038.805, 558098.813, 420848.621, 281703.555, 141205.136,    0.000,
   0.000, 146820.420, 292906.016, 437584.439, 580292.630, 720598.750, 858199.214, 992898.185, 1124579.594, 1253180.148, 1378668.044, 1501028.540, 1620255.316, 1736345.868, 1849299.273, 1959115.219, 2065793.605, 2169334.401, 2269737.600, 2367003.200, 2461131.200, 2552121.600, 2639974.400, 2724689.600, 2806267.200, 2884707.200, 2960009.600, 3032174.400, 3101201.600, 3167091.200, 3229843.200, 3289457.600, 3345934.400, 3399273.600, 3449475.200, 3496539.200, 3540465.600, 3581254.400, 3618905.600, 3653419.200, 3684795.200, 3713033.600, 3738134.400, 3760097.600, 3778923.200, 3794611.200, 3807161.600, 3816574.400, 3822849.600, 3825987.200, 3825987.200, 3822849.600, 3816574.400, 3807161.600, 3794611.200, 3778923.200, 3760097.600, 3738134.400, 3713033.600, 3684795.200, 3653419.200, 3618905.600, 3581254.400, 3540465.600, 3496539.200, 3449475.200, 3399273.600, 3345934.400, 3289457.600, 3229843.200, 3167091.200, 3101201.600, 3032174.400, 2960009.600, 2884707.200, 2806267.200, 2724689.600, 2639974.400, 2552121.600, 2461131.200, 2367003.200, 2269737.600, 2169334.401, 2065793.605, 1959115.219, 1849299.273, 1736345.868, 1620255.316, 1501028.540, 1378668.044, 1253180.148, 1124579.594, 992898.185, 858199.214, 720598.750, 580292.630, 437584.439, 292906.016, 146820.420,    0.000,
   0.000, 152248.527, 303735.062, 453762.397, 601746.654, 747240.030, 889927.717, 1029606.638, 1166156.433, 1299511.469, 1429638.771, 1556523.048, 1680157.750, 1800540.278, 1917669.676, 2031545.620, 2142168.005, 2249536.801, 2353652.000, 2454513.600, 2552121.600, 2646476.000, 2737576.800, 2825424.000, 2910017.600, 2991357.600, 3069444.000, 3144276.800, 3215856.000, 3284181.600, 3349253.600, 3411072.000, 3469636.800, 3524948.000, 3577005.600, 3625809.600, 3671360.000, 3713656.800, 3752700.000, 3788489.600, 3821025.600, 3850308.000, 3876336.800, 3899112.000, 3918633.600, 3934901.600, 3947916.000, 3957676.800, 3964184.000, 3967437.600, 3967437.600, 3964184.000, 3957676.800, 3947916.000, 3934901.600, 3918633.600, 3899112.000, 3876336.800, 3850308.000, 3821025.600, 3788489.600, 3752700.000, 3713656.800, 3671360.000, 3625809.600, 3577005.600, 3524948.000, 3469636.800, 3411072.000, 3349253.600, 3284181.600, 3215856.000, 3144276.800, 3069444.000, 2991357.600, 2910017.600, 2825424.000, 2737576.800, 2646476.000, 2552121.600, 2454513.600, 2353652.000, 2249536.801, 2142168.005, 2031545.620, 1917669.676, 1800540.278, 1680157.750, 1556523.048, 1429638.771, 1299511.469, 1166156.433, 1029606.638, 889927.717, 747240.030, 601746.654, 453762.397, 303735.062, 152248.527,    0.000,
   0.000, 157489.459, 314190.693, 469382.494, 622460.884, 772962.645, 920562.133, 1065049.281, 1206299.587, 1344245.159, 1478851.886, 1610103.953, 1737994.583, 1862521.087, 1983682.479, 2101478.420, 2215908.805, 2326973.601, 2434672.800, 2539006.400, 2639974.400, 2737576.800, 2831813.600, 2922684.800, 3010190.400, 3094330.400, 3175104.800, 3252513.600, 3326556.800, 3397234.400, 3464546.400, 3528492.800, 3589073.600, 3646288.800, 3700138.400, 3750622.400, 3797740.800, 3841493.600, 3881880.800, 3918902.400, 3952558.400, 3982848.800, 4009773.600, 4033332.800, 4053526.400, 4070354.400, 4083816.800, 4093913.600, 4100644.800, 4104010.400, 4104010.400, 4100644.800, 4093913.600, 4083816.800, 4070354.400, 4053526.400, 4033332.800, 4009773.600, 3982848.800, 3952558.400, 3918902.400, 3881880.800, 3841493.600, 3797740.800, 3750622.400, 3700138.400, 3646288.800, 3589073.600, 3528492.800, 3464546.400, 3397234.400, 3326556.800, 3252513.600, 3175104.800, 3094330.400, 3010190.400, 2922684.800, 2831813.600, 2737576.800, 2639974.400, 2539006.400, 2434672.800, 2326973.601, 2215908.805, 2101478.420, 1983682.479, 1862521.087, 1737994.583, 1610103.953, 1478851.886, 1344245.159, 1206299.587, 1065049.281, 920562.133, 772962.645, 622460.884, 469382.494, 314190.693, 157489.459,    0.000,
   0.000, 162543.214, 324272.909, 484444.730, 642435.320, 797766.595, 950102.463, 1099226.116, 1245009.057, 1387381.217, 1526307.391, 1661771.254, 1793765.814, 1922288.296, 2047337.681, 2168913.621, 2287016.005, 2401644.801, 2512800.000, 2620481.600, 2724689.600, 2825424.000, 2922684.800, 3016472.000, 3106785.600, 3193625.600, 3276992.000, 3356884.800, 3433304.000, 3506249.600, 3575721.600, 3641720.000, 3704244.800, 3763296.000, 3818873.600, 3870977.600, 3919608.000, 3964764.800, 4006448.000, 4044657.600, 4079393.600, 4110656.000, 4138444.800, 4162760.000, 4183601.600, 4200969.600, 4214864.000, 4225284.800, 4232232.000, 4235705.600, 4235705.600, 4232232.000, 4225284.800, 4214864.000, 4200969.600, 4183601.600, 4162760.000, 4138444.800, 4110656.000, 4079393.600, 4044657.600, 4006448.000, 3964764.800, 3919608.000, 3870977.600, 3818873.600, 3763296.000, 3704244.800, 3641720.000, 3575721.600, 3506249.600, 3433304.000, 3356884.800, 3276992.000, 3193625.600, 3106785.600, 3016472.000, 2922684.800, 2825424.000, 2724689.600, 2620481.600, 2512800.000, 2401644.801, 2287016.005, 2168913.621, 2047337.681, 1922288.296, 1793765.814, 1661771.254, 1526307.391, 1387381.217, 1245009.057, 1099226.116, 950102.463, 797766.595, 642435.320, 484444.730, 324272.909, 162543.214,    0.000,
   0.000, 167409.793, 333981.709, 498949.105, 661669.962, 821651.881, 978548.707, 1132137.142, 1282284.844, 1428919.644, 1572005.284, 1711524.952, 1847471.444, 1979841.905, 2108635.284, 2233851.221, 2355489.605, 2473550.401, 2588033.600, 2698939.200, 2806267.200, 2910017.600, 3010190.400, 3106785.600, 3199803.200, 3289243.200, 3375105.600, 3457390.400, 3536097.600, 3611227.200, 3682779.200, 3750753.600, 3815150.400, 3875969.600, 3933211.200, 3986875.200, 4036961.600, 4083470.400, 4126401.600, 4165755.200, 4201531.200, 4233729.600, 4262350.400, 4287393.600, 4308859.200, 4326747.200, 4341057.600, 4351790.400, 4358945.600, 4362523.200, 4362523.200, 4358945.600, 4351790.400, 4341057.600, 4326747.200, 4308859.200, 4287393.600, 4262350.400, 4233729.600, 4201531.200, 4165755.200, 4126401.600, 4083470.400, 4036961.600, 3986875.200, 3933211.200, 3875969.600, 3815150.400, 3750753.600, 3682779.200, 3611227.200, 3536097.600, 3457390.400, 3375105.600, 3289243.200, 3199803.200, 3106785.600, 3010190.400, 2910017.600, 2806267.200, 2698939.200, 2588033.600, 2473550.401, 2355489.605, 2233851.221, 2108635.284, 1979841.905, 1847471.444, 1711524.952, 1572005.284, 1428919.644, 1282284.844, 1132137.142, 978548.707, 821651.881, 661669.962, 498949.105, 333981.709, 167409.793,    0.000,
   0.000, 172089.196, 343317.093, 512895.620, 680164.810, 844618.501, 1005900.864, 1163782.360, 1318126.946, 1468860.438, 1615945.565, 1759365.045, 1899111.474, 2035181.914, 2167575.286, 2296291.222, 2421329.605, 2542690.401, 2660373.600, 2774379.200, 2884707.200, 2991357.600, 3094330.400, 3193625.600, 3289243.200, 3381183.200, 3469445.600, 3554030.400, 3634937.600, 3712167.200, 3785719.200, 3855593.600, 3921790.400, 3984309.600, 4043151.200, 4098315.200, 4149801.600, 4197610.400, 4241741.600, 4282195.200, 4318971.200, 4352069.600, 4381490.400, 4407233.600, 4429299.200, 4447687.200, 4462397.600, 4473430.400, 4480785.600, 4484463.200, 4484463.200, 4480785.600, 4473430.400, 4462397.600, 4447687.200, 4429299.200, 4407233.600, 4381490.400, 4352069.600, 4318971.200, 4282195.200, 4241741.600, 4197610.400, 4149801.600, 4098315.200, 4043151.200, 3984309.600, 3921790.400, 3855593.600, 3785719.200, 3712167.200, 3634937.600, 3554030.400, 3469445.600, 3381183.200, 3289243.200, 3193625.600, 3094330.400, 2991357.600, 2884707.200, 2774379.200, 2660373.600, 2542690.401, 2421329.605, 2296291.222, 2167575.286, 2035181.914, 1899111.474, 1759365.045, 1615945.565, 1468860.438, 1318126.946, 1163782.360, 1005900.864, 844618.501, 680164.810, 512895.620, 343317.093, 172089.196,    0.000,
   0.000, 176581.423, 352279.063, 526284.275, 697919.865, 866666.457, 1032158.935, 1194161.768, 1352535.364, 1507203.601, 1658128.236, 1805291.535, 1948685.902, 2088308.322, 2224157.688, 2356233.623, 2484536.005, 2609064.801, 2729820.000, 2846801.600, 2960009.600, 3069444.000, 3175104.800, 3276992.000, 3375105.600, 3469445.600, 3560012.000, 3646804.800, 3729824.000, 3809069.600, 3884541.600, 3956240.000, 4024164.800, 4088316.000, 4148693.600, 4205297.600, 4258128.000, 4307184.800, 4352468.000, 4393977.600, 4431713.600, 4465676.000, 4495864.800, 4522280.000, 4544921.600, 4563789.600, 4578884.000, 4590204.800, 4597752.000, 4601525.600, 4601525.600, 4597752.000, 4590204.800, 4578884.000, 4563789.600, 4544921.600, 4522280.000, 4495864.800, 4465676.000, 4431713.600, 4393977.600, 4352468.000, 4307184.800, 4258128.000, 4205297.600, 4148693.600, 4088316.000, 4024164.800, 3956240.000, 3884541.600, 3809069.600, 3729824.000, 3646804.800, 3560012.000, 3469445.600, 3375105.600, 3276992.000, 3175104.800, 3069444.000, 2960009.600, 2846801.600, 2729820.000, 2609064.801, 2484536.005, 2356233.623, 2224157.688, 2088308.322, 1948685.902, 1805291.535, 1658128.236, 1507203.601, 1352535.364, 1194161.768, 1032158.935, 866666.457, 697919.865, 526284.275, 352279.063, 176581.423,    0.000,
   0.000, 180886.474, 360867.616, 539115.069, 714935.125, 887795.748, 1057322.920, 1223275.369, 1385510.098, 1543949.132, 1698553.295, 1849304.421, 1996194.728, 2139221.130, 2278382.490, 2413678.423, 2545108.806, 2672673.601, 2796372.800, 2916206.400, 3032174.400, 3144276.800, 3252513.600, 3356884.800, 3457390.400, 3554030.400, 3646804.800, 3735713.600, 3820756.800, 3901934.400, 3979246.400, 4052692.800, 4122273.600, 4187988.800, 4249838.400, 4307822.400, 4361940.800, 4412193.600, 4458580.800, 4501102.400, 4539758.400, 4574548.800, 4605473.600, 4632532.800, 4655726.400, 4675054.400, 4690516.800, 4702113.600, 4709844.800, 4713710.400, 4713710.400, 4709844.800, 4702113.600, 4690516.800, 4675054.400, 4655726.400, 4632532.800, 4605473.600, 4574548.800, 4539758.400, 4501102.400, 4458580.800, 4412193.600, 4361940.800, 4307822.400, 4249838.400, 4187988.800, 4122273.600, 4052692.800, 3979246.400, 3901934.400, 3820756.800, 3735713.600, 3646804.800, 3554030.400, 3457390.400, 3356884.800, 3252513.600, 3144276.800, 3032174.400, 2916206.400, 2796372.800, 2672673.601, 2545108.806, 2413678.423, 2278382.490, 2139221.130, 1996194.728, 1849304.421, 1698553.295, 1543949.132, 1385510.098, 1223275.369, 1057322.920, 887795.748, 714935.125, 539115.069, 360867.616, 180886.474,    0.000,
   0.000, 185004.349, 369082.755, 551388.002, 731210.591, 908006.374, 1081392.818, 1251123.160, 1417051.147, 1579097.031, 1737220.743, 1891403.704, 2041637.954, 2187920.337, 2330249.692, 2468625.624, 2603048.006, 2733516.801, 2860032.000, 2982593.600, 3101201.600, 3215856.000, 3326556.800, 3433304.000, 3536097.600, 3634937.600, 3729824.000, 3820756.800, 3907736.000, 3990761.600, 4069833.600, 4144952.000, 4216116.800, 4283328.000, 4346585.600, 4405889.600, 4461240.000, 4512636.800, 4560080.000, 4603569.600, 4643105.600, 4678688.000, 4710316.800, 4737992.000, 4761713.600, 4781481.600, 4797296.000, 4809156.800, 4817064.000, 4821017.600, 4821017.600, 4817064.000, 4809156.800, 4797296.000, 4781481.600, 4761713.600, 4737992.000, 4710316.800, 4678688.000, 4643105.600, 4603569.600, 4560080.000, 4512636.800, 4461240.000, 4405889.600, 4346585.600, 4283328.000, 4216116.800, 4144952.000, 4069833.600, 3990761.600, 3907736.000, 3820756.800, 3729824.000, 3634937.600, 3536097.600, 3433304.000, 3326556.800, 3215856.000, 3101201.600, 2982593.600, 2860032.000, 2733516.801, 2603048.006, 2468625.624, 2330249.692, 2187920.337, 2041637.954, 1891403.704, 1737220.743, 1579097.031, 1417051.147, 1251123.160, 1081392.818, 908006.374, 731210.591, 551388.002, 369082.755, 185004.349,    0.000,
   0.000, 188935.047, 376924.478, 563103.075, 746746.264, 927298.336, 1104368.631, 1277705.143, 1447158.513, 1612647.299, 1774130.579, 1931589.382, 2085015.579, 2234405.944, 2379759.294, 2521075.224, 2658353.606, 2791594.401, 2920797.600, 3045963.200, 3167091.200, 3284181.600, 3397234.400, 3506249.600, 3611227.200, 3712167.200, 3809069.600, 3901934.400, 3990761.600, 4075551.200, 4156303.200, 4233017.600, 4305694.400, 4374333.600, 4438935.200, 4499499.200, 4556025.600, 4608514.400, 4656965.600, 4701379.200, 4741755.200, 4778093.600, 4810394.400, 4838657.600, 4862883.200, 4883071.200, 4899221.600, 4911334.400, 4919409.600, 4923447.200, 4923447.200, 4919409.600, 4911334.400, 4899221.600, 4883071.200, 4862883.200, 4838657.600, 4810394.400, 4778093.600, 4741755.200, 4701379.200, 4656965.600, 4608514.400, 4556025.600, 4499499.200, 4438935.200, 4374333.600, 4305694.400, 4233017.600, 4156303.200, 4075551.200, 3990761.600, 3901934.400, 3809069.600, 3712167.200, 3611227.200, 3506249.600, 3397234.400, 3284181.600, 3167091.200, 3045963.200, 2920797.600, 2791594.401, 2658353.606, 2521075.224, 2379759.294, 2234405.944, 2085015.579, 1931589.382, 1774130.579, 1612647.299, 1447158.513, 1277705.143, 1104368.631, 927298.336, 746746.264, 563103.075, 376924.478, 188935.047,    0.000,
   0.000, 192678.570, 384392.786, 574260.287, 761542.142, 945671.632, 1126250.357, 1303021.317, 1475832.195, 1644599.934, 1809282.805, 1969861.457, 2126327.602, 2278677.951, 2426911.296, 2571027.225, 2711025.606, 2846906.401, 2978669.600, 3106315.200, 3229843.200, 3349253.600, 3464546.400, 3575721.600, 3682779.200, 3785719.200, 3884541.600, 3979246.400, 4069833.600, 4156303.200, 4238655.200, 4316889.600, 4391006.400, 4461005.600, 4526887.200, 4588651.200, 4646297.600, 4699826.400, 4749237.600, 4794531.200, 4835707.200, 4872765.600, 4905706.400, 4934529.600, 4959235.200, 4979823.200, 4996293.600, 5008646.400, 5016881.600, 5020999.200, 5020999.200, 5016881.600, 5008646.400, 4996293.600, 4979823.200, 4959235.200, 4934529.600, 4905706.400, 4872765.600, 4835707.200, 4794531.200, 4749237.600, 4699826.400, 4646297.600, 4588651.200, 4526887.200, 4461005.600, 4391006.400, 4316889.600, 4238655.200, 4156303.200, 4069833.600, 3979246.400, 3884541.600, 3785719.200, 3682779.200, 3575721.600, 3464546.400, 3349253.600, 3229843.200, 3106315.200, 2978669.600, 2846906.401, 2711025.606, 2571027.225, 2426911.296, 2278677.951, 2126327.602, 1969861.457, 1809282.805, 1644599.934, 1475832.195, 1303021.317, 1126250.357, 945671.632, 761542.142, 574260.287, 384392.786, 192678.570,    0.000,
