   0.000,    0.000,    0.000,    0.000,    0.000,    0.000,    0.000,    0.000,    0.000,    0.000,    0.000,    0.000,    0.000,    0.000,    0.000,    0.000,    0.000,    0.000,    0.000,    0.000,    0.000,    0.000,    0.000,    0.000,    0.000,    0.000,    0.000,    0.000,    0.000,    0.000,    0.000,    0.000,    0.000,    0.000,    0.000,    0.000,    0.000,    0.000,    0.000,    0.000,    0.000,    0.000,    0.000,    0.000,    0.000,    0.000,    0.000,    0.000,    0.000,    0.000,    0.000,    0.000,    0.000,    0.000,    0.000,    0.000,    0.000,    0.000,    0.000,    0.000,    0.000,    0.000,    0.000,    0.000,    0.000,    0.000,    0.000,    0.000,    0.000,    0.000,    0.000,    0.000,    0.000,    0.000,    0.000,    0.000,    0.000,    0.000,    0.000,    0.000,    0.000,    0.000,    0.000,    0.000,    0.000,    0.000,    0.000,    0.000,    0.000,    0.000,    0.000,    0.000,    0.000,    0.000,    0.000,    0.000,    0.000,    0.000,    0.000,    0.000,
   0.000, 9156.259, 18239.878, 27194.055, 35983.795, 44591.917, 53011.610, 61240.670, 69278.510, 77125.001, 84780.118, 92243.858, 99516.220, 106597.204, 113486.810, 120185.038, 126691.888, 133007.360, 139131.454, 145064.170, 150805.509, 156355.469, 161714.051, 166881.256, 171857.082, 176641.531, 181234.602, 185636.294, 189846.609, 193865.546, 197693.105, 201329.286, 204774.089, 208027.514, 211089.561, 213960.230, 216639.521, 219127.434, 221423.970, 223529.127, 225442.907, 227165.308, 228696.332, 230035.977, 231184.245, 232141.135, 232906.646, 233480.780, 233863.536, 234054.914, 234054.914, 233863.536, 233480.780, 232906.646, 232141.135, 231184.245, 230035.977, 228696.332, 227165.308, 225442.907, 223529.127, 221423.970, 219127.434, 216639.521, 213960.230, 211089.561, 208027.514, 204774.089, 201329.286, 197693.105, 193865.546, 189846.609, 185636.294, 181234.602, 176641.531, 171857.082, 166881.256, 161714.051, 156355.469, 150805.509, 145064.170, 139131.454, 133007.360, 126691.888, 120185.038, 113486.810, 106597.204, 99516.220, 92243.858, 84780.118, 77125.001, 69278.510, 61240.670, 53011.610, 44591.917, 35983.795, 27194.055, 18239.878, 9156.259,    0.000,
   0.000, 18239.878, 36335.046, 54172.349, 71682.079, 88830.008, 105602.572, 121995.385, 138007.275, 153637.985, 168887.466, 183755.712, 198242.720, 212348.491, 226073.025, 239416.322, 252378.382, 264959.205, 277158.791, 288977.140, 300414.251, 311470.126, 322144.764, 332438.164, 342350.328, 351881.254, 361030.944, 369799.396, 378186.611, 386192.590, 393817.331, 401060.835, 407923.102, 414404.132, 420503.925, 426222.481, 431559.800, 436515.881, 441090.726, 445284.334, 449096.704, 452527.838, 455577.734, 458246.394, 460533.816, 462440.001, 463964.950, 465108.661, 465871.135, 466252.372, 466252.372, 465871.135, 465108.661, 463964.950, 462440.001, 460533.816, 458246.394, 455577.734, 452527.838, 449096.704, 445284.334, 441090.726, 436515.881, 431559.800, 426222.481, 420503.925, 414404.132, 407923.102, 401060.835, 393817.331, 386192.590, 378186.611, 369799.396, 361030.944, 351881.254, 342350.328, 332438.164, 322144.764, 311470.126, 300414.251, 288977.140, 277158.791, 264959.205, 252378.382, 239416.322, 226073.025, 212348.491, 198242.720, 183755.712, 168887.466, 153637.985, 138007.275, 121995.385, 105602.572, 88830.008, 71682.079, 54172.349, 36335.046, 18239.878,    0.000,
   0.000, 27194.055, 54172.349, 80766.175, 106871.608, 132437.621, 157443.998, 181884.197, 205756.476, 229060.449, 251796.044, 273963.251, 295562.068, 316592.496, 337054.533, 356948.181, 376273.438, 395030.306, 413218.784, 430838.872, 447890.569, 464373.877, 480288.795, 495635.324, 510413.462, 524623.210, 538264.568, 551337.537, 563842.115, 575778.304, 587146.102, 597945.511, 608176.530, 617839.158, 626933.397, 635459.246, 643416.705, 650805.774, 657626.454, 663878.743, 669562.642, 674678.151, 679225.271, 683204.000, 686614.340, 689456.290, 691729.849, 693435.019, 694571.799, 695140.189, 695140.189, 694571.799, 693435.019, 691729.849, 689456.290, 686614.340, 683204.000, 679225.271, 674678.151, 669562.642, 663878.743, 657626.454, 650805.774, 643416.705, 635459.246, 626933.397, 617839.158, 608176.530, 597945.511, 587146.102, 575778.304, 563842.115, 551337.537, 538264.568, 524623.210, 510413.462, 495635.324, 480288.795, 464373.877, 447890.569, 430838.872, 413218.784, 395030.306, 376273.438, 356948.181, 337054.533, 316592.496, 295562.068, 273963.251, 251796.044, 229060.449, 205756.476, 181884.197, 157443.998, 132437.621, 106871.608, 80766.175, 54172.349, 27194.055,    0.000,
   0.000, 35983.795, 71682.079, 106871.608, 141414.870, 175244.353, 208333.309, 240673.086, 272261.379, 303097.678, 333181.888, 362513.995, 391093.996, 418921.893, 445997.684, 472321.369, 497892.950, 522712.425, 546779.795, 570095.059, 592658.218, 614469.272, 635528.221, 655835.064, 675389.802, 694192.435, 712242.962, 729541.384, 746087.701, 761881.913, 776924.019, 791214.020, 804751.915, 817537.705, 829571.390, 840852.970, 851382.444, 861159.813, 870185.077, 878458.235, 885979.288, 892748.236, 898765.078, 904029.816, 908542.447, 912302.974, 915311.395, 917567.711, 919071.922, 919824.027, 919824.027, 919071.922, 917567.711, 915311.395, 912302.974, 908542.447, 904029.816, 898765.078, 892748.236, 885979.288, 878458.235, 870185.077, 861159.813, 851382.444, 840852.970, 829571.390, 817537.705, 804751.915, 791214.020, 776924.019, 761881.913, 746087.701, 729541.384, 712242.962, 694192.435, 675389.802, 655835.064, 635528.221, 614469.272, 592658.218, 570095.059, 546779.795, 522712.425, 497892.950, 472321.369, 445997.684, 418921.893, 391093.996, 362513.995, 333181.888, 303097.678, 272261.379, 240673.086, 208333.309, 175244.353, 141414.870, 106871.608, 71682.079, 35983.795,    0.000,
   0.000, 44591.917, 88830.008, 132437.621, 175244.353, 217166.547, 258171.061, 298247.176, 337392.036, 375605.009, 412885.978, 449234.925, 484651.849, 519136.748, 552689.623, 585310.474, 616999.300, 647756.102, 677580.880, 706473.634, 734434.363, 761463.067, 787559.748, 812724.404, 836957.036, 860257.644, 882626.227, 904062.786, 924567.321, 944139.831, 962780.317, 980488.779, 997265.217, 1013109.630, 1028022.019, 1042002.383, 1055050.724, 1067167.039, 1078351.331, 1088603.598, 1097923.842, 1106312.060, 1113768.255, 1120292.425, 1125884.571, 1130544.692, 1134272.789, 1137068.862, 1138932.911, 1139864.935, 1139864.935, 1138932.911, 1137068.862, 1134272.789, 1130544.692, 1125884.571, 1120292.425, 1113768.255, 1106312.060, 1097923.842, 1088603.598, 1078351.331, 1067167.039, 1055050.724, 1042002.383, 1028022.019, 1013109.630, 997265.217, 980488.779, 962780.317, 944139.831, 924567.321, 904062.786, 882626.227, 860257.644, 836957.036, 812724.404, 787559.748, 761463.067, 734434.363, 706473.634, 677580.880, 647756.102, 616999.300, 585310.474, 552689.623, 519136.748, 484651.849, 449234.925, 412885.978, 375605.009, 337392.036, 298247.176, 258171.061, 217166.547, 175244.353, 132437.621, 88830.008, 44591.917,    0.000,
   0.000, 53011.610, 105602.572, 157443.998, 208333.309, 258171.061, 306917.857, 354560.957, 401096.967, 446525.135, 490845.323, 534057.510, 576161.691, 617157.869, 657046.041, 695826.208, 733498.371, 770062.529, 805518.682, 839866.831, 873106.974, 905239.113, 936263.247, 966179.376, 994987.501, 1022687.620, 1049279.735, 1074763.845, 1099139.951, 1122408.051, 1144568.147, 1165620.238, 1185564.324, 1204400.405, 1222128.482, 1238748.554, 1254260.621, 1268664.683, 1281960.740, 1294148.793, 1305228.841, 1315200.884, 1324064.922, 1331820.956, 1338468.984, 1344009.008, 1348441.028, 1351765.042, 1353981.051, 1355089.056, 1355089.056, 1353981.051, 1351765.042, 1348441.028, 1344009.008, 1338468.984, 1331820.956, 1324064.922, 1315200.884, 1305228.841, 1294148.793, 1281960.740, 1268664.683, 1254260.621, 1238748.554, 1222128.482, 1204400.405, 1185564.324, 1165620.238, 1144568.147, 1122408.051, 1099139.951, 1074763.845, 1049279.735, 1022687.620, 994987.501, 966179.376, 936263.247, 905239.113, 873106.974, 839866.831, 805518.682, 770062.529, 733498.371, 695826.208, 657046.041, 617157.869, 576161.691, 534057.510, 490845.323, 446525.135, 401096.967, 354560.957, 306917.857, 258171.061, 208333.309, 157443.998, 105602.572, 53011.610,    0.000,
   0.000, 61240.670, 121995.385, 181884.197, 240673.086, 298247.176, 354560.957, 409599.715, 463359.528, 515839.529, 567039.557, 616959.588, 665599.618, 712959.648, 759039.677, 803839.705, 847359.732, 889599.759, 930559.784, 970239.809, 1008639.833, 1045759.857, 1081599.879, 1116159.901, 1149439.922, 1181439.942, 1212159.961, 1241599.980, 1269759.997, 1296640.014, 1322240.030, 1346560.045, 1369600.060, 1391360.074, 1411840.086, 1431040.098, 1448960.110, 1465600.120, 1480960.130, 1495040.139, 1507840.147, 1519360.154, 1529600.160, 1538560.166, 1546240.171, 1552640.175, 1557760.178, 1561600.180, 1564160.182, 1565440.183, 1565440.183, 1564160.182, 1561600.180, 1557760.178, 1552640.175, 1546240.171, 1538560.166, 1529600.160, 1519360.154, 1507840.147, 1495040.139, 1480960.130, 1465600.120, 1448960.110, 1431040.098, 1411840.086, 1391360.074, 1369600.060, 1346560.045, 1322240.030, 1296640.014, 1269759.997, 1241599.980, 1212159.961, 1181439.942, 1149439.922, 1116159.901, 1081599.879, 1045759.857, 1008639.833, 970239.809, 930559.784, 889599.759, 847359.732, 803839.705, 759039.677, 712959.648, 665599.618, 616959.588, 567039.557, 515839.529, 463359.528, 409599.715, 354560.957, 298247.176, 240673.086, 181884.197, 121995.385, 61240.670,    0.000,
   0.000, 69278.510, 138007.275, 205756.476, 272261.379, 337392.036, 401096.967, 463359.528, 524175.283, 583543.251, 641463.251, 697935.255, 752959.260, 806535.264, 858663.268, 909343.272, 958575.276, 1006359.280, 1052695.283, 1097583.287, 1141023.290, 1183015.294, 1223559.297, 1262655.300, 1300303.303, 1336503.306, 1371255.309, 1404559.311, 1436415.314, 1466823.316, 1495783.318, 1523295.321, 1549359.323, 1573975.325, 1597143.327, 1618863.328, 1639135.330, 1657959.331, 1675335.333, 1691263.334, 1705743.335, 1718775.336, 1730359.337, 1740495.338, 1749183.339, 1756423.339, 1762215.340, 1766559.340, 1769455.340, 1770903.340, 1770903.340, 1769455.340, 1766559.340, 1762215.340, 1756423.339, 1749183.339, 1740495.338, 1730359.337, 1718775.336, 1705743.335, 1691263.334, 1675335.333, 1657959.331, 1639135.330, 1618863.328, 1597143.327, 1573975.325, 1549359.323, 1523295.321, 1495783.318, 1466823.316, 1436415.314, 1404559.311, 1371255.309, 1336503.306, 1300303.303, 1262655.300, 1223559.297, 1183015.294, 1141023.290, 1097583.287, 1052695.283, 1006359.280, 958575.276, 909343.272, 858663.268, 806535.264, 752959.260, 697935.255, 641463.251, 583543.251, 524175.283, 463359.528, 401096.967, 337392.036, 272261.379, 205756.476, 138007.275, 69278.510,    0.000,
   0.000, 77125.001, 153637.985, 229060.449, 303097.678, 375605.009, 446525.135, 515839.529, 583543.251, 649635.211, 714115.207, 776983.207, 838239.207, 897883.208, 955915.208, 1012335.209, 1067143.209, 1120339.210, 1171923.210, 1221895.211, 1270255.211, 1317003.211, 1362139.212, 1405663.212, 1447575.212, 1487875.213, 1526563.213, 1563639.213, 1599103.214, 1632955.214, 1665195.214, 1695823.215, 1724839.215, 1752243.215, 1778035.215, 1802215.216, 1824783.216, 1845739.216, 1865083.216, 1882815.216, 1898935.216, 1913443.216, 1926339.217, 1937623.217, 1947295.217, 1955355.217, 1961803.217, 1966639.217, 1969863.217, 1971475.217, 1971475.217, 1969863.217, 1966639.217, 1961803.217, 1955355.217, 1947295.217, 1937623.217, 1926339.217, 1913443.216, 1898935.216, 1882815.216, 1865083.216, 1845739.216, 1824783.216, 1802215.216, 1778035.215, 1752243.215, 1724839.215, 1695823.215, 1665195.214, 1632955.214, 1599103.214, 1563639.213, 1526563.213, 1487875.213, 1447575.212, 1405663.212, 1362139.212, 1317003.211, 1270255.211, 1221895.211, 1171923.210, 1120339.210, 1067143.209, 1012335.209, 955915.208, 897883.208, 838239.207, 776983.207, 714115.207, 649635.211, 583543.251, 515839.529, 446525.135, 375605.009, 303097.678, 229060.449, 153637.985, 77125.001,    0.000,
   0.000, 84780.118, 168887.466, 251796.044, 333181.888, 412885.978, 490845.323, 567039.557, 641463.251, 714115.207, 784995.201, 854103.201, 921439.201, 987003.201, 1050795.201, 1112815.201, 1173063.201, 1231539.201, 1288243.201, 1343175.201, 1396335.201, 1447723.201, 1497339.201, 1545183.201, 1591255.201, 1635555.201, 1678083.201, 1718839.201, 1757823.201, 1795035.201, 1830475.201, 1864143.201, 1896039.202, 1926163.202, 1954515.202, 1981095.202, 2005903.202, 2028939.202, 2050203.202, 2069695.202, 2087415.202, 2103363.202, 2117539.202, 2129943.202, 2140575.202, 2149435.202, 2156523.202, 2161839.202, 2165383.202, 2167155.202, 2167155.202, 2165383.202, 2161839.202, 2156523.202, 2149435.202, 2140575.202, 2129943.202, 2117539.202, 2103363.202, 2087415.202, 2069695.202, 2050203.202, 2028939.202, 2005903.202, 1981095.202, 1954515.202, 1926163.202, 1896039.202, 1864143.201, 1830475.201, 1795035.201, 1757823.201, 1718839.201, 1678083.201, 1635555.201, 1591255.201, 1545183.201, 1497339.201, 1447723.201, 1396335.201, 1343175.201, 1288243.201, 1231539.201, 1173063.201, 1112815.201, 1050795.201, 987003.201, 921439.201, 854103.201, 784995.201, 714115.207, 641463.251, 567039.557, 490845.323, 412885.978, 333181.888, 251796.044, 168887.466, 84780.118,    0.000,
   0.000, 92243.858, 183755.712, 273963.251, 362513.995, 449234.925, 534057.510, 616959.588, 697935.255, 776983.207, 854103.201, 929295.200, 1002559.200, 1073895.200, 1143303.200, 1210783.200, 1276335.200, 1339959.200, 1401655.200, 1461423.200, 1519263.200, 1575175.200, 1629159.200, 1681215.200, 1731343.200, 1779543.200, 1825815.200, 1870159.200, 1912575.200, 1953063.200, 1991623.200, 2028255.200, 2062959.200, 2095735.200, 2126583.200, 2155503.200, 2182495.200, 2207559.200, 2230695.200, 2251903.200, 2271183.200, 2288535.200, 2303959.200, 2317455.200, 2329023.200, 2338663.200, 2346375.200, 2352159.200, 2356015.200, 2357943.200, 2357943.200, 2356015.200, 2352159.200, 2346375.200, 2338663.200, 2329023.200, 2317455.200, 2303959.200, 2288535.200, 2271183.200, 2251903.200, 2230695.200, 2207559.200, 2182495.200, 2155503.200, 2126583.200, 2095735.200, 2062959.200, 2028255.200, 1991623.200, 1953063.200, 1912575.200, 1870159.200, 1825815.200, 1779543.200, 1731343.200, 1681215.200, 1629159.200, 1575175.200, 1519263.200, 1461423.200, 1401655.200, 1339959.200, 1276335.200, 1210783.200, 1143303.200, 1073895.200, 1002559.200, 929295.200, 854103.201, 776983.207, 697935.255, 616959.588, 534057.510, 449234.925, 362513.995, 273963.251, 183755.712, 92243.858,    0.000,
   0.000, 99516.220, 198242.720, 295562.068, 391093.996, 484651.849, 576161.691, 665599.618, 752959.260, 838239.207, 921439.201, 1002559.200, 1081599.200, 1158559.200, 1233439.200, 1306239.200, 1376959.200, 1445599.200, 1512159.200, 1576639.200, 1639039.200, 1699359.200, 1757599.200, 1813759.200, 1867839.200, 1919839.200, 1969759.200, 2017599.200, 2063359.200, 2107039.200, 2148639.200, 2188159.200, 2225599.200, 2260959.200, 2294239.200, 2325439.200, 2354559.200, 2381599.200, 2406559.200, 2429439.200, 2450239.200, 2468959.200, 2485599.200, 2500159.200, 2512639.200, 2523039.200, 2531359.200, 2537599.200, 2541759.200, 2543839.200, 2543839.200, 2541759.200, 2537599.200, 2531359.200, 2523039.200, 2512639.200, 2500159.200, 2485599.200, 2468959.200, 2450239.200, 2429439.200, 2406559.200, 2381599.200, 2354559.200, 2325439.200, 2294239.200, 2260959.200, 2225599.200, 2188159.200, 2148639.200, 2107039.200, 2063359.200, 2017599.200, 1969759.200, 1919839.200, 1867839.200, 1813759.200, 1757599.200, 1699359.200, 1639039.200, 1576639.200, 1512159.200, 1445599.200, 1376959.200, 1306239.200, 1233439.200, 1158559.200, 1081599.200, 1002559.200, 921439.201, 838239.207, 752959.260, 665599.618, 576161.691, 484651.849, 391093.996, 295562.068, 198242.720, 99516.220,    0.000,
   0.000, 106597.204, 212348.491, 316592.496, 418921.893, 519136.748, 617157.869, 712959.648, 806535.264, 897883.208, 987003.201, 1073895.200, 1158559.200, 1240995.200, 1321203.200, 1399183.200, 1474935.200, 1548459.200, 1619755.200, 1688823.200, 1755663.200, 1820275.200, 1882659.200, 1942815.200, 2000743.200, 2056443.200, 2109915.200, 2161159.200, 2210175.200, 2256963.200, 2301523.200, 2343855.200, 2383959.200, 2421835.200, 2457483.200, 2490903.200, 2522095.200, 2551059.200, 2577795.200, 2602303.200, 2624583.200, 2644635.200, 2662459.200, 2678055.200, 2691423.200, 2702563.200, 2711475.200, 2718159.200, 2722615.200, 2724843.200, 2724843.200, 2722615.200, 2718159.200, 2711475.200, 2702563.200, 2691423.200, 2678055.200, 2662459.200, 2644635.200, 2624583.200, 2602303.200, 2577795.200, 2551059.200, 2522095.200, 2490903.200, 2457483.200, 2421835.200, 2383959.200, 2343855.200, 2301523.200, 2256963.200, 2210175.200, 2161159.200, 2109915.200, 2056443.200, 2000743.200, 1942815.200, 1882659.200, 1820275.200, 1755663.200, 1688823.200, 1619755.200, 1548459.200, 1474935.200, 1399183.200, 1321203.200, 1240995.200, 1158559.200, 1073895.200, 987003.201, 897883.208, 806535.264, 712959.648, 617157.869, 519136.748, 418921.893, 316592.496, 212348.491, 106597.204,    0.000,
   0.000, 113486.810, 226073.025, 337054.533, 445997.684, 552689.623, 657046.041, 759039.677, 858663.268, 955915.208, 1050795.201, 1143303.200, 1233439.200, 1321203.200, 1406595.200, 1489615.200, 1570263.200, 1648539.200, 1724443.200, 1797975.200, 1869135.200, 1937923.200, 2004339.200, 2068383.200, 2130055.200, 2189355.200, 2246283.200, 2300839.200, 2353023.200, 2402835.200, 2450275.200, 2495343.200, 2538039.200, 2578363.200, 2616315.200, 2651895.200, 2685103.200, 2715939.200, 2744403.200, 2770495.200, 2794215.200, 2815563.200, 2834539.200, 2851143.200, 2865375.200, 2877235.200, 2886723.200, 2893839.200, 2898583.200, 2900955.200, 2900955.200, 2898583.200, 2893839.200, 2886723.200, 2877235.200, 2865375.200, 2851143.200, 2834539.200, 2815563.200, 2794215.200, 2770495.200, 2744403.200, 2715939.200, 2685103.200, 2651895.200, 2616315.200, 2578363.200, 2538039.200, 2495343.200, 2450275.200, 2402835.200, 2353023.200, 2300839.200, 2246283.200, 2189355.200, 2130055.200, 2068383.200, 2004339.200, 1937923.200, 1869135.200, 1797975.200, 1724443.200, 1648539.200, 1570263.200, 1489615.200, 1406595.200, 1321203.200, 1233439.200, 1143303.200, 1050795.201, 955915.208, 858663.268, 759039.677, 657046.041, 552689.623, 445997.684, 337054.533, 226073.025, 113486.810,    0.000,
   0.000, 120185.038, 239416.322, 356948.181, 472321.369, 585310.474, 695826.208, 803839.705, 909343.272, 1012335.209, 1112815.201, 1210783.200, 1306239.200, 1399183.200, 1489615.200, 1577535.200, 1662943.200, 1745839.200, 1826223.200, 1904095.200, 1979455.200, 2052303.200, 2122639.200, 2190463.200, 2255775.200, 2318575.200, 2378863.200, 2436639.200, 2491903.200, 2544655.200, 2594895.200, 2642623.200, 2687839.200, 2730543.200, 2770735.200, 2808415.200, 2843583.200, 2876239.200, 2906383.200, 2934015.200, 2959135.200, 2981743.200, 3001839.200, 3019423.200, 3034495.200, 3047055.200, 3057103.200, 3064639.200, 3069663.200, 3072175.200, 3072175.200, 3069663.200, 3064639.200, 3057103.200, 3047055.200, 3034495.200, 3019423.200, 3001839.200, 2981743.200, 2959135.200, 2934015.200, 2906383.200, 2876239.200, 2843583.200, 2808415.200, 2770735.200, 2730543.200, 2687839.200, 2642623.200, 2594895.200, 2544655.200, 2491903.200, 2436639.200, 2378863.200, 2318575.200, 2255775.200, 2190463.200, 2122639.200, 2052303.200, 1979455.200, 1904095.200, 1826223.200, 1745839.200, 1662943.200, 1577535.200, 1489615.200, 1399183.200, 1306239.200, 1210783.200, 1112815.201, 1012335.209, 909343.272, 803839.705, 695826.208, 585310.474, 472321.369, 356948.181, 239416.322, 120185.038,    0.000,
   0.000, 126691.888, 252378.382, 376273.438, 497892.950, 616999.300, 733498.371, 847359.732, 958575.276, 1067143.209, 1173063.201, 1276335.200, 1376959.200, 1474935.200, 1570263.200, 1662943.200, 1752975.200, 1840359.200, 1925095.200, 2007183.200, 2086623.200, 2163415.200, 2237559.200, 2309055.200, 2377903.200, 2444103.200, 2507655.200, 2568559.200, 2626815.200, 2682423.200, 2735383.200, 2785695.200, 2833359.200, 2878375.200, 2920743.200, 2960463.200, 2997535.200, 3031959.200, 3063735.200, 3092863.200, 3119343.200, 3143175.200, 3164359.200, 3182895.200, 3198783.200, 3212023.200, 3222615.200, 3230559.200, 3235855.200, 3238503.200, 3238503.200, 3235855.200, 3230559.200, 3222615.200, 3212023.200, 3198783.200, 3182895.200, 3164359.200, 3143175.200, 3119343.200, 3092863.200, 3063735.200, 3031959.200, 2997535.200, 2960463.200, 2920743.200, 2878375.200, 2833359.200, 2785695.200, 2735383.200, 2682423.200, 2626815.200, 2568559.200, 2507655.200, 2444103.200, 2377903.200, 2309055.200, 2237559.200, 2163415.200, 2086623.200, 2007183.200, 1925095.200, 1840359.200, 1752975.200, 1662943.200, 1570263.200, 1474935.200, 1376959.200, 1276335.200, 1173063.201, 1067143.209, 958575.276, 847359.732, 733498.371, 616999.300, 497892.950, 376273.438, 252378.382, 126691.888,    0.000,
   0.000, 133007.360, 264959.205, 395030.306, 522712.425, 647756.102, 770062.529, 889599.759, 1006359.280, 1120339.210, 1231539.201, 1339959.200, 1445599.200, 1548459.200, 1648539.200, 1745839.200, 1840359.200, 1932099.200, 2021059.200, 2107239.200, 2190639.200, 2271259.200, 2349099.200, 2424159.200, 2496439.200, 2565939.200, 2632659.200, 2696599.200, 2757759.200, 2816139.200, 2871739.200, 2924559.200, 2974599.200, 3021859.200, 3066339.200, 3108039.200, 3146959.200, 3183099.200, 3216459.200, 3247039.200, 3274839.200, 3299859.200, 3322099.200, 3341559.200, 3358239.200, 3372139.200, 3383259.200, 3391599.200, 3397159.200, 3399939.200, 3399939.200, 3397159.200, 3391599.200, 3383259.200, 3372139.200, 3358239.200, 3341559.200, 3322099.200, 3299859.200, 3274839.200, 3247039.200, 3216459.200, 3183099.200, 3146959.200, 3108039.200, 3066339.200, 3021859.200, 2974599.200, 2924559.200, 2871739.200, 2816139.200, 2757759.200, 2696599.200, 2632659.200, 2565939.200, 2496439.200, 2424159.200, 2349099.200, 2271259.200, 2190639.200, 2107239.200, 2021059.200, 1932099.200, 1840359.200, 1745839.200, 1648539.200, 1548459.200, 1445599.200, 1339959.200, 1231539.201, 1120339.210, 1006359.280, 889599.759, 770062.529, 647756.102, 522712.425, 395030.306, 264959.205, 133007.360,    0.000,
   0.000, 139131.454, 277158.791, 413218.784, 546779.795, 677580.880, 805518.682, 930559.784, 1052695.283, 1171923.210, 1288243.201, 1401655.200, 1512159.200, 1619755.200, 1724443.200, 1826223.200, 1925095.200, 2021059.200, 2114115.200, 2204263.200, 2291503.200, 2375835.200, 2457259.200, 2535775.200, 2611383.200, 2684083.200, 2753875.200, 2820759.200, 2884735.200, 2945803.200, 3003963.200, 3059215.200, 3111559.200, 3160995.200, 3207523.200, 3251143.200, 3291855.200, 3329659.200, 3364555.200, 3396543.200, 3425623.200, 3451795.200, 3475059.200, 3495415.200, 3512863.200, 3527403.200, 3539035.200, 3547759.200, 3553575.200, 3556483.200, 3556483.200, 3553575.200, 3547759.200, 3539035.200, 3527403.200, 3512863.200, 3495415.200, 3475059.200, 3451795.200, 3425623.200, 3396543.200, 3364555.200, 3329659.200, 3291855.200, 3251143.200, 3207523.200, 3160995.200, 3111559.200, 3059215.200, 3003963.200, 2945803.200, 2884735.200, 2820759.200, 2753875.200, 2684083.200, 2611383.200, 2535775.200, 2457259.200, 2375835.200, 2291503.200, 2204263.200, 2114115.200, 2021059.200, 1925095.200, 1826223.200, 1724443.200, 1619755.200, 1512159.200, 1401655.200, 1288243.201, 1171923.210, 1052695.283, 930559.784, 805518.682, 677580.880, 546779.795, 413218.784, 277158.791, 139131.454,    0.000,
   0.000, 145064.170, 288977.140, 430838.872, 570095.059, 706473.634, 839866.831, 970239.809, 1097583.287, 1221895.211, 1343175.201, 1461423.200, 1576639.200, 1688823.200, 1797975.200, 1904095.200, 2007183.200, 2107239.200, 2204263.200, 2298255.200, 2389215.200, 2477143.200, 2562039.200, 2643903.200, 2722735.200, 2798535.200, 2871303.200, 2941039.200, 3007743.200, 3071415.200, 3132055.200, 3189663.200, 3244239.200, 3295783.200, 3344295.200, 3389775.200, 3432223.200, 3471639.200, 3508023.200, 3541375.200, 3571695.200, 3598983.200, 3623239.200, 3644463.200, 3662655.200, 3677815.200, 3689943.200, 3699039.200, 3705103.200, 3708135.200, 3708135.200, 3705103.200, 3699039.200, 3689943.200, 3677815.200, 3662655.200, 3644463.200, 3623239.200, 3598983.200, 3571695.200, 3541375.200, 3508023.200, 3471639.200, 3432223.200, 3389775.200, 3344295.200, 3295783.200, 3244239.200, 3189663.200, 3132055.200, 3071415.200, 3007743.200, 2941039.200, 2871303.200, 2798535.200, 2722735.200, 2643903.200, 2562039.200, 2477143.200, 2389215.200, 2298255.200, 2204263.200, 2107239.200, 2007183.200, 1904095.200, 1797975.200, 1688823.200, 1576639.200, 1461423.200, 1343175.201, 1221895.211, 1097583.287, 970239.809, 839866.831, 706473.634, 570095.059, 430838.872, 288977.140, 145064.170,    0.000,
   0.000, 150805.509, 300414.251, 447890.569, 592658.218, 734434.363, 873106.974, 1008639.833, 1141023.290, 1270255.211, 1396335.201, 1519263.200, 1639039.200, 1755663.200, 1869135.200, 1979455.200, 2086623.200, 2190639.200, 2291503.200, 2389215.200, 2483775.200, 2575183.200, 2663439.200, 2748543.200, 2830495.200, 2909295.200, 2984943.200, 3057439.200, 3126783.200, 3192975.200, 3256015.200, 3315903.200, 3372639.200, 3426223.200, 3476655.200, 3523935.200, 3568063.200, 3609039.200, 3646863.200, 3681535.200, 3713055.200, 3741423.200, 3766639.200, 3788703.200, 3807615.200, 3823375.200, 3835983.200, 3845439.200, 3851743.200, 3854895.200, 3854895.200, 3851743.200, 3845439.200, 3835983.200, 3823375.200, 3807615.200, 3788703.200, 3766639.200, 3741423.200, 3713055.200, 3681535.200, 3646863.200, 3609039.200, 3568063.200, 3523935.200, 3476655.200, 3426223.200, 3372639.200, 3315903.200, 3256015.200, 3192975.200, 3126783.200, 3057439.200, 2984943.200, 2909295.200, 2830495.200, 2748543.200, 2663439.200, 2575183.200, 2483775.200, 2389215.200, 2291503.200, 2190639.200, 2086623.200, 1979455.200, 1869135.200, 1755663.200, 1639039.200, 1519263.200, 1396335.201, 1270255.211, 1141023.290, 1008639.833, 873106.974, 734434.363, 592658.218, 447890.569, 300414.251, 150805.509,    0.000,
   0.000, 156355.469, 311470.126, 464373.877, 614469.272, 761463.067, 905239.113, 1045759.857, 1183015.294, 1317003.211, 1447723.201, 1575175.200, 1699359.200, 1820275.200, 1937923.200, 2052303.200, 2163415.200, 2271259.200, 2375835.200, 2477143.200, 2575183.200, 2669955.200, 2761459.200, 2849695.200, 2934663.200, 3016363.200, 3094795.200, 3169959.200, 3241855.200, 3310483.200, 3375843.200, 3437935.200, 3496759.200, 3552315.200, 3604603.200, 3653623.200, 3699375.200, 3741859.200, 3781075.200, 3817023.200, 3849703.200, 3879115.200, 3905259.200, 3928135.200, 3947743.200, 3964083.200, 3977155.200, 3986959.200, 3993495.200, 3996763.200, 3996763.200, 3993495.200, 3986959.200, 3977155.200, 3964083.200, 3947743.200, 3928135.200, 3905259.200, 3879115.200, 3849703.200, 3817023.200, 3781075.200, 3741859.200, 3699375.200, 3653623.200, 3604603.200, 3552315.200, 3496759.200, 3437935.200, 3375843.200, 3310483.200, 3241855.200, 3169959.200, 3094795.200, 3016363.200, 2934663.200, 2849695.200, 2761459.200, 2669955.200, 2575183.200, 2477143.200, 2375835.200, 2271259.200, 2163415.200, 2052303.200, 1937923.200, 1820275.200, 1699359.200, 1575175.200, 1447723.201, 1317003.211, 1183015.294, 1045759.857, 905239.113, 761463.067, 614469.272, 464373.877, 311470.126, 156355.469,    0.000,
   0.000, 161714.051, 322144.764, 480288.795, 635528.221, 787559.748, 936263.247, 1081599.879, 1223559.297, 1362139.212, 1497339.201, 1629159.200, 1757599.200, 1882659.200, 2004339.200, 2122639.200, 2237559.200, 2349099.200, 2457259.200, 2562039.200, 2663439.200, 2761459.200, 2856099.200, 2947359.200, 3035239.200, 3119739.200, 3200859.200, 3278599.200, 3352959.200, 3423939.200, 3491539.200, 3555759.200, 3616599.200, 3674059.200, 3728139.200, 3778839.200, 3826159.200, 3870099.200, 3910659.200, 3947839.200, 3981639.200, 4012059.200, 4039099.200, 4062759.200, 4083039.200, 4099939.200, 4113459.200, 4123599.200, 4130359.200, 4133739.200, 4133739.200, 4130359.200, 4123599.200, 4113459.200, 4099939.200, 4083039.200, 4062759.200, 4039099.200, 4012059.200, 3981639.200, 3947839.200, 3910659.200, 3870099.200, 3826159.200, 3778839.200, 3728139.200, 3674059.200, 3616599.200, 3555759.200, 3491539.200, 3423939.200, 3352959.200, 3278599.200, 3200859.200, 3119739.200, 3035239.200, 2947359.200, 2856099.200, 2761459.200, 2663439.200, 2562039.200, 2457259.200, 2349099.200, 2237559.200, 2122639.200, 2004339.200, 1882659.200, 1757599.200, 1629159.200, 1497339.201, 1362139.212, 1223559.297, 1081599.879, 936263.247, 787559.748, 635528.221, 480288.795, 322144.764, 161714.051,    0.000,
   0.000, 166881.256, 332438.164, 495635.324, 655835.064, 812724.404, 966179.376, 1116159.901, 1262655.300, 1405663.212, 1545183.201, 1681215.200, 1813759.200, 1942815.200, 2068383.200, 2190463.200, 2309055.200, 2424159.200, 2535775.200, 2643903.200, 2748543.200, 2849695.200, 2947359.200, 3041535.200, 3132223.200, 3219423.200, 3303135.200, 3383359.200, 3460095.200, 3533343.200, 3603103.200, 3669375.200, 3732159.200, 3791455.200, 3847263.200, 3899583.200, 3948415.200, 3993759.200, 4035615.200, 4073983.200, 4108863.200, 4140255.200, 4168159.200, 4192575.200, 4213503.200, 4230943.200, 4244895.200, 4255359.200, 4262335.200, 4265823.200, 4265823.200, 4262335.200, 4255359.200, 4244895.200, 4230943.200, 4213503.200, 4192575.200, 4168159.200, 4140255.200, 4108863.200, 4073983.200, 4035615.200, 3993759.200, 3948415.200, 3899583.200, 3847263.200, 3791455.200, 3732159.200, 3669375.200, 3603103.200, 3533343.200, 3460095.200, 3383359.200, 3303135.200, 3219423.200, 3132223.200, 3041535.200, 2947359.200, 2849695.200, 2748543.200, 2643903.200, 2535775.200, 2424159.200, 2309055.200, 2190463.200, 2068383.200, 1942815.200, 1813759.200, 1681215.200, 1545183.201, 1405663.212, 1262655.300, 1116159.901, 966179.376, 812724.404, 655835.064, 495635.324, 332438.164, 166881.256,    0.000,
   0.000, 171857.082, 342350.328, 510413.462, 675389.802, 836957.036, 994987.501, 1149439.922, 1300303.303, 1447575.212, 1591255.201, 1731343.200, 1867839.200, 2000743.200, 2130055.200, 2255775.200, 2377903.200, 2496439.200, 2611383.200, 2722735.200, 2830495.200, 2934663.200, 3035239.200, 3132223.200, 3225615.200, 3315415.200, 3401623.200, 3484239.200, 3563263.200, 3638695.200, 3710535.200, 3778783.200, 3843439.200, 3904503.200, 3961975.200, 4015855.200, 4066143.200, 4112839.200, 4155943.200, 4195455.200, 4231375.200, 4263703.200, 4292439.200, 4317583.200, 4339135.200, 4357095.200, 4371463.200, 4382239.200, 4389423.200, 4393015.200, 4393015.200, 4389423.200, 4382239.200, 4371463.200, 4357095.200, 4339135.200, 4317583.200, 4292439.200, 4263703.200, 4231375.200, 4195455.200, 4155943.200, 4112839.200, 4066143.200, 4015855.200, 3961975.200, 3904503.200, 3843439.200, 3778783.200, 3710535.200, 3638695.200, 3563263.200, 3484239.200, 3401623.200, 3315415.200, 3225615.200, 3132223.200, 3035239.200, 2934663.200, 2830495.200, 2722735.200, 2611383.200, 2496439.200, 2377903.200, 2255775.200, 2130055.200, 2000743.200, 1867839.200, 1731343.200, 1591255.201, 1447575.212, 1300303.303, 1149439.922, 994987.501, 836957.036, 675389.802, 510413.462, 342350.328, 171857.082,    0.000,
   0.000, 176641.531, 351881.254, 524623.210, 694192.435, 860257.644, 1022687.620, 1181439.942, 1336503.306, 1487875.213, 1635555.201, 1779543.200, 1919839.200, 2056443.200, 2189355.200, 2318575.200, 2444103.200, 2565939.200, 2684083.200, 2798535.200, 2909295.200, 3016363.200, 3119739.200, 3219423.200, 3315415.200, 3407715.200, 3496323.200, 3581239.200, 3662463.200, 3739995.200, 3813835.200, 3883983.200, 3950439.200, 4013203.200, 4072275.200, 4127655.200, 4179343.200, 4227339.200, 4271643.200, 4312255.200, 4349175.200, 4382403.200, 4411939.200, 4437783.200, 4459935.200, 4478395.200, 4493163.200, 4504239.200, 4511623.200, 4515315.200, 4515315.200, 4511623.200, 4504239.200, 4493163.200, 4478395.200, 4459935.200, 4437783.200, 4411939.200, 4382403.200, 4349175.200, 4312255.200, 4271643.200, 4227339.200, 4179343.200, 4127655.200, 4072275.200, 4013203.200, 3950439.200, 3883983.200, 3813835.200, 3739995.200, 3662463.200, 3581239.200, 3496323.200, 3407715.200, 3315415.200, 3219423.200, 3119739.200, 3016363.200, 2909295.200, 2798535.200, 2684083.200, 2565939.200, 2444103.200, 2318575.200, 2189355.200, 2056443.200, 1919839.200, 1779543.200, 1635555.201, 1487875.213, 1336503.306, 1181439.942, 1022687.620, 860257.644, 694192.435, 524623.210, 351881.254, 176641.531,    0.000,
   0.000, 181234.602, 361030.944, 538264.568, 712242.962, 882626.227, 1049279.735, 1212159.961, 1371255.309, 1526563.213, 1678083.201, 1825815.200, 1969759.200, 2109915.200, 2246283.200, 2378863.200, 2507655.200, 2632659.200, 2753875.200, 2871303.200, 2984943.200, 3094795.200, 3200859.200, 3303135.200, 3401623.200, 3496323.200, 3587235.200, 3674359.200, 3757695.200, 3837243.200, 3913003.200, 3984975.200, 4053159.200, 4117555.200, 4178163.200, 4234983.200, 4288015.200, 4337259.200, 4382715.200, 4424383.200, 4462263.200, 4496355.200, 4526659.200, 4553175.200, 4575903.200, 4594843.200, 4609995.200, 4621359.200, 4628935.200, 4632723.200, 4632723.200, 4628935.200, 4621359.200, 4609995.200, 4594843.200, 4575903.200, 4553175.200, 4526659.200, 4496355.200, 4462263.200, 4424383.200, 4382715.200, 4337259.200, 4288015.200, 4234983.200, 4178163.200, 4117555.200, 4053159.200, 3984975.200, 3913003.200, 3837243.200, 3757695.200, 3674359.200, 3587235.200, 3496323.200, 3401623.200, 3303135.200, 3200859.200, 3094795.200, 2984943.200, 2871303.200, 2753875.200, 2632659.200, 2507655.200, 2378863.200, 2246283.200, 2109915.200, 1969759.200, 1825815.200, 1678083.201, 1526563.213, 1371255.309, 1212159.961, 1049279.735, 882626.227, 712242.962, 538264.568, 361030.944, 181234.602,    0.000,
   0.000, 185636.294, 369799.396, 551337.537, 729541.384, 904062.786, 1074763.845, 1241599.980, 1404559.311, 1563639.213, 1718839.201, 1870159.200, 2017599.200, 2161159.200, 2300839.200, 2436639.200, 2568559.200, 2696599.200, 2820759.200, 2941039.200, 3057439.200, 3169959.200, 3278599.200, 3383359.200, 3484239.200, 3581239.200, 3674359.200, 3763599.200, 3848959.200, 3930439.200, 4008039.200, 4081759.200, 4151599.200, 4217559.200, 4279639.200, 4337839.200, 4392159.200, 4442599.200, 4489159.200, 4531839.200, 4570639.200, 4605559.200, 4636599.200, 4663759.200, 4687039.200, 4706439.200, 4721959.200, 4733599.200, 4741359.200, 4745239.200, 4745239.200, 4741359.200, 4733599.200, 4721959.200, 4706439.200, 4687039.200, 4663759.200, 4636599.200, 4605559.200, 4570639.200, 4531839.200, 4489159.200, 4442599.200, 4392159.200, 4337839.200, 4279639.200, 4217559.200, 4151599.200, 4081759.200, 4008039.200, 3930439.200, 3848959.200, 3763599.200, 3674359.200, 3581239.200, 3484239.200, 3383359.200, 3278599.200, 3169959.200, 3057439.200, 2941039.200, 2820759.200, 2696599.200, 2568559.200, 2436639.200, 2300839.200, 2161159.200, 2017599.200, 1870159.200, 1718839.201, 1563639.213, 1404559.311, 1241599.980, 1074763.845, 904062.786, 729541.384, 551337.537, 369799.396, 185636.294,    0.000,
   0.000, 189846.609, 378186.611, 563842.115, 746087.701, 924567.321, 1099139.951, 1269759.997, 1436415.314, 1599103.214, 1757823.201, 1912575.200, 2063359.200, 2210175.200, 2353023.200, 2491903.200, 2626815.200, 2757759.200, 2884735.200, 3007743.200, 3126783.200, 3241855.200, 3352959.200, 3460095.200, 3563263.200, 3662463.200, 3757695.200, 3848959.200, 3936255.200, 4019583.200, 4098943.200, 4174335.200, 4245759.200, 4313215.200, 4376703.200, 4436223.200, 4491775.200, 4543359.200, 4590975.200, 4634623.200, 4674303.200, 4710015.200, 4741759.200, 4769535.200, 4793343.200, 4813183.200, 4829055.200, 4840959.200, 4848895.200, 4852863.200, 4852863.200, 4848895.200, 4840959.200, 4829055.200, 4813183.200, 4793343.200, 4769535.200, 4741759.200, 4710015.200, 4674303.200, 4634623.200, 4590975.200, 4543359.200, 4491775.200, 4436223.200, 4376703.200, 4313215.200, 4245759.200, 4174335.200, 4098943.200, 4019583.200, 3936255.200, 3848959.200, 3757695.200, 3662463.200, 3563263.200, 3460095.200, 3352959.200, 3241855.200, 3126783.200, 3007743.200, 2884735.200, 2757759.200, 2626815.200, 2491903.200, 2353023.200, 2210175.200, 2063359.200, 1912575.200, 1757823.201, 1599103.214, 1436415.314, 1269759.997, 1099139.951, 924567.321, 746087.701, 563842.115, 378186.611, 189846.609,    0.000,
   0.000, 193865.546, 386192.590, 575778.304, 761881.913, 944139.831, 1122408.051, 1296640.014, 1466823.316, 1632955.214, 1795035.201, 1953063.200, 2107039.200, 2256963.200, 2402835.200, 2544655.200, 2682423.200, 2816139.200, 2945803.200, 3071415.200, 3192975.200, 3310483.200, 3423939.200, 3533343.200, 3638695.200, 3739995.200, 3837243.200, 3930439.200, 4019583.200, 4104675.200, 4185715.200, 4262703.200, 4335639.200, 4404523.200, 4469355.200, 4530135.200, 4586863.200, 4639539.200, 4688163.200, 4732735.200, 4773255.200, 4809723.200, 4842139.200, 4870503.200, 4894815.200, 4915075.200, 4931283.200, 4943439.200, 4951543.200, 4955595.200, 4955595.200, 4951543.200, 4943439.200, 4931283.200, 4915075.200, 4894815.200, 4870503.200, 4842139.200, 4809723.200, 4773255.200, 4732735.200, 4688163.200, 4639539.200, 4586863.200, 4530135.200, 4469355.200, 4404523.200, 4335639.200, 4262703.200, 4185715.200, 4104675.200, 4019583.200, 3930439.200, 3837243.200, 3739995.200, 3638695.200, 3533343.200, 3423939.200, 3310483.200, 3192975.200, 3071415.200, 2945803.200, 2816139.200, 2682423.200, 2544655.200, 2402835.200, 2256963.200, 2107039.200, 1953063.200, 1795035.201, 1632955.214, 1466823.316, 1296640.014, 1122408.051, 944139.831, 761881.913, 575778.304, 386192.590, 193865.546,    0.000,
   0.000, 197693.105, 393817.331, 587146.102, 776924.019, 962780.317, 1144568.147, 1322240.030, 1495783.318, 1665195.214, 1830475.201, 1991623.200, 2148639.200, 2301523.200, 2450275.200, 2594895.200, 2735383.200, 2871739.200, 3003963.200, 3132055.200, 3256015.200, 3375843.200, 3491539.200, 3603103.200, 3710535.200, 3813835.200, 3913003.200, 4008039.200, 4098943.200, 4185715.200, 4268355.200, 4346863.200, 4421239.200, 4491483.200, 4557595.200, 4619575.200, 4677423.200, 4731139.200, 4780723.200, 4826175.200, 4867495.200, 4904683.200, 4937739.200, 4966663.200, 4991455.200, 5012115.200, 5028643.200, 5041039.200, 5049303.200, 5053435.200, 5053435.200, 5049303.200, 5041039.200, 5028643.200, 5012115.200, 4991455.200, 4966663.200, 4937739.200, 4904683.200, 4867495.200, 4826175.200, 4780723.200, 4731139.200, 4677423.200, 4619575.200, 4557595.200, 4491483.200, 4421239.200, 4346863.200, 4268355.200, 4185715.200, 4098943.200, 4008039.200, 3913003.200, 3813835.200, 3710535.200, 3603103.200, 3491539.200, 3375843.200, 3256015.200, 3132055.200, 3003963.200, 2871739.200, 2735383.200, 2594895.200, 2450275.200, 2301523.200, 2148639.200, 1991623.200, 1830475.201, 1665195.214, 1495783.318, 1322240.030, 1144568.147, 962780.317, 776924.019, 587146.102, 393817.331, 197693.105,    0.000,
