   0.000,    0.000,    0.000,    0.000,    0.000,    0.000,    0.000,    0.000,    0.000,    0.000,    0.000,    0.000,    0.000,    0.000,    0.000,    0.000,    0.000,    0.000,    0.000,    0.000,    0.000,    0.000,    0.000,    0.000,    0.000,    0.000,    0.000,    0.000,    0.000,    0.000,    0.000,    0.000,    0.000,    0.000,    0.000,    0.000,    0.000,    0.000,    0.000,    0.000,    0.000,    0.000,    0.000,    0.000,    0.000,    0.000,    0.000,    0.000,    0.000,    0.000,    0.000,    0.000,    0.000,    0.000,    0.000,    0.000,    0.000,    0.000,    0.000,    0.000,    0.000,    0.000,    0.000,    0.000,    0.000,    0.000,    0.000,    0.000,    0.000,    0.000,    0.000,    0.000,    0.000,    0.000,    0.000,    0.000,    0.000,    0.000,    0.000,    0.000,    0.000,    0.000,    0.000,    0.000,    0.000,    0.000,    0.000,    0.000,    0.000,    0.000,    0.000,    0.000,    0.000,    0.000,    0.000,    0.000,    0.000,    0.000,    0.000,    0.000,
   0.000, 8890.953, 17731.217, 26475.755, 35088.986, 43545.879, 51830.720, 59934.691, 67853.351, 75584.692, 83127.893, 90482.652, 97648.868, 104626.510, 111415.569, 118016.045, 124427.935, 130651.241, 136685.961, 142532.096, 148189.647, 153658.612, 158938.993, 164030.788, 168933.998, 173648.624, 178174.664, 182512.119, 186660.990, 190621.275, 194392.975, 197976.090, 201370.621, 204576.566, 207593.926, 210422.701, 213062.892, 215514.497, 217777.517, 219851.952, 221737.802, 223435.067, 224943.747, 226263.842, 227395.353, 228338.278, 229092.618, 229658.373, 230035.543, 230224.128, 230224.128, 230035.543, 229658.373, 229092.618, 228338.278, 227395.353, 226263.842, 224943.747, 223435.067, 221737.802, 219851.952, 217777.517, 215514.497, 213062.892, 210422.701, 207593.926, 204576.566, 201370.621, 197976.090, 194392.975, 190621.275, 186660.990, 182512.119, 178174.664, 173648.624, 168933.998, 164030.788, 158938.993, 153658.612, 148189.647, 142532.096, 136685.961, 130651.241, 124427.935, 118016.045, 111415.569, 104626.510, 97648.868, 90482.652, 83127.893, 75584.692, 67853.351, 59934.691, 51830.720, 43545.879, 35088.986, 26475.755, 17731.217, 8890.953,    0.000,
   0.000, 17731.217, 35361.345, 52800.563, 69977.914, 86843.475, 103365.915, 119527.644, 135319.808, 150738.400, 165781.786, 180449.362, 194740.927, 208656.420, 222195.824, 235359.134, 248146.350, 260557.472, 272592.499, 284251.431, 295534.269, 306441.012, 316971.660, 327126.214, 336904.674, 346307.039, 355333.309, 363983.484, 372257.565, 380155.552, 387677.444, 394823.241, 401592.944, 407986.552, 414004.065, 419645.484, 424910.808, 429800.038, 434313.173, 438450.214, 442211.160, 445596.011, 448604.768, 451237.430, 453493.997, 455374.470, 456878.849, 458007.132, 458759.322, 459135.416, 459135.416, 458759.322, 458007.132, 456878.849, 455374.470, 453493.997, 451237.430, 448604.768, 445596.011, 442211.160, 438450.214, 434313.173, 429800.038, 424910.808, 419645.484, 414004.065, 407986.552, 401592.944, 394823.241, 387677.444, 380155.552, 372257.565, 363983.484, 355333.309, 346307.039, 336904.674, 327126.214, 316971.660, 306441.012, 295534.269, 284251.431, 272592.499, 260557.472, 248146.350, 235359.134, 222195.824, 208656.420, 194740.927, 180449.362, 165781.786, 150738.400, 135319.808, 119527.644, 103365.915, 86843.475, 69977.914, 52800.563, 35361.345, 17731.217,    0.000,
   0.000, 26475.755, 52800.563, 78840.307, 104489.030, 129672.194, 154343.015, 178475.231, 202055.622, 225078.206, 247540.543, 269441.732, 290781.472, 311559.673, 331776.308, 351431.372, 370524.863, 389056.781, 407027.125, 424435.897, 441283.095, 457568.720, 473292.771, 488455.249, 503056.154, 517095.486, 530573.244, 543489.430, 555844.042, 567637.080, 578868.546, 589538.438, 599646.756, 609193.502, 618178.674, 626602.273, 634464.299, 641764.752, 648503.631, 654680.937, 660296.669, 665350.829, 669843.415, 673774.428, 677143.868, 679951.734, 682198.027, 683882.747, 685005.893, 685567.467, 685567.467, 685005.893, 683882.747, 682198.027, 679951.734, 677143.868, 673774.428, 669843.415, 665350.829, 660296.669, 654680.937, 648503.631, 641764.752, 634464.299, 626602.273, 618178.674, 609193.502, 599646.756, 589538.438, 578868.546, 567637.080, 555844.042, 543489.430, 530573.244, 517095.486, 503056.154, 488455.249, 473292.771, 457568.720, 441283.095, 424435.897, 407027.125, 389056.781, 370524.863, 351431.372, 331776.308, 311559.673, 290781.472, 269441.732, 247540.543, 225078.206, 202055.622, 178475.231, 154343.015, 129672.194, 104489.030, 78840.307, 52800.563, 26475.755,    0.000,
   0.000, 35088.986, 69977.914, 104489.030, 138481.908, 171857.763, 204554.591, 236537.588, 267789.238, 298301.612, 328071.477, 357097.639, 385379.700, 412917.538, 439711.122, 465760.441, 491065.495, 515626.282, 539442.803, 562515.058, 584843.047, 606426.769, 627266.225, 647361.415, 666712.338, 685318.995, 703181.386, 720299.511, 736673.369, 752302.961, 767188.287, 781329.346, 794726.140, 807378.666, 819286.927, 830450.921, 840870.649, 850546.111, 859477.307, 867664.236, 875106.899, 881805.295, 887759.425, 892969.289, 897434.887, 901156.219, 904133.284, 906366.083, 907854.615, 908598.881, 908598.881, 907854.615, 906366.083, 904133.284, 901156.219, 897434.887, 892969.289, 887759.425, 881805.295, 875106.899, 867664.236, 859477.307, 850546.111, 840870.649, 830450.921, 819286.927, 807378.666, 794726.140, 781329.346, 767188.287, 752302.961, 736673.369, 720299.511, 703181.386, 685318.995, 666712.338, 647361.415, 627266.225, 606426.769, 584843.047, 562515.058, 539442.803, 515626.282, 491065.495, 465760.441, 439711.122, 412917.538, 385379.700, 357097.639, 328071.477, 298301.612, 267789.238, 236537.588, 204554.591, 171857.763, 138481.908, 104489.030, 69977.914, 35088.986,    0.000,
   0.000, 43545.879, 86843.475, 129672.194, 171857.763, 213277.588, 253854.726, 293545.988, 332329.637, 370195.835, 407140.570, 443162.362, 478260.716, 512435.481, 545686.618, 578014.114, 609417.969, 639898.180, 669454.749, 698087.676, 725796.959, 752582.600, 778444.598, 803382.953, 827397.665, 850488.735, 872656.162, 893899.946, 914220.087, 933616.585, 952089.441, 969638.654, 986264.224, 1001966.151, 1016744.436, 1030599.077, 1043530.076, 1055537.432, 1066621.146, 1076781.216, 1086017.644, 1094330.429, 1101719.571, 1108185.071, 1113726.928, 1118345.142, 1122039.713, 1124810.641, 1126657.927, 1127581.569, 1127581.569, 1126657.927, 1124810.641, 1122039.713, 1118345.142, 1113726.928, 1108185.071, 1101719.571, 1094330.429, 1086017.644, 1076781.216, 1066621.146, 1055537.432, 1043530.076, 1030599.077, 1016744.436, 1001966.151, 986264.224, 969638.654, 952089.441, 933616.585, 914220.087, 893899.946, 872656.162, 850488.735, 827397.665, 803382.953, 778444.598, 752582.600, 725796.959, 698087.676, 669454.749, 639898.180, 609417.969, 578014.114, 545686.618, 512435.481, 478260.716, 443162.362, 407140.570, 370195.835, 332329.637, 293545.988, 253854.726, 213277.588, 171857.763, 129672.194, 86843.475, 43545.879,    0.000,
   0.000, 51830.720, 103365.915, 154343.015, 204554.591, 253854.726, 302151.842, 349394.535, 395556.935, 440627.335, 484600.958, 527476.044, 569252.004, 609928.660, 649505.962, 687983.898, 725362.465, 761641.663, 796821.491, 830901.950, 863883.038, 895764.758, 926547.107, 956230.087, 984813.697, 1012297.938, 1038682.809, 1063968.311, 1088154.442, 1111241.205, 1133228.597, 1154116.620, 1173905.273, 1192594.557, 1210184.471, 1226675.016, 1242066.190, 1256357.996, 1269550.431, 1281643.497, 1292637.193, 1302531.520, 1311326.477, 1319022.064, 1325618.282, 1331115.130, 1335512.609, 1338810.718, 1341009.457, 1342108.826, 1342108.826, 1341009.457, 1338810.718, 1335512.609, 1331115.130, 1325618.282, 1319022.064, 1311326.477, 1302531.520, 1292637.193, 1281643.497, 1269550.431, 1256357.996, 1242066.190, 1226675.016, 1210184.471, 1192594.557, 1173905.273, 1154116.620, 1133228.597, 1111241.205, 1088154.442, 1063968.311, 1038682.809, 1012297.938, 984813.697, 956230.087, 926547.107, 895764.758, 863883.038, 830901.950, 796821.491, 761641.663, 725362.465, 687983.898, 649505.962, 609928.660, 569252.004, 527476.044, 484600.958, 440627.335, 395556.935, 349394.535, 302151.842, 253854.726, 204554.591, 154343.015, 103365.915, 51830.720,    0.000,
   0.000, 59934.691, 119527.644, 178475.231, 236537.588, 293545.988, 349394.535, 404023.792, 457403.846, 509521.159, 560370.211, 609948.965, 658256.741, 705293.333, 751058.684, 795552.778, 838775.614, 880727.190, 921407.506, 960816.562, 998954.358, 1035820.895, 1071416.171, 1105740.188, 1138792.945, 1170574.442, 1201084.679, 1230323.656, 1258291.373, 1284987.831, 1310413.028, 1334566.966, 1357449.644, 1379061.062, 1399401.220, 1418470.118, 1436267.756, 1452794.134, 1468049.253, 1482033.112, 1494745.710, 1506187.049, 1516357.128, 1525255.947, 1532883.507, 1539239.806, 1544324.846, 1548138.625, 1550681.145, 1551952.405, 1551952.405, 1550681.145, 1548138.625, 1544324.846, 1539239.806, 1532883.507, 1525255.947, 1516357.128, 1506187.049, 1494745.710, 1482033.112, 1468049.253, 1452794.134, 1436267.756, 1418470.118, 1399401.220, 1379061.062, 1357449.644, 1334566.966, 1310413.028, 1284987.831, 1258291.373, 1230323.656, 1201084.679, 1170574.442, 1138792.945, 1105740.188, 1071416.171, 1035820.895, 998954.358, 960816.562, 921407.506, 880727.190, 838775.614, 795552.778, 751058.684, 705293.333, 658256.741, 609948.965, 560370.211, 509521.159, 457403.846, 404023.792, 349394.535, 293545.988, 236537.588, 178475.231, 119527.644, 59934.691,    0.000,
   0.000, 67853.351, 135319.808, 202055.622, 267789.238, 332329.637, 395556.935, 457403.846, 517836.504, 576839.588, 634406.846, 690535.974, 745226.201, 798477.294, 850289.189, 900661.869, 949595.330, 997089.572, 1043144.595, 1087760.398, 1130936.982, 1172674.347, 1212972.492, 1251831.417, 1289251.123, 1325231.609, 1359772.876, 1392874.924, 1424537.752, 1454761.361, 1483545.750, 1510890.920, 1536796.870, 1561263.601, 1584291.112, 1605879.404, 1626028.477, 1644738.330, 1662008.963, 1677840.377, 1692232.572, 1705185.547, 1716699.303, 1726773.839, 1735409.156, 1742605.253, 1748362.131, 1752679.789, 1755558.228, 1756997.448, 1756997.448, 1755558.228, 1752679.789, 1748362.131, 1742605.253, 1735409.156, 1726773.839, 1716699.303, 1705185.547, 1692232.572, 1677840.377, 1662008.963, 1644738.330, 1626028.477, 1605879.404, 1584291.112, 1561263.601, 1536796.870, 1510890.920, 1483545.750, 1454761.361, 1424537.752, 1392874.924, 1359772.876, 1325231.609, 1289251.123, 1251831.417, 1212972.492, 1172674.347, 1130936.982, 1087760.398, 1043144.595, 997089.572, 949595.330, 900661.869, 850289.189, 798477.294, 745226.201, 690535.974, 634406.846, 576839.588, 517836.504, 457403.846, 395556.935, 332329.637, 267789.238, 202055.622, 135319.808, 67853.351,    0.000,
   0.000, 75584.692, 150738.400, 225078.206, 298301.612, 370195.835, 440627.335, 509521.159, 576839.588, 642565.553, 706692.093, 769216.640, 830138.336, 889456.921, 947172.324, 1003284.527, 1057793.524, 1110699.316, 1162001.903, 1211701.283, 1259797.458, 1306290.427, 1351180.190, 1394466.747, 1436150.098, 1476230.244, 1514707.183, 1551580.917, 1586851.445, 1620518.768, 1652582.884, 1683043.795, 1711901.499, 1739155.998, 1764807.291, 1788855.379, 1811300.260, 1832141.936, 1851380.406, 1869015.670, 1885047.728, 1899476.580, 1912302.227, 1923524.668, 1933143.903, 1941159.932, 1947572.755, 1952382.373, 1955588.784, 1957191.990, 1957191.990, 1955588.784, 1952382.373, 1947572.755, 1941159.932, 1933143.903, 1923524.668, 1912302.227, 1899476.580, 1885047.728, 1869015.670, 1851380.406, 1832141.936, 1811300.260, 1788855.379, 1764807.291, 1739155.998, 1711901.499, 1683043.795, 1652582.884, 1620518.768, 1586851.445, 1551580.917, 1514707.183, 1476230.244, 1436150.098, 1394466.747, 1351180.190, 1306290.427, 1259797.458, 1211701.283, 1162001.903, 1110699.316, 1057793.524, 1003284.527, 947172.324, 889456.921, 830138.336, 769216.640, 706692.093, 642565.553, 576839.588, 509521.159, 440627.335, 370195.835, 298301.612, 225078.206, 150738.400, 75584.692,    0.000,
   0.000, 83127.893, 165781.786, 247540.543, 328071.477, 407140.570, 484600.958, 560370.211, 634406.846, 706692.093, 777218.295, 845982.629, 912984.153, 978222.579, 1041697.830, 1103409.884, 1163358.738, 1221544.391, 1277966.843, 1332626.092, 1385522.140, 1436654.987, 1486024.632, 1533631.075, 1579474.317, 1623554.357, 1665871.195, 1706424.832, 1745215.267, 1782242.501, 1817506.533, 1851007.363, 1882744.992, 1912719.419, 1940930.645, 1967378.669, 1992063.492, 2014985.112, 2036143.532, 2055538.749, 2073170.765, 2089039.580, 2103145.192, 2115487.604, 2126066.813, 2134882.821, 2141935.628, 2147225.233, 2150751.636, 2152514.837, 2152514.837, 2150751.636, 2147225.233, 2141935.628, 2134882.821, 2126066.813, 2115487.604, 2103145.192, 2089039.580, 2073170.765, 2055538.749, 2036143.532, 2014985.112, 1992063.492, 1967378.669, 1940930.645, 1912719.419, 1882744.992, 1851007.363, 1817506.533, 1782242.501, 1745215.267, 1706424.832, 1665871.195, 1623554.357, 1579474.317, 1533631.075, 1486024.632, 1436654.987, 1385522.140, 1332626.092, 1277966.843, 1221544.391, 1163358.738, 1103409.884, 1041697.830, 978222.579, 912984.153, 845982.629, 777218.295, 706692.093, 634406.846, 560370.211, 484600.958, 407140.570, 328071.477, 247540.543, 165781.786, 83127.893,    0.000,
   0.000, 90482.652, 180449.362, 269441.732, 357097.639, 443162.362, 527476.044, 609948.965, 690535.974, 769216.640, 845982.629, 920830.870, 993760.336, 1064770.715, 1133861.922, 1201033.935, 1266286.748, 1329620.362, 1391034.775, 1450529.987, 1508105.999, 1563762.811, 1617500.422, 1669318.833, 1719218.044, 1767198.054, 1813258.864, 1857400.473, 1899622.882, 1939926.091, 1978310.099, 2014774.906, 2049320.514, 2081946.921, 2112654.127, 2141442.133, 2168310.939, 2193260.544, 2216290.949, 2237402.154, 2256594.158, 2273866.961, 2289220.565, 2302654.967, 2314170.170, 2323766.172, 2331442.973, 2337200.575, 2341038.976, 2342958.176, 2342958.176, 2341038.976, 2337200.575, 2331442.973, 2323766.172, 2314170.170, 2302654.967, 2289220.565, 2273866.961, 2256594.158, 2237402.154, 2216290.949, 2193260.544, 2168310.939, 2141442.133, 2112654.127, 2081946.921, 2049320.514, 2014774.906, 1978310.099, 1939926.091, 1899622.882, 1857400.473, 1813258.864, 1767198.054, 1719218.044, 1669318.833, 1617500.422, 1563762.811, 1508105.999, 1450529.987, 1391034.775, 1329620.362, 1266286.748, 1201033.935, 1133861.922, 1064770.715, 993760.336, 920830.870, 845982.629, 769216.640, 690535.974, 609948.965, 527476.044, 443162.362, 357097.639, 269441.732, 180449.362, 90482.652,    0.000,
   0.000, 97648.868, 194740.927, 290781.472, 385379.700, 478260.716, 569252.004, 658256.741, 745226.201, 830138.336, 912984.153, 993760.336, 1072465.778, 1149100.143, 1223663.338, 1296155.340, 1366576.143, 1434925.746, 1501204.149, 1565411.352, 1627547.354, 1687612.157, 1745605.760, 1801528.162, 1855379.365, 1907159.367, 1956868.170, 2004505.772, 2050072.174, 2093567.376, 2134991.378, 2174344.179, 2211625.781, 2246836.183, 2279975.384, 2311043.386, 2340040.187, 2366965.788, 2391820.189, 2414603.390, 2435315.391, 2453956.192, 2470525.793, 2485024.194, 2497451.394, 2507807.395, 2516092.195, 2522305.795, 2526448.196, 2528519.396, 2528519.396, 2526448.196, 2522305.795, 2516092.195, 2507807.395, 2497451.394, 2485024.194, 2470525.793, 2453956.192, 2435315.391, 2414603.390, 2391820.189, 2366965.788, 2340040.187, 2311043.386, 2279975.384, 2246836.183, 2211625.781, 2174344.179, 2134991.378, 2093567.376, 2050072.174, 2004505.772, 1956868.170, 1907159.367, 1855379.365, 1801528.162, 1745605.760, 1687612.157, 1627547.354, 1565411.352, 1501204.149, 1434925.746, 1366576.143, 1296155.340, 1223663.338, 1149100.143, 1072465.778, 993760.336, 912984.153, 830138.336, 745226.201, 658256.741, 569252.004, 478260.716, 385379.700, 290781.472, 194740.927, 97648.868,    0.000,
   0.000, 104626.510, 208656.420, 311559.673, 412917.538, 512435.481, 609928.660, 705293.333, 798477.294, 889456.921, 978222.579, 1064770.715, 1149100.143, 1231210.503, 1311101.694, 1388773.693, 1464226.493, 1537460.094, 1608474.495, 1677269.695, 1743845.696, 1808202.497, 1870340.097, 1930258.498, 1987957.698, 2043437.699, 2096698.499, 2147740.100, 2196562.500, 2243165.701, 2287549.701, 2329714.501, 2369660.102, 2407386.502, 2442893.702, 2476181.703, 2507250.503, 2536100.103, 2562730.503, 2587141.704, 2609333.704, 2629306.504, 2647060.104, 2662594.504, 2675909.705, 2687005.705, 2695882.505, 2702540.105, 2706978.505, 2709197.705, 2709197.705, 2706978.505, 2702540.105, 2695882.505, 2687005.705, 2675909.705, 2662594.504, 2647060.104, 2629306.504, 2609333.704, 2587141.704, 2562730.503, 2536100.103, 2507250.503, 2476181.703, 2442893.702, 2407386.502, 2369660.102, 2329714.501, 2287549.701, 2243165.701, 2196562.500, 2147740.100, 2096698.499, 2043437.699, 1987957.698, 1930258.498, 1870340.097, 1808202.497, 1743845.696, 1677269.695, 1608474.495, 1537460.094, 1464226.493, 1388773.693, 1311101.694, 1231210.503, 1149100.143, 1064770.715, 978222.579, 889456.921, 798477.294, 705293.333, 609928.660, 512435.481, 412917.538, 311559.673, 208656.420, 104626.510,    0.000,
   0.000, 111415.569, 222195.824, 331776.308, 439711.122, 545686.618, 649505.962, 751058.684, 850289.189, 947172.324, 1041697.830, 1133861.922, 1223663.338, 1311101.694, 1396176.885, 1478888.883, 1559237.683, 1637223.283, 1712845.683, 1786104.883, 1857000.883, 1925533.683, 1991703.283, 2055509.683, 2116952.884, 2176032.884, 2232749.684, 2287103.284, 2339093.684, 2388720.884, 2435984.884, 2480885.684, 2523423.284, 2563597.684, 2601408.884, 2636856.884, 2669941.685, 2700663.285, 2729021.685, 2755016.885, 2778648.885, 2799917.685, 2818823.285, 2835365.685, 2849544.885, 2861360.885, 2870813.685, 2877903.285, 2882629.685, 2884992.885, 2884992.885, 2882629.685, 2877903.285, 2870813.685, 2861360.885, 2849544.885, 2835365.685, 2818823.285, 2799917.685, 2778648.885, 2755016.885, 2729021.685, 2700663.285, 2669941.685, 2636856.884, 2601408.884, 2563597.684, 2523423.284, 2480885.684, 2435984.884, 2388720.884, 2339093.684, 2287103.284, 2232749.684, 2176032.884, 2116952.884, 2055509.683, 1991703.283, 1925533.683, 1857000.883, 1786104.883, 1712845.683, 1637223.283, 1559237.683, 1478888.883, 1396176.885, 1311101.694, 1223663.338, 1133861.922, 1041697.830, 947172.324, 850289.189, 751058.684, 649505.962, 545686.618, 439711.122, 331776.308, 222195.824, 111415.569,    0.000,
   0.000, 118016.045, 235359.134, 351431.372, 465760.441, 578014.114, 687983.898, 795552.778, 900661.869, 1003284.527, 1103409.884, 1201033.935, 1296155.340, 1388773.693, 1478888.883, 1566500.881, 1651609.681, 1734215.281, 1814317.681, 1891916.881, 1967012.881, 2039605.681, 2109695.281, 2177281.681, 2242364.881, 2304944.881, 2365021.681, 2422595.281, 2477665.681, 2530232.881, 2580296.881, 2627857.681, 2672915.281, 2715469.681, 2755520.881, 2793068.881, 2828113.681, 2860655.281, 2890693.681, 2918228.881, 2943260.881, 2965789.681, 2985815.281, 3003337.681, 3018356.881, 3030872.881, 3040885.681, 3048395.281, 3053401.681, 3055904.881, 3055904.881, 3053401.681, 3048395.281, 3040885.681, 3030872.881, 3018356.881, 3003337.681, 2985815.281, 2965789.681, 2943260.881, 2918228.881, 2890693.681, 2860655.281, 2828113.681, 2793068.881, 2755520.881, 2715469.681, 2672915.281, 2627857.681, 2580296.881, 2530232.881, 2477665.681, 2422595.281, 2365021.681, 2304944.881, 2242364.881, 2177281.681, 2109695.281, 2039605.681, 1967012.881, 1891916.881, 1814317.681, 1734215.281, 1651609.681, 1566500.881, 1478888.883, 1388773.693, 1296155.340, 1201033.935, 1103409.884, 1003284.527, 900661.869, 795552.778, 687983.898, 578014.114, 465760.441, 351431.372, 235359.134, 118016.045,    0.000,
   0.000, 124427.935, 248146.350, 370524.863, 491065.495, 609417.969, 725362.465, 838775.614, 949595.330, 1057793.524, 1163358.738, 1266286.748, 1366576.143, 1464226.493, 1559237.683, 1651609.681, 1741342.480, 1828436.080, 1912890.480, 1994705.680, 2073881.680, 2150418.480, 2224316.080, 2295574.480, 2364193.680, 2430173.680, 2493514.480, 2554216.080, 2612278.480, 2667701.680, 2720485.680, 2770630.480, 2818136.080, 2863002.480, 2905229.680, 2944817.680, 2981766.480, 3016076.080, 3047746.480, 3076777.680, 3103169.680, 3126922.480, 3148036.080, 3166510.480, 3182345.680, 3195541.680, 3206098.480, 3214016.080, 3219294.480, 3221933.680, 3221933.680, 3219294.480, 3214016.080, 3206098.480, 3195541.680, 3182345.680, 3166510.480, 3148036.080, 3126922.480, 3103169.680, 3076777.680, 3047746.480, 3016076.080, 2981766.480, 2944817.680, 2905229.680, 2863002.480, 2818136.080, 2770630.480, 2720485.680, 2667701.680, 2612278.480, 2554216.080, 2493514.480, 2430173.680, 2364193.680, 2295574.480, 2224316.080, 2150418.480, 2073881.680, 1994705.680, 1912890.480, 1828436.080, 1741342.480, 1651609.681, 1559237.683, 1464226.493, 1366576.143, 1266286.748, 1163358.738, 1057793.524, 949595.330, 838775.614, 725362.465, 609417.969, 491065.495, 370524.863, 248146.350, 124427.935,    0.000,
   0.000, 130651.241, 260557.472, 389056.781, 515626.282, 639898.180, 761641.663, 880727.190, 997089.572, 1110699.316, 1221544.391, 1329620.362, 1434925.746, 1537460.094, 1637223.283, 1734215.281, 1828436.080, 1919885.680, 2008564.080, 2094471.280, 2177607.280, 2257972.080, 2335565.680, 2410388.080, 2482439.280, 2551719.280, 2618228.080, 2681965.680, 2742932.080, 2801127.280, 2856551.280, 2909204.080, 2959085.680, 3006196.080, 3050535.280, 3092103.280, 3130900.080, 3166925.680, 3200180.080, 3230663.280, 3258375.280, 3283316.080, 3305485.680, 3324884.080, 3341511.280, 3355367.280, 3366452.080, 3374765.680, 3380308.080, 3383079.280, 3383079.280, 3380308.080, 3374765.680, 3366452.080, 3355367.280, 3341511.280, 3324884.080, 3305485.680, 3283316.080, 3258375.280, 3230663.280, 3200180.080, 3166925.680, 3130900.080, 3092103.280, 3050535.280, 3006196.080, 2959085.680, 2909204.080, 2856551.280, 2801127.280, 2742932.080, 2681965.680, 2618228.080, 2551719.280, 2482439.280, 2410388.080, 2335565.680, 2257972.080, 2177607.280, 2094471.280, 2008564.080, 1919885.680, 1828436.080, 1734215.281, 1637223.283, 1537460.094, 1434925.746, 1329620.362, 1221544.391, 1110699.316, 997089.572, 880727.190, 761641.663, 639898.180, 515626.282, 389056.781, 260557.472, 130651.241,    0.000,
   0.000, 136685.961, 272592.499, 407027.125, 539442.803, 669454.749, 796821.491, 921407.506, 1043144.595, 1162001.903, 1277966.843, 1391034.775, 1501204.149, 1608474.495, 1712845.683, 1814317.681, 1912890.480, 2008564.080, 2101338.480, 2191213.680, 2278189.680, 2362266.480, 2443444.080, 2521722.480, 2597101.680, 2669581.680, 2739162.480, 2805844.080, 2869626.480, 2930509.680, 2988493.680, 3043578.480, 3095764.080, 3145050.480, 3191437.680, 3234925.680, 3275514.480, 3313204.080, 3347994.480, 3379885.680, 3408877.680, 3434970.480, 3458164.080, 3478458.480, 3495853.680, 3510349.680, 3521946.480, 3530644.080, 3536442.480, 3539341.680, 3539341.680, 3536442.480, 3530644.080, 3521946.480, 3510349.680, 3495853.680, 3478458.480, 3458164.080, 3434970.480, 3408877.680, 3379885.680, 3347994.480, 3313204.080, 3275514.480, 3234925.680, 3191437.680, 3145050.480, 3095764.080, 3043578.480, 2988493.680, 2930509.680, 2869626.480, 2805844.080, 2739162.480, 2669581.680, 2597101.680, 2521722.480, 2443444.080, 2362266.480, 2278189.680, 2191213.680, 2101338.480, 2008564.080, 1912890.480, 1814317.681, 1712845.683, 1608474.495, 1501204.149, 1391034.775, 1277966.843, 1162001.903, 1043144.595, 921407.506, 796821.491, 669454.749, 539442.803, 407027.125, 272592.499, 136685.961,    0.000,
   0.000, 142532.096, 284251.431, 424435.897, 562515.058, 698087.676, 830901.950, 960816.562, 1087760.398, 1211701.283, 1332626.092, 1450529.987, 1565411.352, 1677269.695, 1786104.883, 1891916.881, 1994705.680, 2094471.280, 2191213.680, 2284932.880, 2375628.880, 2463301.680, 2547951.280, 2629577.680, 2708180.880, 2783760.880, 2856317.680, 2925851.280, 2992361.680, 3055848.880, 3116312.880, 3173753.680, 3228171.280, 3279565.680, 3327936.880, 3373284.880, 3415609.680, 3454911.280, 3491189.680, 3524444.880, 3554676.880, 3581885.680, 3606071.280, 3627233.680, 3645372.880, 3660488.880, 3672581.680, 3681651.280, 3687697.680, 3690720.880, 3690720.880, 3687697.680, 3681651.280, 3672581.680, 3660488.880, 3645372.880, 3627233.680, 3606071.280, 3581885.680, 3554676.880, 3524444.880, 3491189.680, 3454911.280, 3415609.680, 3373284.880, 3327936.880, 3279565.680, 3228171.280, 3173753.680, 3116312.880, 3055848.880, 2992361.680, 2925851.280, 2856317.680, 2783760.880, 2708180.880, 2629577.680, 2547951.280, 2463301.680, 2375628.880, 2284932.880, 2191213.680, 2094471.280, 1994705.680, 1891916.881, 1786104.883, 1677269.695, 1565411.352, 1450529.987, 1332626.092, 1211701.283, 1087760.398, 960816.562, 830901.950, 698087.676, 562515.058, 424435.897, 284251.431, 142532.096,    0.000,
   0.000, 148189.647, 295534.269, 441283.095, 584843.047, 725796.959, 863883.038, 998954.358, 1130936.982, 1259797.458, 1385522.140, 1508105.999, 1627547.354, 1743845.696, 1857000.883, 1967012.881, 2073881.680, 2177607.280, 2278189.680, 2375628.880, 2469924.880, 2561077.680, 2649087.280, 2733953.680, 2815676.880, 2894256.880, 2969693.680, 3041987.280, 3111137.680, 3177144.880, 3240008.880, 3299729.680, 3356307.280, 3409741.680, 3460032.880, 3507180.880, 3551185.680, 3592047.280, 3629765.680, 3664340.880, 3695772.880, 3724061.680, 3749207.280, 3771209.680, 3790068.880, 3805784.880, 3818357.680, 3827787.280, 3834073.680, 3837216.880, 3837216.880, 3834073.680, 3827787.280, 3818357.680, 3805784.880, 3790068.880, 3771209.680, 3749207.280, 3724061.680, 3695772.880, 3664340.880, 3629765.680, 3592047.280, 3551185.680, 3507180.880, 3460032.880, 3409741.680, 3356307.280, 3299729.680, 3240008.880, 3177144.880, 3111137.680, 3041987.280, 2969693.680, 2894256.880, 2815676.880, 2733953.680, 2649087.280, 2561077.680, 2469924.880, 2375628.880, 2278189.680, 2177607.280, 2073881.680, 1967012.881, 1857000.883, 1743845.696, 1627547.354, 1508105.999, 1385522.140, 1259797.458, 1130936.982, 998954.358, 863883.038, 725796.959, 584843.047, 441283.095, 295534.269, 148189.647,    0.000,
   0.000, 153658.612, 306441.012, 457568.720, 606426.769, 752582.600, 895764.758, 1035820.895, 1172674.347, 1306290.427, 1436654.987, 1563762.811, 1687612.157, 1808202.497, 1925533.683, 2039605.681, 2150418.480, 2257972.080, 2362266.480, 2463301.680, 2561077.680, 2655594.480, 2746852.080, 2834850.480, 2919589.680, 3001069.680, 3079290.480, 3154252.080, 3225954.480, 3294397.680, 3359581.680, 3421506.480, 3480172.080, 3535578.480, 3587725.680, 3636613.680, 3682242.480, 3724612.080, 3763722.480, 3799573.680, 3832165.680, 3861498.480, 3887572.080, 3910386.480, 3929941.680, 3946237.680, 3959274.480, 3969052.080, 3975570.480, 3978829.680, 3978829.680, 3975570.480, 3969052.080, 3959274.480, 3946237.680, 3929941.680, 3910386.480, 3887572.080, 3861498.480, 3832165.680, 3799573.680, 3763722.480, 3724612.080, 3682242.480, 3636613.680, 3587725.680, 3535578.480, 3480172.080, 3421506.480, 3359581.680, 3294397.680, 3225954.480, 3154252.080, 3079290.480, 3001069.680, 2919589.680, 2834850.480, 2746852.080, 2655594.480, 2561077.680, 2463301.680, 2362266.480, 2257972.080, 2150418.480, 2039605.681, 1925533.683, 1808202.497, 1687612.157, 1563762.811, 1436654.987, 1306290.427, 1172674.347, 1035820.895, 895764.758, 752582.600, 606426.769, 457568.720, 306441.012, 153658.612,    0.000,
   0.000, 158938.993, 316971.660, 473292.771, 627266.225, 778444.598, 926547.107, 1071416.171, 1212972.492, 1351180.190, 1486024.632, 1617500.422, 1745605.760, 1870340.097, 1991703.283, 2109695.281, 2224316.080, 2335565.680, 2443444.080, 2547951.280, 2649087.280, 2746852.080, 2841245.680, 2932268.080, 3019919.280, 3104199.280, 3185108.080, 3262645.680, 3336812.080, 3407607.280, 3475031.280, 3539084.080, 3599765.680, 3657076.080, 3711015.280, 3761583.280, 3808780.080, 3852605.680, 3893060.080, 3930143.280, 3963855.280, 3994196.080, 4021165.680, 4044764.080, 4064991.280, 4081847.280, 4095332.080, 4105445.680, 4112188.080, 4115559.280, 4115559.280, 4112188.080, 4105445.680, 4095332.080, 4081847.280, 4064991.280, 4044764.080, 4021165.680, 3994196.080, 3963855.280, 3930143.280, 3893060.080, 3852605.680, 3808780.080, 3761583.280, 3711015.280, 3657076.080, 3599765.680, 3539084.080, 3475031.280, 3407607.280, 3336812.080, 3262645.680, 3185108.080, 3104199.280, 3019919.280, 2932268.080, 2841245.680, 2746852.080, 2649087.280, 2547951.280, 2443444.080, 2335565.680, 2224316.080, 2109695.281, 1991703.283, 1870340.097, 1745605.760, 1617500.422, 1486024.632, 1351180.190, 1212972.492, 1071416.171, 926547.107, 778444.598, 627266.225, 473292.771, 316971.660, 158938.993,    0.000,
   0.000, 164030.788, 327126.214, 488455.249, 647361.415, 803382.953, 956230.087, 1105740.188, 1251831.417, 1394466.747, 1533631.075, 1669318.833, 1801528.162, 1930258.498, 2055509.683, 2177281.681, 2295574.480, 2410388.080, 2521722.480, 2629577.680, 2733953.680, 2834850.480, 2932268.080, 3026206.480, 3116665.680, 3203645.680, 3287146.480, 3367168.080, 3443710.480, 3516773.680, 3586357.680, 3652462.480, 3715088.080, 3774234.480, 3829901.680, 3882089.680, 3930798.480, 3976028.080, 4017778.480, 4056049.680, 4090841.680, 4122154.480, 4149988.080, 4174342.480, 4195217.680, 4212613.680, 4226530.480, 4236968.080, 4243926.480, 4247405.680, 4247405.680, 4243926.480, 4236968.080, 4226530.480, 4212613.680, 4195217.680, 4174342.480, 4149988.080, 4122154.480, 4090841.680, 4056049.680, 4017778.480, 3976028.080, 3930798.480, 3882089.680, 3829901.680, 3774234.480, 3715088.080, 3652462.480, 3586357.680, 3516773.680, 3443710.480, 3367168.080, 3287146.480, 3203645.680, 3116665.680, 3026206.480, 2932268.080, 2834850.480, 2733953.680, 2629577.680, 2521722.480, 2410388.080, 2295574.480, 2177281.681, 2055509.683, 1930258.498, 1801528.162, 1669318.833, 1533631.075, 1394466.747, 1251831.417, 1105740.188, 956230.087, 803382.953, 647361.415, 488455.249, 327126.214, 164030.788,    0.000,
   0.000, 168933.998, 336904.674, 503056.154, 666712.338, 827397.665, 984813.697, 1138792.945, 1289251.123, 1436150.098, 1579474.317, 1719218.044, 1855379.365, 1987957.698, 2116952.884, 2242364.881, 2364193.680, 2482439.280, 2597101.680, 2708180.880, 2815676.880, 2919589.680, 3019919.280, 3116665.680, 3209828.880, 3299408.880, 3385405.680, 3467819.280, 3546649.680, 3621896.880, 3693560.880, 3761641.680, 3826139.280, 3887053.680, 3944384.880, 3998132.880, 4048297.680, 4094879.280, 4137877.680, 4177292.880, 4213124.880, 4245373.680, 4274039.280, 4299121.680, 4320620.880, 4338536.880, 4352869.680, 4363619.280, 4370785.680, 4374368.880, 4374368.880, 4370785.680, 4363619.280, 4352869.680, 4338536.880, 4320620.880, 4299121.680, 4274039.280, 4245373.680, 4213124.880, 4177292.880, 4137877.680, 4094879.280, 4048297.680, 3998132.880, 3944384.880, 3887053.680, 3826139.280, 3761641.680, 3693560.880, 3621896.880, 3546649.680, 3467819.280, 3385405.680, 3299408.880, 3209828.880, 3116665.680, 3019919.280, 2919589.680, 2815676.880, 2708180.880, 2597101.680, 2482439.280, 2364193.680, 2242364.881, 2116952.884, 1987957.698, 1855379.365, 1719218.044, 1579474.317, 1436150.098, 1289251.123, 1138792.945, 984813.697, 827397.665, 666712.338, 503056.154, 336904.674, 168933.998,    0.000,
   0.000, 173648.624, 346307.039, 517095.486, 685318.995, 850488.735, 1012297.938, 1170574.442, 1325231.609, 1476230.244, 1623554.357, 1767198.054, 1907159.367, 2043437.699, 2176032.884, 2304944.881, 2430173.680, 2551719.280, 2669581.680, 2783760.880, 2894256.880, 3001069.680, 3104199.280, 3203645.680, 3299408.880, 3391488.880, 3479885.680, 3564599.280, 3645629.680, 3722976.880, 3796640.880, 3866621.680, 3932919.280, 3995533.680, 4054464.880, 4109712.880, 4161277.680, 4209159.280, 4253357.680, 4293872.880, 4330704.880, 4363853.680, 4393319.280, 4419101.680, 4441200.880, 4459616.880, 4474349.680, 4485399.280, 4492765.680, 4496448.880, 4496448.880, 4492765.680, 4485399.280, 4474349.680, 4459616.880, 4441200.880, 4419101.680, 4393319.280, 4363853.680, 4330704.880, 4293872.880, 4253357.680, 4209159.280, 4161277.680, 4109712.880, 4054464.880, 3995533.680, 3932919.280, 3866621.680, 3796640.880, 3722976.880, 3645629.680, 3564599.280, 3479885.680, 3391488.880, 3299408.880, 3203645.680, 3104199.280, 3001069.680, 2894256.880, 2783760.880, 2669581.680, 2551719.280, 2430173.680, 2304944.881, 2176032.884, 2043437.699, 1907159.367, 1767198.054, 1623554.357, 1476230.244, 1325231.609, 1170574.442, 1012297.938, 850488.735, 685318.995, 517095.486, 346307.039, 173648.624,    0.000,
   0.000, 178174.664, 355333.309, 530573.244, 703181.386, 872656.162, 1038682.809, 1201084.679, 1359772.876, 1514707.183, 1665871.195, 1813258.864, 1956868.170, 2096698.499, 2232749.684, 2365021.681, 2493514.480, 2618228.080, 2739162.480, 2856317.680, 2969693.680, 3079290.480, 3185108.080, 3287146.480, 3385405.680, 3479885.680, 3570586.480, 3657508.080, 3740650.480, 3820013.680, 3895597.680, 3967402.480, 4035428.080, 4099674.480, 4160141.680, 4216829.680, 4269738.480, 4318868.080, 4364218.480, 4405789.680, 4443581.680, 4477594.480, 4507828.080, 4534282.480, 4556957.680, 4575853.680, 4590970.480, 4602308.080, 4609866.480, 4613645.680, 4613645.680, 4609866.480, 4602308.080, 4590970.480, 4575853.680, 4556957.680, 4534282.480, 4507828.080, 4477594.480, 4443581.680, 4405789.680, 4364218.480, 4318868.080, 4269738.480, 4216829.680, 4160141.680, 4099674.480, 4035428.080, 3967402.480, 3895597.680, 3820013.680, 3740650.480, 3657508.080, 3570586.480, 3479885.680, 3385405.680, 3287146.480, 3185108.080, 3079290.480, 2969693.680, 2856317.680, 2739162.480, 2618228.080, 2493514.480, 2365021.681, 2232749.684, 2096698.499, 1956868.170, 1813258.864, 1665871.195, 1514707.183, 1359772.876, 1201084.679, 1038682.809, 872656.162, 703181.386, 530573.244, 355333.309, 178174.664,    0.000,
   0.000, 182512.119, 363983.484, 543489.430, 720299.511, 893899.946, 1063968.311, 1230323.656, 1392874.924, 1551580.917, 1706424.832, 1857400.473, 2004505.772, 2147740.100, 2287103.284, 2422595.281, 2554216.080, 2681965.680, 2805844.080, 2925851.280, 3041987.280, 3154252.080, 3262645.680, 3367168.080, 3467819.280, 3564599.280, 3657508.080, 3746545.680, 3831712.080, 3913007.280, 3990431.280, 4063984.080, 4133665.680, 4199476.080, 4261415.280, 4319483.280, 4373680.080, 4424005.680, 4470460.080, 4513043.280, 4551755.280, 4586596.080, 4617565.680, 4644664.080, 4667891.280, 4687247.280, 4702732.080, 4714345.680, 4722088.080, 4725959.280, 4725959.280, 4722088.080, 4714345.680, 4702732.080, 4687247.280, 4667891.280, 4644664.080, 4617565.680, 4586596.080, 4551755.280, 4513043.280, 4470460.080, 4424005.680, 4373680.080, 4319483.280, 4261415.280, 4199476.080, 4133665.680, 4063984.080, 3990431.280, 3913007.280, 3831712.080, 3746545.680, 3657508.080, 3564599.280, 3467819.280, 3367168.080, 3262645.680, 3154252.080, 3041987.280, 2925851.280, 2805844.080, 2681965.680, 2554216.080, 2422595.281, 2287103.284, 2147740.100, 2004505.772, 1857400.473, 1706424.832, 1551580.917, 1392874.924, 1230323.656, 1063968.311, 893899.946, 720299.511, 543489.430, 363983.484, 182512.119,    0.000,
   0.000, 186660.990, 372257.565, 555844.042, 736673.369, 914220.087, 1088154.442, 1258291.373, 1424537.752, 1586851.445, 1745215.267, 1899622.882, 2050072.174, 2196562.500, 2339093.684, 2477665.681, 2612278.480, 2742932.080, 2869626.480, 2992361.680, 3111137.680, 3225954.480, 3336812.080, 3443710.480, 3546649.680, 3645629.680, 3740650.480, 3831712.080, 3918814.480, 4001957.680, 4081141.680, 4156366.480, 4227632.080, 4294938.480, 4358285.680, 4417673.680, 4473102.480, 4524572.080, 4572082.480, 4615633.680, 4655225.680, 4690858.480, 4722532.080, 4750246.480, 4774001.680, 4793797.680, 4809634.480, 4821512.080, 4829430.480, 4833389.680, 4833389.680, 4829430.480, 4821512.080, 4809634.480, 4793797.680, 4774001.680, 4750246.480, 4722532.080, 4690858.480, 4655225.680, 4615633.680, 4572082.480, 4524572.080, 4473102.480, 4417673.680, 4358285.680, 4294938.480, 4227632.080, 4156366.480, 4081141.680, 4001957.680, 3918814.480, 3831712.080, 3740650.480, 3645629.680, 3546649.680, 3443710.480, 3336812.080, 3225954.480, 3111137.680, 2992361.680, 2869626.480, 2742932.080, 2612278.480, 2477665.681, 2339093.684, 2196562.500, 2050072.174, 1899622.882, 1745215.267, 1586851.445, 1424537.752, 1258291.373, 1088154.442, 914220.087, 736673.369, 555844.042, 372257.565, 186660.990,    0.000,
   0.000, 190621.275, 380155.552, 567637.080, 752302.961, 933616.585, 1111241.205, 1284987.831, 1454761.361, 1620518.768, 1782242.501, 1939926.091, 2093567.376, 2243165.701, 2388720.884, 2530232.881, 2667701.680, 2801127.280, 2930509.680, 3055848.880, 3177144.880, 3294397.680, 3407607.280, 3516773.680, 3621896.880, 3722976.880, 3820013.680, 3913007.280, 4001957.680, 4086864.880, 4167728.880, 4244549.680, 4317327.280, 4386061.680, 4450752.880, 4511400.880, 4568005.680, 4620567.280, 4669085.680, 4713560.880, 4753992.880, 4790381.680, 4822727.280, 4851029.680, 4875288.880, 4895504.880, 4911677.680, 4923807.280, 4931893.680, 4935936.880, 4935936.880, 4931893.680, 4923807.280, 4911677.680, 4895504.880, 4875288.880, 4851029.680, 4822727.280, 4790381.680, 4753992.880, 4713560.880, 4669085.680, 4620567.280, 4568005.680, 4511400.880, 4450752.880, 4386061.680, 4317327.280, 4244549.680, 4167728.880, 4086864.880, 4001957.680, 3913007.280, 3820013.680, 3722976.880, 3621896.880, 3516773.680, 3407607.280, 3294397.680, 3177144.880, 3055848.880, 2930509.680, 2801127.280, 2667701.680, 2530232.881, 2388720.884, 2243165.701, 2093567.376, 1939926.091, 1782242.501, 1620518.768, 1454761.361, 1284987.831, 1111241.205, 933616.585, 752302.961, 567637.080, 380155.552, 190621.275,    0.000,
   0.000, 194392.975, 387677.444, 578868.546, 767188.287, 952089.441, 1133228.597, 1310413.028, 1483545.750, 1652582.884, 1817506.533, 1978310.099, 2134991.378, 2287549.701, 2435984.884, 2580296.881, 2720485.680, 2856551.280, 2988493.680, 3116312.880, 3240008.880, 3359581.680, 3475031.280, 3586357.680, 3693560.880, 3796640.880, 3895597.680, 3990431.280, 4081141.680, 4167728.880, 4250192.880, 4328533.680, 4402751.280, 4472845.680, 4538816.880, 4600664.880, 4658389.680, 4711991.280, 4761469.680, 4806824.880, 4848056.880, 4885165.680, 4918151.280, 4947013.680, 4971752.880, 4992368.880, 5008861.680, 5021231.280, 5029477.680, 5033600.880, 5033600.880, 5029477.680, 5021231.280, 5008861.680, 4992368.880, 4971752.880, 4947013.680, 4918151.280, 4885165.680, 4848056.880, 4806824.880, 4761469.680, 4711991.280, 4658389.680, 4600664.880, 4538816.880, 4472845.680, 4402751.280, 4328533.680, 4250192.880, 4167728.880, 4081141.680, 3990431.280, 3895597.680, 3796640.880, 3693560.880, 3586357.680, 3475031.280, 3359581.680, 3240008.880, 3116312.880, 2988493.680, 2856551.280, 2720485.680, 2580296.881, 2435984.884, 2287549.701, 2134991.378, 1978310.099, 1817506.533, 1652582.884, 1483545.750, 1310413.028, 1133228.597, 952089.441, 767188.287, 578868.546, 387677.444, 194392.975,    0.000,
