   0.000,    0.000,    0.000,    0.000,    0.000,    0.000,    0.000,    0.000,    0.000,    0.000,    0.000,    0.000,    0.000,    0.000,    0.000,    0.000,    0.000,    0.000,    0.000,    0.000,    0.000,    0.000,    0.000,    0.000,    0.000,    0.000,    0.000,    0.000,    0.000,    0.000,    0.000,    0.000,    0.000,    0.000,    0.000,    0.000,    0.000,    0.000,    0.000,    0.000,    0.000,    0.000,    0.000,    0.000,    0.000,    0.000,    0.000,    0.000,    0.000,    0.000,    0.000,    0.000,    0.000,    0.000,    0.000,    0.000,    0.000,    0.000,    0.000,    0.000,    0.000,    0.000,    0.000,    0.000,    0.000,    0.000,    0.000,    0.000,    0.000,    0.000,    0.000,    0.000,    0.000,    0.000,    0.000,    0.000,    0.000,    0.000,    0.000,    0.000,    0.000,    0.000,    0.000,    0.000,    0.000,    0.000,    0.000,    0.000,    0.000,    0.000,    0.000,    0.000,    0.000,    0.000,    0.000,    0.000,    0.000,    0.000,    0.000,    0.000,
   0.000, 9035.827, 18010.804, 26873.627, 35587.736, 44131.017, 52492.059, 60665.805, 68650.324, 76444.972, 84049.565, 91464.055, 98688.433, 105722.696, 112566.844, 119220.877, 125684.794, 131958.597, 138042.284, 143935.856, 149639.312, 155152.653, 160475.880, 165608.991, 170551.986, 175304.867, 179867.632, 184240.282, 188422.817, 192415.237, 196217.541, 199829.730, 203251.804, 206483.763, 209525.606, 212377.335, 215038.948, 217510.446, 219791.828, 221883.096, 223784.248, 225495.285, 227016.207, 228347.013, 229487.704, 230438.281, 231198.741, 231769.087, 232149.318, 232339.433, 232339.433, 232149.318, 231769.087, 231198.741, 230438.281, 229487.704, 228347.013, 227016.207, 225495.285, 223784.248, 221883.096, 219791.828, 217510.446, 215038.948, 212377.335, 209525.606, 206483.763, 203251.804, 199829.730, 196217.541, 192415.237, 188422.817, 184240.282, 179867.632, 175304.867, 170551.986, 165608.991, 160475.880, 155152.653, 149639.312, 143935.856, 138042.284, 131958.597, 125684.794, 119220.877, 112566.844, 105722.696, 98688.433, 91464.055, 84049.565, 76444.972, 68650.324, 60665.805, 52492.059, 44131.017, 35587.736, 26873.627, 18010.804, 9035.827,    0.000,
   0.000, 18010.804, 35900.317, 53566.271, 70935.794, 87964.810, 104630.572, 120923.005, 136838.255, 152375.044, 167533.003, 182312.038, 196712.128, 210733.269, 224375.460, 237638.702, 250522.994, 263028.336, 275154.729, 286902.171, 298270.664, 309260.207, 319870.801, 330102.444, 339955.138, 349428.882, 358523.676, 367239.521, 375576.416, 383534.361, 391113.356, 398313.401, 405134.497, 411576.643, 417639.839, 423324.086, 428629.382, 433555.729, 438103.126, 442271.574, 446061.071, 449471.619, 452503.217, 455155.866, 457429.564, 459324.313, 460840.112, 461976.961, 462734.861, 463113.811, 463113.811, 462734.861, 461976.961, 460840.112, 459324.313, 457429.564, 455155.866, 452503.217, 449471.619, 446061.071, 442271.574, 438103.126, 433555.729, 428629.382, 423324.086, 417639.839, 411576.643, 405134.497, 398313.401, 391113.356, 383534.361, 375576.416, 367239.521, 358523.676, 349428.882, 339955.138, 330102.444, 319870.801, 309260.207, 298270.664, 286902.171, 275154.729, 263028.336, 250522.994, 237638.702, 224375.460, 210733.269, 196712.128, 182312.038, 167533.003, 152375.044, 136838.255, 120923.005, 104630.572, 87964.810, 70935.794, 53566.271, 35900.317, 18010.804,    0.000,
   0.000, 26873.627, 53566.271, 79925.339, 105842.097, 131250.785, 156117.465, 180427.104, 204173.956, 227356.113, 249973.024, 272024.549, 293510.658, 314431.344, 334786.606, 354576.445, 373800.859, 392459.850, 410553.416, 428081.559, 445044.277, 461441.572, 477273.443, 492539.889, 507240.912, 521376.511, 534946.686, 547951.437, 560390.764, 572264.667, 583573.146, 594316.201, 604493.832, 614106.039, 623152.823, 631634.182, 639550.117, 646900.629, 653685.716, 659905.380, 665559.619, 670648.435, 675171.826, 679129.794, 682522.338, 685349.458, 687611.153, 689307.425, 690438.273, 691003.697, 691003.697, 690438.273, 689307.425, 687611.153, 685349.458, 682522.338, 679129.794, 675171.826, 670648.435, 665559.619, 659905.380, 653685.716, 646900.629, 639550.117, 631634.182, 623152.823, 614106.039, 604493.832, 594316.201, 583573.146, 572264.667, 560390.764, 547951.437, 534946.686, 521376.511, 507240.912, 492539.889, 477273.443, 461441.572, 445044.277, 428081.559, 410553.416, 392459.850, 373800.859, 354576.445, 334786.606, 314431.344, 293510.658, 272024.549, 249973.024, 227356.113, 204173.956, 180427.104, 156117.465, 131250.785, 105842.097, 79925.339, 53566.271, 26873.627,    0.000,
   0.000, 35587.736, 70935.794, 105842.097, 140162.655, 173810.386, 206740.351, 238932.648, 270379.665, 301078.880, 331029.561, 360231.525, 388684.730, 416389.168, 443344.837, 469551.738, 495009.870, 519719.234, 543679.829, 566891.655, 589354.713, 611069.003, 632034.523, 652251.276, 671719.259, 690438.474, 708408.920, 725630.598, 742103.507, 757827.648, 772803.020, 787029.623, 800507.458, 813236.524, 825216.821, 836448.350, 846931.111, 856665.102, 865650.326, 873886.780, 881374.466, 888113.383, 894103.532, 899344.912, 903837.524, 907581.367, 910576.441, 912822.747, 914320.284, 915069.053, 915069.053, 914320.284, 912822.747, 910576.441, 907581.367, 903837.524, 899344.912, 894103.532, 888113.383, 881374.466, 873886.780, 865650.326, 856665.102, 846931.111, 836448.350, 825216.821, 813236.524, 800507.458, 787029.623, 772803.020, 757827.648, 742103.507, 725630.598, 708408.920, 690438.474, 671719.259, 652251.276, 632034.523, 611069.003, 589354.713, 566891.655, 543679.829, 519719.234, 495009.870, 469551.738, 443344.837, 416389.168, 388684.730, 360231.525, 331029.561, 301078.880, 270379.665, 238932.648, 206740.351, 173810.386, 140162.655, 105842.097, 70935.794, 35587.736,    0.000,
   0.000, 44131.017, 87964.810, 131250.785, 173810.386, 215535.630, 256370.796, 296291.203, 335287.419, 373356.313, 410496.980, 446709.191, 481992.896, 516348.085, 549774.755, 582272.906, 613842.539, 644483.653, 674196.249, 702980.326, 730835.884, 757762.924, 783761.445, 808831.448, 832972.931, 856185.897, 878470.343, 899826.272, 920253.681, 939752.572, 958322.944, 975964.798, 992678.133, 1008462.949, 1023319.247, 1037247.026, 1050246.287, 1062317.029, 1073459.252, 1083672.957, 1092958.143, 1101314.810, 1108742.959, 1115242.590, 1120813.701, 1125456.294, 1129170.369, 1131955.925, 1133812.962, 1134741.480, 1134741.480, 1133812.962, 1131955.925, 1129170.369, 1125456.294, 1120813.701, 1115242.590, 1108742.959, 1101314.810, 1092958.143, 1083672.957, 1073459.252, 1062317.029, 1050246.287, 1037247.026, 1023319.247, 1008462.949, 992678.133, 975964.798, 958322.944, 939752.572, 920253.681, 899826.272, 878470.343, 856185.897, 832972.931, 808831.448, 783761.445, 757762.924, 730835.884, 702980.326, 674196.249, 644483.653, 613842.539, 582272.906, 549774.755, 516348.085, 481992.896, 446709.191, 410496.980, 373356.313, 335287.419, 296291.203, 256370.796, 215535.630, 173810.386, 131250.785, 87964.810, 44131.017,    0.000,
   0.000, 52492.059, 104630.572, 156117.465, 206740.351, 256370.796, 304942.522, 352426.180, 398810.548, 444091.906, 488269.176, 531342.088, 573310.580, 614174.640, 653934.266, 692589.458, 730140.216, 766586.541, 801928.431, 836165.887, 869298.909, 901327.497, 932251.651, 962071.370, 990786.656, 1018397.508, 1044903.925, 1070305.909, 1094603.458, 1117796.574, 1139885.255, 1160869.502, 1180749.315, 1199524.695, 1217195.640, 1233762.151, 1249224.228, 1263581.870, 1276835.079, 1288983.854, 1300028.195, 1309968.101, 1318803.574, 1326534.612, 1333161.217, 1338683.387, 1343101.123, 1346414.425, 1348623.294, 1349727.728, 1349727.728, 1348623.294, 1346414.425, 1343101.123, 1338683.387, 1333161.217, 1326534.612, 1318803.574, 1309968.101, 1300028.195, 1288983.854, 1276835.079, 1263581.870, 1249224.228, 1233762.151, 1217195.640, 1199524.695, 1180749.315, 1160869.502, 1139885.255, 1117796.574, 1094603.458, 1070305.909, 1044903.925, 1018397.508, 990786.656, 962071.370, 932251.651, 901327.497, 869298.909, 836165.887, 801928.431, 766586.541, 730140.216, 692589.458, 653934.266, 614174.640, 573310.580, 531342.088, 488269.176, 444091.906, 398810.548, 352426.180, 304942.522, 256370.796, 206740.351, 156117.465, 104630.572, 52492.059,    0.000,
   0.000, 60665.805, 120923.005, 180427.104, 238932.648, 296291.203, 352426.180, 407303.658, 460910.672, 513242.923, 564299.166, 614079.086, 662582.614, 709809.737, 755760.451, 800434.756, 843832.653, 885954.141, 926799.220, 966367.890, 1004660.152, 1041676.005, 1077415.449, 1111878.485, 1145065.112, 1176975.330, 1207609.139, 1236966.540, 1265047.532, 1291852.115, 1317380.290, 1341632.056, 1364607.413, 1386306.361, 1406728.901, 1425875.031, 1443744.754, 1460338.067, 1475654.972, 1489695.468, 1502459.555, 1513947.233, 1524158.503, 1533093.364, 1540751.817, 1547133.860, 1552239.495, 1556068.721, 1558621.539, 1559897.948, 1559897.948, 1558621.539, 1556068.721, 1552239.495, 1547133.860, 1540751.817, 1533093.364, 1524158.503, 1513947.233, 1502459.555, 1489695.468, 1475654.972, 1460338.067, 1443744.754, 1425875.031, 1406728.901, 1386306.361, 1364607.413, 1341632.056, 1317380.290, 1291852.115, 1265047.532, 1236966.540, 1207609.139, 1176975.330, 1145065.112, 1111878.485, 1077415.449, 1041676.005, 1004660.152, 966367.890, 926799.220, 885954.141, 843832.653, 800434.756, 755760.451, 709809.737, 662582.614, 614079.086, 564299.166, 513242.923, 460910.672, 407303.658, 352426.180, 296291.203, 238932.648, 180427.104, 120923.005, 60665.805,    0.000,
   0.000, 68650.324, 136838.255, 204173.956, 270379.665, 335287.419, 398810.548, 460910.672, 521573.121, 580793.029, 638568.989, 694900.644, 749787.916, 803230.789, 855229.261, 905783.330, 954892.998, 1002558.264, 1048779.128, 1093555.589, 1136887.649, 1178775.307, 1219218.563, 1258217.417, 1295771.868, 1331881.918, 1366547.566, 1399768.812, 1431545.656, 1461878.097, 1490766.137, 1518209.775, 1544209.011, 1568763.845, 1591874.277, 1613540.307, 1633761.934, 1652539.160, 1669871.984, 1685760.406, 1700204.426, 1713204.044, 1724759.260, 1734870.074, 1743536.486, 1750758.496, 1756536.104, 1760869.310, 1763758.114, 1765202.516, 1765202.516, 1763758.114, 1760869.310, 1756536.104, 1750758.496, 1743536.486, 1734870.074, 1724759.260, 1713204.044, 1700204.426, 1685760.406, 1669871.984, 1652539.160, 1633761.934, 1613540.307, 1591874.277, 1568763.845, 1544209.011, 1518209.775, 1490766.137, 1461878.097, 1431545.656, 1399768.812, 1366547.566, 1331881.918, 1295771.868, 1258217.417, 1219218.563, 1178775.307, 1136887.649, 1093555.589, 1048779.128, 1002558.264, 954892.998, 905783.330, 855229.261, 803230.789, 749787.916, 694900.644, 638568.989, 580793.029, 521573.121, 460910.672, 398810.548, 335287.419, 270379.665, 204173.956, 136838.255, 68650.324,    0.000,
   0.000, 76444.972, 152375.044, 227356.113, 301078.880, 373356.313, 444091.906, 513242.923, 580793.029, 646736.807, 711072.689, 773800.280, 834919.491, 894430.306, 952332.720, 1008626.734, 1063312.348, 1116389.562, 1167858.375, 1217718.787, 1265970.799, 1312614.411, 1357649.622, 1401076.433, 1442894.844, 1483104.854, 1521706.464, 1558699.673, 1594084.482, 1627860.891, 1660028.899, 1690588.506, 1719539.714, 1746882.521, 1772616.927, 1796742.933, 1819260.539, 1840169.744, 1859470.549, 1877162.953, 1893246.957, 1907722.561, 1920589.764, 1931848.567, 1941498.970, 1949540.972, 1955974.573, 1960799.774, 1964016.575, 1965624.976, 1965624.976, 1964016.575, 1960799.774, 1955974.573, 1949540.972, 1941498.970, 1931848.567, 1920589.764, 1907722.561, 1893246.957, 1877162.953, 1859470.549, 1840169.744, 1819260.539, 1796742.933, 1772616.927, 1746882.521, 1719539.714, 1690588.506, 1660028.899, 1627860.891, 1594084.482, 1558699.673, 1521706.464, 1483104.854, 1442894.844, 1401076.433, 1357649.622, 1312614.411, 1265970.799, 1217718.787, 1167858.375, 1116389.562, 1063312.348, 1008626.734, 952332.720, 894430.306, 834919.491, 773800.280, 711072.689, 646736.807, 580793.029, 513242.923, 444091.906, 373356.313, 301078.880, 227356.113, 152375.044, 76444.972,    0.000,
   0.000, 84049.565, 167533.003, 249973.024, 331029.561, 410496.980, 488269.176, 564299.166, 638568.989, 711072.689, 781808.545, 850776.121, 917975.319, 983406.121, 1047068.524, 1108962.526, 1169088.129, 1227445.331, 1284034.133, 1338854.536, 1391906.538, 1443190.140, 1492705.342, 1540452.144, 1586430.546, 1630640.548, 1673082.150, 1713755.351, 1752660.153, 1789796.554, 1825164.556, 1858764.157, 1890595.359, 1920658.160, 1948952.561, 1975478.562, 2000236.163, 2023225.364, 2044446.165, 2063898.566, 2081582.567, 2097498.167, 2111645.368, 2124024.168, 2134634.569, 2143476.569, 2150550.169, 2155855.370, 2159392.170, 2161160.570, 2161160.570, 2159392.170, 2155855.370, 2150550.169, 2143476.569, 2134634.569, 2124024.168, 2111645.368, 2097498.167, 2081582.567, 2063898.566, 2044446.165, 2023225.364, 2000236.163, 1975478.562, 1948952.561, 1920658.160, 1890595.359, 1858764.157, 1825164.556, 1789796.554, 1752660.153, 1713755.351, 1673082.150, 1630640.548, 1586430.546, 1540452.144, 1492705.342, 1443190.140, 1391906.538, 1338854.536, 1284034.133, 1227445.331, 1169088.129, 1108962.526, 1047068.524, 983406.121, 917975.319, 850776.121, 781808.545, 711072.689, 638568.989, 564299.166, 488269.176, 410496.980, 331029.561, 249973.024, 167533.003, 84049.565,    0.000,
   0.000, 91464.055, 182312.038, 272024.549, 360231.525, 446709.191, 531342.088, 614079.086, 694900.644, 773800.280, 850776.121, 925827.691, 998954.887, 1070157.687, 1139436.087, 1206790.087, 1272219.688, 1335724.888, 1397305.689, 1456962.089, 1514694.089, 1570501.690, 1624384.890, 1676343.690, 1726378.091, 1774488.091, 1820673.691, 1864934.892, 1907271.692, 1947684.092, 1986172.092, 2022735.692, 2057374.893, 2090089.693, 2120880.093, 2149746.093, 2176687.693, 2201704.894, 2224797.694, 2245966.094, 2265210.094, 2282529.694, 2297924.894, 2311395.694, 2322942.094, 2332564.094, 2340261.694, 2346034.894, 2349883.695, 2351808.095, 2351808.095, 2349883.695, 2346034.894, 2340261.694, 2332564.094, 2322942.094, 2311395.694, 2297924.894, 2282529.694, 2265210.094, 2245966.094, 2224797.694, 2201704.894, 2176687.693, 2149746.093, 2120880.093, 2090089.693, 2057374.893, 2022735.692, 1986172.092, 1947684.092, 1907271.692, 1864934.892, 1820673.691, 1774488.091, 1726378.091, 1676343.690, 1624384.890, 1570501.690, 1514694.089, 1456962.089, 1397305.689, 1335724.888, 1272219.688, 1206790.087, 1139436.087, 1070157.687, 998954.887, 925827.691, 850776.121, 773800.280, 694900.644, 614079.086, 531342.088, 446709.191, 360231.525, 272024.549, 182312.038, 91464.055,    0.000,
   0.000, 98688.433, 196712.128, 293510.658, 388684.730, 481992.896, 573310.580, 662582.614, 749787.916, 834919.491, 917975.319, 998954.887, 1077858.082, 1154684.881, 1229435.281, 1302109.281, 1372706.881, 1441228.081, 1507672.881, 1572041.281, 1634333.281, 1694548.881, 1752688.081, 1808750.881, 1862737.282, 1914647.282, 1964480.882, 2012238.082, 2057918.882, 2101523.282, 2143051.282, 2182502.882, 2219878.082, 2255176.882, 2288399.282, 2319545.282, 2348614.882, 2375608.082, 2400524.882, 2423365.282, 2444129.282, 2462816.882, 2479428.082, 2493962.882, 2506421.282, 2516803.282, 2525108.882, 2531338.082, 2535490.882, 2537567.282, 2537567.282, 2535490.882, 2531338.082, 2525108.882, 2516803.282, 2506421.282, 2493962.882, 2479428.082, 2462816.882, 2444129.282, 2423365.282, 2400524.882, 2375608.082, 2348614.882, 2319545.282, 2288399.282, 2255176.882, 2219878.082, 2182502.882, 2143051.282, 2101523.282, 2057918.882, 2012238.082, 1964480.882, 1914647.282, 1862737.282, 1808750.881, 1752688.081, 1694548.881, 1634333.281, 1572041.281, 1507672.881, 1441228.081, 1372706.881, 1302109.281, 1229435.281, 1154684.881, 1077858.082, 998954.887, 917975.319, 834919.491, 749787.916, 662582.614, 573310.580, 481992.896, 388684.730, 293510.658, 196712.128, 98688.433,    0.000,
   0.000, 105722.696, 210733.269, 314431.344, 416389.168, 516348.085, 614174.640, 709809.737, 803230.789, 894430.306, 983406.121, 1070157.687, 1154684.881, 1236987.680, 1317066.080, 1394920.080, 1470549.680, 1543954.880, 1615135.680, 1684092.080, 1750824.080, 1815331.680, 1877614.880, 1937673.680, 1995508.080, 2051118.080, 2104503.680, 2155664.880, 2204601.680, 2251314.080, 2295802.080, 2338065.680, 2378104.880, 2415919.680, 2451510.080, 2484876.080, 2516017.680, 2544934.880, 2571627.680, 2596096.080, 2618340.080, 2638359.680, 2656154.880, 2671725.680, 2685072.080, 2696194.080, 2705091.680, 2711764.880, 2716213.680, 2718438.080, 2718438.080, 2716213.680, 2711764.880, 2705091.680, 2696194.080, 2685072.080, 2671725.680, 2656154.880, 2638359.680, 2618340.080, 2596096.080, 2571627.680, 2544934.880, 2516017.680, 2484876.080, 2451510.080, 2415919.680, 2378104.880, 2338065.680, 2295802.080, 2251314.080, 2204601.680, 2155664.880, 2104503.680, 2051118.080, 1995508.080, 1937673.680, 1877614.880, 1815331.680, 1750824.080, 1684092.080, 1615135.680, 1543954.880, 1470549.680, 1394920.080, 1317066.080, 1236987.680, 1154684.881, 1070157.687, 983406.121, 894430.306, 803230.789, 709809.737, 614174.640, 516348.085, 416389.168, 314431.344, 210733.269, 105722.696,    0.000,
   0.000, 112566.844, 224375.460, 334786.606, 443344.837, 549774.755, 653934.266, 755760.451, 855229.261, 952332.720, 1047068.524, 1139436.087, 1229435.281, 1317066.080, 1402328.480, 1485222.480, 1565748.080, 1643905.280, 1719694.080, 1793114.480, 1864166.480, 1932850.080, 1999165.280, 2063112.080, 2124690.480, 2183900.480, 2240742.080, 2295215.280, 2347320.080, 2397056.480, 2444424.480, 2489424.080, 2532055.280, 2572318.080, 2610212.480, 2645738.480, 2678896.080, 2709685.280, 2738106.080, 2764158.480, 2787842.480, 2809158.080, 2828105.280, 2844684.080, 2858894.480, 2870736.480, 2880210.080, 2887315.280, 2892052.080, 2894420.480, 2894420.480, 2892052.080, 2887315.280, 2880210.080, 2870736.480, 2858894.480, 2844684.080, 2828105.280, 2809158.080, 2787842.480, 2764158.480, 2738106.080, 2709685.280, 2678896.080, 2645738.480, 2610212.480, 2572318.080, 2532055.280, 2489424.080, 2444424.480, 2397056.480, 2347320.080, 2295215.280, 2240742.080, 2183900.480, 2124690.480, 2063112.080, 1999165.280, 1932850.080, 1864166.480, 1793114.480, 1719694.080, 1643905.280, 1565748.080, 1485222.480, 1402328.480, 1317066.080, 1229435.281, 1139436.087, 1047068.524, 952332.720, 855229.261, 755760.451, 653934.266, 549774.755, 443344.837, 334786.606, 224375.460, 112566.844,    0.000,
   0.000, 119220.877, 237638.702, 354576.445, 469551.738, 582272.906, 692589.458, 800434.756, 905783.330, 1008626.734, 1108962.526, 1206790.087, 1302109.281, 1394920.080, 1485222.480, 1573016.480, 1658302.080, 1741079.280, 1821348.080, 1899108.480, 1974360.480, 2047104.080, 2117339.280, 2185066.080, 2250284.480, 2312994.480, 2373196.080, 2430889.280, 2486074.080, 2538750.480, 2588918.480, 2636578.080, 2681729.280, 2724372.080, 2764506.480, 2802132.480, 2837250.080, 2869859.280, 2899960.080, 2927552.480, 2952636.480, 2975212.080, 2995279.280, 3012838.080, 3027888.480, 3040430.480, 3050464.080, 3057989.280, 3063006.080, 3065514.480, 3065514.480, 3063006.080, 3057989.280, 3050464.080, 3040430.480, 3027888.480, 3012838.080, 2995279.280, 2975212.080, 2952636.480, 2927552.480, 2899960.080, 2869859.280, 2837250.080, 2802132.480, 2764506.480, 2724372.080, 2681729.280, 2636578.080, 2588918.480, 2538750.480, 2486074.080, 2430889.280, 2373196.080, 2312994.480, 2250284.480, 2185066.080, 2117339.280, 2047104.080, 1974360.480, 1899108.480, 1821348.080, 1741079.280, 1658302.080, 1573016.480, 1485222.480, 1394920.080, 1302109.281, 1206790.087, 1108962.526, 1008626.734, 905783.330, 800434.756, 692589.458, 582272.906, 469551.738, 354576.445, 237638.702, 119220.877,    0.000,
   0.000, 125684.794, 250522.994, 373800.859, 495009.870, 613842.539, 730140.216, 843832.653, 954892.998, 1063312.348, 1169088.129, 1272219.688, 1372706.881, 1470549.680, 1565748.080, 1658302.080, 1748211.680, 1835476.880, 1920097.680, 2002074.080, 2081406.080, 2158093.680, 2232136.880, 2303535.680, 2372290.080, 2438400.080, 2501865.680, 2562686.880, 2620863.680, 2676396.080, 2729284.080, 2779527.680, 2827126.880, 2872081.680, 2914392.080, 2954058.080, 2991079.680, 3025456.880, 3057189.680, 3086278.080, 3112722.080, 3136521.680, 3157676.880, 3176187.680, 3192054.080, 3205276.080, 3215853.680, 3223786.880, 3229075.680, 3231720.080, 3231720.080, 3229075.680, 3223786.880, 3215853.680, 3205276.080, 3192054.080, 3176187.680, 3157676.880, 3136521.680, 3112722.080, 3086278.080, 3057189.680, 3025456.880, 2991079.680, 2954058.080, 2914392.080, 2872081.680, 2827126.880, 2779527.680, 2729284.080, 2676396.080, 2620863.680, 2562686.880, 2501865.680, 2438400.080, 2372290.080, 2303535.680, 2232136.880, 2158093.680, 2081406.080, 2002074.080, 1920097.680, 1835476.880, 1748211.680, 1658302.080, 1565748.080, 1470549.680, 1372706.881, 1272219.688, 1169088.129, 1063312.348, 954892.998, 843832.653, 730140.216, 613842.539, 495009.870, 373800.859, 250522.994, 125684.794,    0.000,
   0.000, 131958.597, 263028.336, 392459.850, 519719.234, 644483.653, 766586.541, 885954.141, 1002558.264, 1116389.562, 1227445.331, 1335724.888, 1441228.081, 1543954.880, 1643905.280, 1741079.280, 1835476.880, 1927098.080, 2015942.880, 2102011.280, 2185303.280, 2265818.880, 2343558.080, 2418520.880, 2490707.280, 2560117.280, 2626750.880, 2690608.080, 2751688.880, 2809993.280, 2865521.280, 2918272.880, 2968248.080, 3015446.880, 3059869.280, 3101515.280, 3140384.880, 3176478.080, 3209794.880, 3240335.280, 3268099.280, 3293086.880, 3315298.080, 3334732.880, 3351391.280, 3365273.280, 3376378.880, 3384708.080, 3390260.880, 3393037.280, 3393037.280, 3390260.880, 3384708.080, 3376378.880, 3365273.280, 3351391.280, 3334732.880, 3315298.080, 3293086.880, 3268099.280, 3240335.280, 3209794.880, 3176478.080, 3140384.880, 3101515.280, 3059869.280, 3015446.880, 2968248.080, 2918272.880, 2865521.280, 2809993.280, 2751688.880, 2690608.080, 2626750.880, 2560117.280, 2490707.280, 2418520.880, 2343558.080, 2265818.880, 2185303.280, 2102011.280, 2015942.880, 1927098.080, 1835476.880, 1741079.280, 1643905.280, 1543954.880, 1441228.081, 1335724.888, 1227445.331, 1116389.562, 1002558.264, 885954.141, 766586.541, 644483.653, 519719.234, 392459.850, 263028.336, 131958.597,    0.000,
   0.000, 138042.284, 275154.729, 410553.416, 543679.829, 674196.249, 801928.431, 926799.220, 1048779.128, 1167858.375, 1284034.133, 1397305.689, 1507672.881, 1615135.680, 1719694.080, 1821348.080, 1920097.680, 2015942.880, 2108883.680, 2198920.080, 2286052.080, 2370279.680, 2451602.880, 2530021.680, 2605536.080, 2678146.080, 2747851.680, 2814652.880, 2878549.680, 2939542.080, 2997630.080, 3052813.680, 3105092.880, 3154467.680, 3200938.080, 3244504.080, 3285165.680, 3322922.880, 3357775.680, 3389724.080, 3418768.080, 3444907.680, 3468142.880, 3488473.680, 3505900.080, 3520422.080, 3532039.680, 3540752.880, 3546561.680, 3549466.080, 3549466.080, 3546561.680, 3540752.880, 3532039.680, 3520422.080, 3505900.080, 3488473.680, 3468142.880, 3444907.680, 3418768.080, 3389724.080, 3357775.680, 3322922.880, 3285165.680, 3244504.080, 3200938.080, 3154467.680, 3105092.880, 3052813.680, 2997630.080, 2939542.080, 2878549.680, 2814652.880, 2747851.680, 2678146.080, 2605536.080, 2530021.680, 2451602.880, 2370279.680, 2286052.080, 2198920.080, 2108883.680, 2015942.880, 1920097.680, 1821348.080, 1719694.080, 1615135.680, 1507672.881, 1397305.689, 1284034.133, 1167858.375, 1048779.128, 926799.220, 801928.431, 674196.249, 543679.829, 410553.416, 275154.729, 138042.284,    0.000,
   0.000, 143935.856, 286902.171, 428081.559, 566891.655, 702980.326, 836165.887, 966367.890, 1093555.589, 1217718.787, 1338854.536, 1456962.089, 1572041.281, 1684092.080, 1793114.480, 1899108.480, 2002074.080, 2102011.280, 2198920.080, 2292800.480, 2383652.480, 2471476.080, 2556271.280, 2638038.080, 2716776.480, 2792486.480, 2865168.080, 2934821.280, 3001446.080, 3065042.480, 3125610.480, 3183150.080, 3237661.280, 3289144.080, 3337598.480, 3383024.480, 3425422.080, 3464791.280, 3501132.080, 3534444.480, 3564728.480, 3591984.080, 3616211.280, 3637410.080, 3655580.480, 3670722.480, 3682836.080, 3691921.280, 3697978.080, 3701006.480, 3701006.480, 3697978.080, 3691921.280, 3682836.080, 3670722.480, 3655580.480, 3637410.080, 3616211.280, 3591984.080, 3564728.480, 3534444.480, 3501132.080, 3464791.280, 3425422.080, 3383024.480, 3337598.480, 3289144.080, 3237661.280, 3183150.080, 3125610.480, 3065042.480, 3001446.080, 2934821.280, 2865168.080, 2792486.480, 2716776.480, 2638038.080, 2556271.280, 2471476.080, 2383652.480, 2292800.480, 2198920.080, 2102011.280, 2002074.080, 1899108.480, 1793114.480, 1684092.080, 1572041.281, 1456962.089, 1338854.536, 1217718.787, 1093555.589, 966367.890, 836165.887, 702980.326, 566891.655, 428081.559, 286902.171, 143935.856,    0.000,
   0.000, 149639.312, 298270.664, 445044.277, 589354.713, 730835.884, 869298.909, 1004660.152, 1136887.649, 1265970.799, 1391906.538, 1514694.089, 1634333.281, 1750824.080, 1864166.480, 1974360.480, 2081406.080, 2185303.280, 2286052.080, 2383652.480, 2478104.480, 2569408.080, 2657563.280, 2742570.080, 2824428.480, 2903138.480, 2978700.080, 3051113.280, 3120378.080, 3186494.480, 3249462.480, 3309282.080, 3365953.280, 3419476.080, 3469850.480, 3517076.480, 3561154.080, 3602083.280, 3639864.080, 3674496.480, 3705980.480, 3734316.080, 3759503.280, 3781542.080, 3800432.480, 3816174.480, 3828768.080, 3838213.280, 3844510.080, 3847658.480, 3847658.480, 3844510.080, 3838213.280, 3828768.080, 3816174.480, 3800432.480, 3781542.080, 3759503.280, 3734316.080, 3705980.480, 3674496.480, 3639864.080, 3602083.280, 3561154.080, 3517076.480, 3469850.480, 3419476.080, 3365953.280, 3309282.080, 3249462.480, 3186494.480, 3120378.080, 3051113.280, 2978700.080, 2903138.480, 2824428.480, 2742570.080, 2657563.280, 2569408.080, 2478104.480, 2383652.480, 2286052.080, 2185303.280, 2081406.080, 1974360.480, 1864166.480, 1750824.080, 1634333.281, 1514694.089, 1391906.538, 1265970.799, 1136887.649, 1004660.152, 869298.909, 730835.884, 589354.713, 445044.277, 298270.664, 149639.312,    0.000,
   0.000, 155152.653, 309260.207, 461441.572, 611069.003, 757762.924, 901327.497, 1041676.005, 1178775.307, 1312614.411, 1443190.140, 1570501.690, 1694548.881, 1815331.680, 1932850.080, 2047104.080, 2158093.680, 2265818.880, 2370279.680, 2471476.080, 2569408.080, 2664075.680, 2755478.880, 2843617.680, 2928492.080, 3010102.080, 3088447.680, 3163528.880, 3235345.680, 3303898.080, 3369186.080, 3431209.680, 3489968.880, 3545463.680, 3597694.080, 3646660.080, 3692361.680, 3734798.880, 3773971.680, 3809880.080, 3842524.080, 3871903.680, 3898018.880, 3920869.680, 3940456.080, 3956778.080, 3969835.680, 3979628.880, 3986157.680, 3989422.080, 3989422.080, 3986157.680, 3979628.880, 3969835.680, 3956778.080, 3940456.080, 3920869.680, 3898018.880, 3871903.680, 3842524.080, 3809880.080, 3773971.680, 3734798.880, 3692361.680, 3646660.080, 3597694.080, 3545463.680, 3489968.880, 3431209.680, 3369186.080, 3303898.080, 3235345.680, 3163528.880, 3088447.680, 3010102.080, 2928492.080, 2843617.680, 2755478.880, 2664075.680, 2569408.080, 2471476.080, 2370279.680, 2265818.880, 2158093.680, 2047104.080, 1932850.080, 1815331.680, 1694548.881, 1570501.690, 1443190.140, 1312614.411, 1178775.307, 1041676.005, 901327.497, 757762.924, 611069.003, 461441.572, 309260.207, 155152.653,    0.000,
   0.000, 160475.880, 319870.801, 477273.443, 632034.523, 783761.445, 932251.651, 1077415.449, 1219218.563, 1357649.622, 1492705.342, 1624384.890, 1752688.081, 1877614.880, 1999165.280, 2117339.280, 2232136.880, 2343558.080, 2451602.880, 2556271.280, 2657563.280, 2755478.880, 2850018.080, 2941180.880, 3028967.280, 3113377.280, 3194410.880, 3272068.080, 3346348.880, 3417253.280, 3484781.280, 3548932.880, 3609708.080, 3667106.880, 3721129.280, 3771775.280, 3819044.880, 3862938.080, 3903454.880, 3940595.280, 3974359.280, 4004746.880, 4031758.080, 4055392.880, 4075651.280, 4092533.280, 4106038.880, 4116168.080, 4122920.880, 4126297.280, 4126297.280, 4122920.880, 4116168.080, 4106038.880, 4092533.280, 4075651.280, 4055392.880, 4031758.080, 4004746.880, 3974359.280, 3940595.280, 3903454.880, 3862938.080, 3819044.880, 3771775.280, 3721129.280, 3667106.880, 3609708.080, 3548932.880, 3484781.280, 3417253.280, 3346348.880, 3272068.080, 3194410.880, 3113377.280, 3028967.280, 2941180.880, 2850018.080, 2755478.880, 2657563.280, 2556271.280, 2451602.880, 2343558.080, 2232136.880, 2117339.280, 1999165.280, 1877614.880, 1752688.081, 1624384.890, 1492705.342, 1357649.622, 1219218.563, 1077415.449, 932251.651, 783761.445, 632034.523, 477273.443, 319870.801, 160475.880,    0.000,
   0.000, 165608.991, 330102.444, 492539.889, 652251.276, 808831.448, 962071.370, 1111878.485, 1258217.417, 1401076.433, 1540452.144, 1676343.690, 1808750.881, 1937673.680, 2063112.080, 2185066.080, 2303535.680, 2418520.880, 2530021.680, 2638038.080, 2742570.080, 2843617.680, 2941180.880, 3035259.680, 3125854.080, 3212964.080, 3296589.680, 3376730.880, 3453387.680, 3526560.080, 3596248.080, 3662451.680, 3725170.880, 3784405.680, 3840156.080, 3892422.080, 3941203.680, 3986500.880, 4028313.680, 4066642.080, 4101486.080, 4132845.680, 4160720.880, 4185111.680, 4206018.080, 4223440.080, 4237377.680, 4247830.880, 4254799.680, 4258284.080, 4258284.080, 4254799.680, 4247830.880, 4237377.680, 4223440.080, 4206018.080, 4185111.680, 4160720.880, 4132845.680, 4101486.080, 4066642.080, 4028313.680, 3986500.880, 3941203.680, 3892422.080, 3840156.080, 3784405.680, 3725170.880, 3662451.680, 3596248.080, 3526560.080, 3453387.680, 3376730.880, 3296589.680, 3212964.080, 3125854.080, 3035259.680, 2941180.880, 2843617.680, 2742570.080, 2638038.080, 2530021.680, 2418520.880, 2303535.680, 2185066.080, 2063112.080, 1937673.680, 1808750.881, 1676343.690, 1540452.144, 1401076.433, 1258217.417, 1111878.485, 962071.370, 808831.448, 652251.276, 492539.889, 330102.444, 165608.991,    0.000,
   0.000, 170551.986, 339955.138, 507240.912, 671719.259, 832972.931, 990786.656, 1145065.112, 1295771.868, 1442894.844, 1586430.546, 1726378.091, 1862737.282, 1995508.080, 2124690.480, 2250284.480, 2372290.080, 2490707.280, 2605536.080, 2716776.480, 2824428.480, 2928492.080, 3028967.280, 3125854.080, 3219152.480, 3308862.480, 3394984.080, 3477517.280, 3556462.080, 3631818.480, 3703586.480, 3771766.080, 3836357.280, 3897360.080, 3954774.480, 4008600.480, 4058838.080, 4105487.280, 4148548.080, 4188020.480, 4223904.480, 4256200.080, 4284907.280, 4310026.080, 4331556.480, 4349498.480, 4363852.080, 4374617.280, 4381794.080, 4385382.480, 4385382.480, 4381794.080, 4374617.280, 4363852.080, 4349498.480, 4331556.480, 4310026.080, 4284907.280, 4256200.080, 4223904.480, 4188020.480, 4148548.080, 4105487.280, 4058838.080, 4008600.480, 3954774.480, 3897360.080, 3836357.280, 3771766.080, 3703586.480, 3631818.480, 3556462.080, 3477517.280, 3394984.080, 3308862.480, 3219152.480, 3125854.080, 3028967.280, 2928492.080, 2824428.480, 2716776.480, 2605536.080, 2490707.280, 2372290.080, 2250284.480, 2124690.480, 1995508.080, 1862737.282, 1726378.091, 1586430.546, 1442894.844, 1295771.868, 1145065.112, 990786.656, 832972.931, 671719.259, 507240.912, 339955.138, 170551.986,    0.000,
   0.000, 175304.867, 349428.882, 521376.511, 690438.474, 856185.897, 1018397.508, 1176975.330, 1331881.918, 1483104.854, 1630640.548, 1774488.091, 1914647.282, 2051118.080, 2183900.480, 2312994.480, 2438400.080, 2560117.280, 2678146.080, 2792486.480, 2903138.480, 3010102.080, 3113377.280, 3212964.080, 3308862.480, 3401072.480, 3489594.080, 3574427.280, 3655572.080, 3733028.480, 3806796.480, 3876876.080, 3943267.280, 4005970.080, 4064984.480, 4120310.480, 4171948.080, 4219897.280, 4264158.080, 4304730.480, 4341614.480, 4374810.080, 4404317.280, 4430136.080, 4452266.480, 4470708.480, 4485462.080, 4496527.280, 4503904.080, 4507592.480, 4507592.480, 4503904.080, 4496527.280, 4485462.080, 4470708.480, 4452266.480, 4430136.080, 4404317.280, 4374810.080, 4341614.480, 4304730.480, 4264158.080, 4219897.280, 4171948.080, 4120310.480, 4064984.480, 4005970.080, 3943267.280, 3876876.080, 3806796.480, 3733028.480, 3655572.080, 3574427.280, 3489594.080, 3401072.480, 3308862.480, 3212964.080, 3113377.280, 3010102.080, 2903138.480, 2792486.480, 2678146.080, 2560117.280, 2438400.080, 2312994.480, 2183900.480, 2051118.080, 1914647.282, 1774488.091, 1630640.548, 1483104.854, 1331881.918, 1176975.330, 1018397.508, 856185.897, 690438.474, 521376.511, 349428.882, 175304.867,    0.000,
   0.000, 179867.632, 358523.676, 534946.686, 708408.920, 878470.343, 1044903.925, 1207609.139, 1366547.566, 1521706.464, 1673082.150, 1820673.691, 1964480.882, 2104503.680, 2240742.080, 2373196.080, 2501865.680, 2626750.880, 2747851.680, 2865168.080, 2978700.080, 3088447.680, 3194410.880, 3296589.680, 3394984.080, 3489594.080, 3580419.680, 3667460.880, 3750717.680, 3830190.080, 3905878.080, 3977781.680, 4045900.880, 4110235.680, 4170786.080, 4227552.080, 4280533.680, 4329730.880, 4375143.680, 4416772.080, 4454616.080, 4488675.680, 4518950.880, 4545441.680, 4568148.080, 4587070.080, 4602207.680, 4613560.880, 4621129.680, 4624914.080, 4624914.080, 4621129.680, 4613560.880, 4602207.680, 4587070.080, 4568148.080, 4545441.680, 4518950.880, 4488675.680, 4454616.080, 4416772.080, 4375143.680, 4329730.880, 4280533.680, 4227552.080, 4170786.080, 4110235.680, 4045900.880, 3977781.680, 3905878.080, 3830190.080, 3750717.680, 3667460.880, 3580419.680, 3489594.080, 3394984.080, 3296589.680, 3194410.880, 3088447.680, 2978700.080, 2865168.080, 2747851.680, 2626750.880, 2501865.680, 2373196.080, 2240742.080, 2104503.680, 1964480.882, 1820673.691, 1673082.150, 1521706.464, 1366547.566, 1207609.139, 1044903.925, 878470.343, 708408.920, 534946.686, 358523.676, 179867.632,    0.000,
   0.000, 184240.282, 367239.521, 547951.437, 725630.598, 899826.272, 1070305.909, 1236966.540, 1399768.812, 1558699.673, 1713755.351, 1864934.892, 2012238.082, 2155664.880, 2295215.280, 2430889.280, 2562686.880, 2690608.080, 2814652.880, 2934821.280, 3051113.280, 3163528.880, 3272068.080, 3376730.880, 3477517.280, 3574427.280, 3667460.880, 3756618.080, 3841898.880, 3923303.280, 4000831.280, 4074482.880, 4144258.080, 4210156.880, 4272179.280, 4330325.280, 4384594.880, 4434988.080, 4481504.880, 4524145.280, 4562909.280, 4597796.880, 4628808.080, 4655942.880, 4679201.280, 4698583.280, 4714088.880, 4725718.080, 4733470.880, 4737347.280, 4737347.280, 4733470.880, 4725718.080, 4714088.880, 4698583.280, 4679201.280, 4655942.880, 4628808.080, 4597796.880, 4562909.280, 4524145.280, 4481504.880, 4434988.080, 4384594.880, 4330325.280, 4272179.280, 4210156.880, 4144258.080, 4074482.880, 4000831.280, 3923303.280, 3841898.880, 3756618.080, 3667460.880, 3574427.280, 3477517.280, 3376730.880, 3272068.080, 3163528.880, 3051113.280, 2934821.280, 2814652.880, 2690608.080, 2562686.880, 2430889.280, 2295215.280, 2155664.880, 2012238.082, 1864934.892, 1713755.351, 1558699.673, 1399768.812, 1236966.540, 1070305.909, 899826.272, 725630.598, 547951.437, 367239.521, 184240.282,    0.000,
   0.000, 188422.817, 375576.416, 560390.764, 742103.507, 920253.681, 1094603.458, 1265047.532, 1431545.656, 1594084.482, 1752660.153, 1907271.692, 2057918.882, 2204601.680, 2347320.080, 2486074.080, 2620863.680, 2751688.880, 2878549.680, 3001446.080, 3120378.080, 3235345.680, 3346348.880, 3453387.680, 3556462.080, 3655572.080, 3750717.680, 3841898.880, 3929115.680, 4012368.080, 4091656.080, 4166979.680, 4238338.880, 4305733.680, 4369164.080, 4428630.080, 4484131.680, 4535668.880, 4583241.680, 4626850.080, 4666494.080, 4702173.680, 4733888.880, 4761639.680, 4785426.080, 4805248.080, 4821105.680, 4832998.880, 4840927.680, 4844892.080, 4844892.080, 4840927.680, 4832998.880, 4821105.680, 4805248.080, 4785426.080, 4761639.680, 4733888.880, 4702173.680, 4666494.080, 4626850.080, 4583241.680, 4535668.880, 4484131.680, 4428630.080, 4369164.080, 4305733.680, 4238338.880, 4166979.680, 4091656.080, 4012368.080, 3929115.680, 3841898.880, 3750717.680, 3655572.080, 3556462.080, 3453387.680, 3346348.880, 3235345.680, 3120378.080, 3001446.080, 2878549.680, 2751688.880, 2620863.680, 2486074.080, 2347320.080, 2204601.680, 2057918.882, 1907271.692, 1752660.153, 1594084.482, 1431545.656, 1265047.532, 1094603.458, 920253.681, 742103.507, 560390.764, 375576.416, 188422.817,    0.000,
   0.000, 192415.237, 383534.361, 572264.667, 757827.648, 939752.572, 1117796.574, 1291852.115, 1461878.097, 1627860.891, 1789796.554, 1947684.092, 2101523.282, 2251314.080, 2397056.480, 2538750.480, 2676396.080, 2809993.280, 2939542.080, 3065042.480, 3186494.480, 3303898.080, 3417253.280, 3526560.080, 3631818.480, 3733028.480, 3830190.080, 3923303.280, 4012368.080, 4097384.480, 4178352.480, 4255272.080, 4328143.280, 4396966.080, 4461740.480, 4522466.480, 4579144.080, 4631773.280, 4680354.080, 4724886.480, 4765370.480, 4801806.080, 4834193.280, 4862532.080, 4886822.480, 4907064.480, 4923258.080, 4935403.280, 4943500.080, 4947548.480, 4947548.480, 4943500.080, 4935403.280, 4923258.080, 4907064.480, 4886822.480, 4862532.080, 4834193.280, 4801806.080, 4765370.480, 4724886.480, 4680354.080, 4631773.280, 4579144.080, 4522466.480, 4461740.480, 4396966.080, 4328143.280, 4255272.080, 4178352.480, 4097384.480, 4012368.080, 3923303.280, 3830190.080, 3733028.480, 3631818.480, 3526560.080, 3417253.280, 3303898.080, 3186494.480, 3065042.480, 2939542.080, 2809993.280, 2676396.080, 2538750.480, 2397056.480, 2251314.080, 2101523.282, 1947684.092, 1789796.554, 1627860.891, 1461878.097, 1291852.115, 1117796.574, 939752.572, 757827.648, 572264.667, 383534.361, 192415.237,    0.000,
   0.000, 196217.541, 391113.356, 583573.146, 772803.020, 958322.944, 1139885.255, 1317380.290, 1490766.137, 1660028.899, 1825164.556, 1986172.092, 2143051.282, 2295802.080, 2444424.480, 2588918.480, 2729284.080, 2865521.280, 2997630.080, 3125610.480, 3249462.480, 3369186.080, 3484781.280, 3596248.080, 3703586.480, 3806796.480, 3905878.080, 4000831.280, 4091656.080, 4178352.480, 4260920.480, 4339360.080, 4413671.280, 4483854.080, 4549908.480, 4611834.480, 4669632.080, 4723301.280, 4772842.080, 4818254.480, 4859538.480, 4896694.080, 4929721.280, 4958620.080, 4983390.480, 5004032.480, 5020546.080, 5032931.280, 5041188.080, 5045316.480, 5045316.480, 5041188.080, 5032931.280, 5020546.080, 5004032.480, 4983390.480, 4958620.080, 4929721.280, 4896694.080, 4859538.480, 4818254.480, 4772842.080, 4723301.280, 4669632.080, 4611834.480, 4549908.480, 4483854.080, 4413671.280, 4339360.080, 4260920.480, 4178352.480, 4091656.080, 4000831.280, 3905878.080, 3806796.480, 3703586.480, 3596248.080, 3484781.280, 3369186.080, 3249462.480, 3125610.480, 2997630.080, 2865521.280, 2729284.080, 2588918.480, 2444424.480, 2295802.080, 2143051.282, 1986172.092, 1825164.556, 1660028.899, 1490766.137, 1317380.290, 1139885.255, 958322.944, 772803.020, 583573.146, 391113.356, 196217.541,    0.000,
