   0.000,    0.000,    0.000,    0.000,    0.000,    0.000,    0.000,    0.000,    0.000,    0.000,    0.000,    0.000,    0.000,    0.000,    0.000,    0.000,    0.000,    0.000,    0.000,    0.000,    0.000,    0.000,    0.000,    0.000,    0.000,    0.000,    0.000,    0.000,    0.000,    0.000,    0.000,    0.000,    0.000,    0.000,    0.000,    0.000,    0.000,    0.000,    0.000,    0.000,    0.000,    0.000,    0.000,    0.000,    0.000,    0.000,    0.000,    0.000,    0.000,    0.000,    0.000,    0.000,    0.000,    0.000,    0.000,    0.000,    0.000,    0.000,    0.000,    0.000,    0.000,    0.000,    0.000,    0.000,    0.000,    0.000,    0.000,    0.000,    0.000,    0.000,    0.000,    0.000,    0.000,    0.000,    0.000,    0.000,    0.000,    0.000,    0.000,    0.000,    0.000,    0.000,    0.000,    0.000,    0.000,    0.000,    0.000,    0.000,    0.000,    0.000,    0.000,    0.000,    0.000,    0.000,    0.000,    0.000,    0.000,    0.000,    0.000,    0.000,
   0.000, 9347.085, 18591.129, 27671.222, 36564.657, 45265.807, 53773.716, 62088.273, 70209.469, 78137.303, 85871.775, 93412.885, 100760.633, 107915.020, 114876.045, 121643.708, 128218.009, 134598.948, 140786.526, 146780.741, 152581.595, 158189.088, 163603.218, 168823.987, 173851.393, 178685.438, 183326.122, 187773.443, 192027.403, 196088.000, 199955.236, 203629.111, 207109.623, 210396.774, 213490.562, 216390.989, 219098.055, 221611.758, 223932.100, 226059.079, 227992.697, 229732.954, 231279.848, 232633.381, 233793.551, 234760.360, 235533.808, 236113.893, 236500.617, 236693.978, 236693.978, 236500.617, 236113.893, 235533.808, 234760.360, 233793.551, 232633.381, 231279.848, 229732.954, 227992.697, 226059.079, 223932.100, 221611.758, 219098.055, 216390.989, 213490.562, 210396.774, 207109.623, 203629.111, 199955.236, 196088.000, 192027.403, 187773.443, 183326.122, 178685.438, 173851.393, 168823.987, 163603.218, 158189.088, 152581.595, 146780.741, 140786.526, 134598.948, 128218.009, 121643.708, 114876.045, 107915.020, 100760.633, 93412.885, 85871.775, 78137.303, 70209.469, 62088.273, 53773.716, 45265.807, 36564.657, 27671.222, 18591.129, 9347.085,    0.000,
   0.000, 18591.129, 36977.290, 55037.342, 72726.129, 90032.463, 106954.448, 123491.861, 139644.683, 155412.914, 170796.555, 185795.604, 200410.063, 214639.930, 228485.206, 241945.892, 255021.986, 267713.489, 280020.402, 291942.723, 303480.453, 314633.593, 325402.141, 335786.098, 345785.464, 355400.240, 364630.424, 373476.017, 381937.019, 390013.431, 397705.251, 405012.480, 411935.118, 418473.165, 424626.622, 430395.487, 435779.761, 440779.444, 445394.536, 449625.037, 453470.947, 456932.266, 460008.994, 462701.132, 465008.678, 466931.633, 468469.997, 469623.770, 470392.952, 470777.543, 470777.543, 470392.952, 469623.770, 468469.997, 466931.633, 465008.678, 462701.132, 460008.994, 456932.266, 453470.947, 449625.037, 445394.536, 440779.444, 435779.761, 430395.487, 424626.622, 418473.165, 411935.118, 405012.480, 397705.251, 390013.431, 381937.019, 373476.017, 364630.424, 355400.240, 345785.464, 335786.098, 325402.141, 314633.593, 303480.453, 291942.723, 280020.402, 267713.489, 255021.986, 241945.892, 228485.206, 214639.930, 200410.063, 185795.604, 170796.555, 155412.914, 139644.683, 123491.861, 106954.448, 90032.463, 72726.129, 55037.342, 36977.290, 18591.129,    0.000,
   0.000, 27671.222, 55037.342, 81918.054, 108246.164, 134005.027, 159191.821, 183806.215, 207848.182, 231317.722, 254214.834, 276539.518, 298291.774, 319471.602, 340079.003, 360113.976, 379576.521, 398466.638, 416784.328, 434529.589, 451702.423, 468302.829, 484330.808, 499786.358, 514669.481, 528980.176, 542718.443, 555884.282, 568477.694, 580498.677, 591947.233, 602823.361, 613127.062, 622858.334, 632017.179, 640603.596, 648617.585, 656059.146, 662928.280, 669224.986, 674949.264, 680101.114, 684680.536, 688687.531, 692122.098, 694984.236, 697273.948, 698991.231, 700136.087, 700708.514, 700708.514, 700136.087, 698991.231, 697273.948, 694984.236, 692122.098, 688687.531, 684680.536, 680101.114, 674949.264, 669224.986, 662928.280, 656059.146, 648617.585, 640603.596, 632017.179, 622858.334, 613127.062, 602823.361, 591947.233, 580498.677, 568477.694, 555884.282, 542718.443, 528980.176, 514669.481, 499786.358, 484330.808, 468302.829, 451702.423, 434529.589, 416784.328, 398466.638, 379576.521, 360113.976, 340079.003, 319471.602, 298291.774, 276539.518, 254214.834, 231317.722, 207848.182, 183806.215, 159191.821, 134005.027, 108246.164, 81918.054, 55037.342, 27671.222,    0.000,
   0.000, 36564.657, 72726.129, 108246.164, 143035.985, 177073.604, 210355.294, 242880.617, 274649.539, 305662.059, 335918.176, 365417.889, 394161.200, 422148.108, 449378.613, 475852.715, 501570.414, 526531.710, 550736.603, 574185.094, 596877.181, 618812.866, 639992.147, 660415.026, 680081.502, 698991.574, 717145.244, 734542.511, 751183.376, 767067.837, 782195.895, 796567.550, 810182.803, 823041.652, 835144.099, 846490.143, 857079.784, 866913.021, 875989.856, 884310.288, 891874.318, 898681.944, 904733.167, 910027.988, 914566.405, 918348.420, 921374.031, 923643.240, 925156.046, 925912.449, 925912.449, 925156.046, 923643.240, 921374.031, 918348.420, 914566.405, 910027.988, 904733.167, 898681.944, 891874.318, 884310.288, 875989.856, 866913.021, 857079.784, 846490.143, 835144.099, 823041.652, 810182.803, 796567.550, 782195.895, 767067.837, 751183.376, 734542.511, 717145.244, 698991.574, 680081.502, 660415.026, 639992.147, 618812.866, 596877.181, 574185.094, 550736.603, 526531.710, 501570.414, 475852.715, 449378.613, 422148.108, 394161.200, 365417.889, 335918.176, 305662.059, 274649.539, 242880.617, 210355.294, 177073.604, 143035.985, 108246.164, 72726.129, 36564.657,    0.000,
   0.000, 45265.807, 90032.463, 134005.027, 177073.604, 219210.980, 260412.542, 300677.749, 340006.558, 378398.967, 415854.975, 452374.584, 487957.792, 522604.600, 556315.007, 589089.015, 620926.622, 651827.829, 681792.636, 710821.043, 738913.049, 766068.655, 792287.861, 817570.667, 841917.073, 865327.078, 887800.683, 909337.888, 929938.693, 949603.097, 968331.101, 986122.705, 1002977.909, 1018896.713, 1033879.116, 1047925.120, 1061034.723, 1073207.925, 1084444.728, 1094745.130, 1104109.132, 1112536.734, 1120027.936, 1126582.738, 1132201.139, 1136883.140, 1140628.741, 1143437.941, 1145310.742, 1146247.142, 1146247.142, 1145310.742, 1143437.941, 1140628.741, 1136883.140, 1132201.139, 1126582.738, 1120027.936, 1112536.734, 1104109.132, 1094745.130, 1084444.728, 1073207.925, 1061034.723, 1047925.120, 1033879.116, 1018896.713, 1002977.909, 986122.705, 968331.101, 949603.097, 929938.693, 909337.888, 887800.683, 865327.078, 841917.073, 817570.667, 792287.861, 766068.655, 738913.049, 710821.043, 681792.636, 651827.829, 620926.622, 589089.015, 556315.007, 522604.600, 487957.792, 452374.584, 415854.975, 378398.967, 340006.558, 300677.749, 260412.542, 219210.980, 177073.604, 134005.027, 90032.463, 45265.807,    0.000,
   0.000, 53773.716, 106954.448, 159191.821, 210355.294, 260412.542, 309358.086, 357191.283, 403912.084, 449520.484, 494016.485, 537400.085, 579671.285, 620830.086, 660876.486, 699810.487, 737632.087, 774341.287, 809938.088, 844422.488, 877794.488, 910054.089, 941201.289, 971236.089, 1000158.489, 1027968.490, 1054666.090, 1080251.290, 1104724.090, 1128084.491, 1150332.491, 1171468.091, 1191491.291, 1210402.091, 1228200.492, 1244886.492, 1260460.092, 1274921.292, 1288270.092, 1300506.492, 1311630.492, 1321642.092, 1330541.292, 1338328.093, 1345002.493, 1350564.493, 1355014.093, 1358351.293, 1360576.093, 1361688.493, 1361688.493, 1360576.093, 1358351.293, 1355014.093, 1350564.493, 1345002.493, 1338328.093, 1330541.292, 1321642.092, 1311630.492, 1300506.492, 1288270.092, 1274921.292, 1260460.092, 1244886.492, 1228200.492, 1210402.091, 1191491.291, 1171468.091, 1150332.491, 1128084.491, 1104724.090, 1080251.290, 1054666.090, 1027968.490, 1000158.489, 971236.089, 941201.289, 910054.089, 877794.488, 844422.488, 809938.088, 774341.287, 737632.087, 699810.487, 660876.486, 620830.086, 579671.285, 537400.085, 494016.485, 449520.484, 403912.084, 357191.283, 309358.086, 260412.542, 210355.294, 159191.821, 106954.448, 53773.716,    0.000,
   0.000, 62088.273, 123491.861, 183806.215, 242880.617, 300677.749, 357191.283, 412420.480, 466365.280, 519025.680, 570401.680, 620493.280, 669300.480, 716823.280, 763061.680, 808015.680, 851685.280, 894070.480, 935171.280, 974987.680, 1013519.680, 1050767.280, 1086730.480, 1121409.280, 1154803.680, 1186913.680, 1217739.280, 1247280.480, 1275537.280, 1302509.680, 1328197.680, 1352601.280, 1375720.480, 1397555.280, 1418105.680, 1437371.680, 1455353.280, 1472050.480, 1487463.280, 1501591.680, 1514435.680, 1525995.280, 1536270.480, 1545261.280, 1552967.680, 1559389.680, 1564527.280, 1568380.480, 1570949.280, 1572233.680, 1572233.680, 1570949.280, 1568380.480, 1564527.280, 1559389.680, 1552967.680, 1545261.280, 1536270.480, 1525995.280, 1514435.680, 1501591.680, 1487463.280, 1472050.480, 1455353.280, 1437371.680, 1418105.680, 1397555.280, 1375720.480, 1352601.280, 1328197.680, 1302509.680, 1275537.280, 1247280.480, 1217739.280, 1186913.680, 1154803.680, 1121409.280, 1086730.480, 1050767.280, 1013519.680, 974987.680, 935171.280, 894070.480, 851685.280, 808015.680, 763061.680, 716823.280, 669300.480, 620493.280, 570401.680, 519025.680, 466365.280, 412420.480, 357191.283, 300677.749, 242880.617, 183806.215, 123491.861, 62088.273,    0.000,
   0.000, 70209.469, 139644.683, 207848.182, 274649.539, 340006.558, 403912.084, 466365.280, 527366.080, 586914.480, 645010.480, 701654.080, 756845.280, 810584.080, 862870.480, 913704.480, 963086.080, 1011015.280, 1057492.080, 1102516.480, 1146088.480, 1188208.080, 1228875.280, 1268090.080, 1305852.480, 1342162.480, 1377020.080, 1410425.280, 1442378.080, 1472878.480, 1501926.480, 1529522.080, 1555665.280, 1580356.080, 1603594.480, 1625380.480, 1645714.080, 1664595.280, 1682024.080, 1698000.480, 1712524.480, 1725596.080, 1737215.280, 1747382.080, 1756096.480, 1763358.480, 1769168.080, 1773525.280, 1776430.080, 1777882.480, 1777882.480, 1776430.080, 1773525.280, 1769168.080, 1763358.480, 1756096.480, 1747382.080, 1737215.280, 1725596.080, 1712524.480, 1698000.480, 1682024.080, 1664595.280, 1645714.080, 1625380.480, 1603594.480, 1580356.080, 1555665.280, 1529522.080, 1501926.480, 1472878.480, 1442378.080, 1410425.280, 1377020.080, 1342162.480, 1305852.480, 1268090.080, 1228875.280, 1188208.080, 1146088.480, 1102516.480, 1057492.080, 1011015.280, 963086.080, 913704.480, 862870.480, 810584.080, 756845.280, 701654.080, 645010.480, 586914.480, 527366.080, 466365.280, 403912.084, 340006.558, 274649.539, 207848.182, 139644.683, 70209.469,    0.000,
   0.000, 78137.303, 155412.914, 231317.722, 305662.059, 378398.967, 449520.484, 519025.680, 586914.480, 653186.880, 717842.880, 780882.480, 842305.680, 902112.480, 960302.880, 1016876.880, 1071834.480, 1125175.680, 1176900.480, 1227008.880, 1275500.880, 1322376.480, 1367635.680, 1411278.480, 1453304.880, 1493714.880, 1532508.480, 1569685.680, 1605246.480, 1639190.880, 1671518.880, 1702230.480, 1731325.680, 1758804.480, 1784666.880, 1808912.880, 1831542.480, 1852555.680, 1871952.480, 1889732.880, 1905896.880, 1920444.480, 1933375.680, 1944690.480, 1954388.880, 1962470.880, 1968936.480, 1973785.680, 1977018.480, 1978634.880, 1978634.880, 1977018.480, 1973785.680, 1968936.480, 1962470.880, 1954388.880, 1944690.480, 1933375.680, 1920444.480, 1905896.880, 1889732.880, 1871952.480, 1852555.680, 1831542.480, 1808912.880, 1784666.880, 1758804.480, 1731325.680, 1702230.480, 1671518.880, 1639190.880, 1605246.480, 1569685.680, 1532508.480, 1493714.880, 1453304.880, 1411278.480, 1367635.680, 1322376.480, 1275500.880, 1227008.880, 1176900.480, 1125175.680, 1071834.480, 1016876.880, 960302.880, 902112.480, 842305.680, 780882.480, 717842.880, 653186.880, 586914.480, 519025.680, 449520.484, 378398.967, 305662.059, 231317.722, 155412.914, 78137.303,    0.000,
   0.000, 85871.775, 170796.555, 254214.834, 335918.176, 415854.975, 494016.485, 570401.680, 645010.480, 717842.880, 788898.880, 858178.480, 925681.680, 991408.480, 1055358.880, 1117532.880, 1177930.480, 1236551.680, 1293396.480, 1348464.880, 1401756.880, 1453272.480, 1503011.680, 1550974.480, 1597160.880, 1641570.880, 1684204.480, 1725061.680, 1764142.480, 1801446.880, 1836974.880, 1870726.480, 1902701.680, 1932900.480, 1961322.880, 1987968.880, 2012838.480, 2035931.680, 2057248.480, 2076788.880, 2094552.880, 2110540.480, 2124751.680, 2137186.480, 2147844.880, 2156726.880, 2163832.480, 2169161.680, 2172714.480, 2174490.880, 2174490.880, 2172714.480, 2169161.680, 2163832.480, 2156726.880, 2147844.880, 2137186.480, 2124751.680, 2110540.480, 2094552.880, 2076788.880, 2057248.480, 2035931.680, 2012838.480, 1987968.880, 1961322.880, 1932900.480, 1902701.680, 1870726.480, 1836974.880, 1801446.880, 1764142.480, 1725061.680, 1684204.480, 1641570.880, 1597160.880, 1550974.480, 1503011.680, 1453272.480, 1401756.880, 1348464.880, 1293396.480, 1236551.680, 1177930.480, 1117532.880, 1055358.880, 991408.480, 925681.680, 858178.480, 788898.880, 717842.880, 645010.480, 570401.680, 494016.485, 415854.975, 335918.176, 254214.834, 170796.555, 85871.775,    0.000,
   0.000, 93412.885, 185795.604, 276539.518, 365417.889, 452374.584, 537400.085, 620493.280, 701654.080, 780882.480, 858178.480, 933542.080, 1006973.280, 1078472.080, 1148038.480, 1215672.480, 1281374.080, 1345143.280, 1406980.080, 1466884.480, 1524856.480, 1580896.080, 1635003.280, 1687178.080, 1737420.480, 1785730.480, 1832108.080, 1876553.280, 1919066.080, 1959646.480, 1998294.480, 2035010.080, 2069793.280, 2102644.080, 2133562.480, 2162548.480, 2189602.080, 2214723.280, 2237912.080, 2259168.480, 2278492.480, 2295884.080, 2311343.280, 2324870.080, 2336464.480, 2346126.480, 2353856.080, 2359653.280, 2363518.080, 2365450.480, 2365450.480, 2363518.080, 2359653.280, 2353856.080, 2346126.480, 2336464.480, 2324870.080, 2311343.280, 2295884.080, 2278492.480, 2259168.480, 2237912.080, 2214723.280, 2189602.080, 2162548.480, 2133562.480, 2102644.080, 2069793.280, 2035010.080, 1998294.480, 1959646.480, 1919066.080, 1876553.280, 1832108.080, 1785730.480, 1737420.480, 1687178.080, 1635003.280, 1580896.080, 1524856.480, 1466884.480, 1406980.080, 1345143.280, 1281374.080, 1215672.480, 1148038.480, 1078472.080, 1006973.280, 933542.080, 858178.480, 780882.480, 701654.080, 620493.280, 537400.085, 452374.584, 365417.889, 276539.518, 185795.604, 93412.885,    0.000,
   0.000, 100760.633, 200410.063, 298291.774, 394161.200, 487957.792, 579671.285, 669300.480, 756845.280, 842305.680, 925681.680, 1006973.280, 1086180.480, 1163303.280, 1238341.680, 1311295.680, 1382165.280, 1450950.480, 1517651.280, 1582267.680, 1644799.680, 1705247.280, 1763610.480, 1819889.280, 1874083.680, 1926193.680, 1976219.280, 2024160.480, 2070017.280, 2113789.680, 2155477.680, 2195081.280, 2232600.480, 2268035.280, 2301385.680, 2332651.680, 2361833.280, 2388930.480, 2413943.280, 2436871.680, 2457715.680, 2476475.280, 2493150.480, 2507741.280, 2520247.680, 2530669.680, 2539007.280, 2545260.480, 2549429.280, 2551513.680, 2551513.680, 2549429.280, 2545260.480, 2539007.280, 2530669.680, 2520247.680, 2507741.280, 2493150.480, 2476475.280, 2457715.680, 2436871.680, 2413943.280, 2388930.480, 2361833.280, 2332651.680, 2301385.680, 2268035.280, 2232600.480, 2195081.280, 2155477.680, 2113789.680, 2070017.280, 2024160.480, 1976219.280, 1926193.680, 1874083.680, 1819889.280, 1763610.480, 1705247.280, 1644799.680, 1582267.680, 1517651.280, 1450950.480, 1382165.280, 1311295.680, 1238341.680, 1163303.280, 1086180.480, 1006973.280, 925681.680, 842305.680, 756845.280, 669300.480, 579671.285, 487957.792, 394161.200, 298291.774, 200410.063, 100760.633,    0.000,
   0.000, 107915.020, 214639.930, 319471.602, 422148.108, 522604.600, 620830.086, 716823.280, 810584.080, 902112.480, 991408.480, 1078472.080, 1163303.280, 1245902.080, 1326268.480, 1404402.480, 1480304.080, 1553973.280, 1625410.080, 1694614.480, 1761586.480, 1826326.080, 1888833.280, 1949108.080, 2007150.480, 2062960.480, 2116538.080, 2167883.280, 2216996.080, 2263876.480, 2308524.480, 2350940.080, 2391123.280, 2429074.080, 2464792.480, 2498278.480, 2529532.080, 2558553.280, 2585342.080, 2609898.480, 2632222.480, 2652314.080, 2670173.280, 2685800.080, 2699194.480, 2710356.480, 2719286.080, 2725983.280, 2730448.080, 2732680.480, 2732680.480, 2730448.080, 2725983.280, 2719286.080, 2710356.480, 2699194.480, 2685800.080, 2670173.280, 2652314.080, 2632222.480, 2609898.480, 2585342.080, 2558553.280, 2529532.080, 2498278.480, 2464792.480, 2429074.080, 2391123.280, 2350940.080, 2308524.480, 2263876.480, 2216996.080, 2167883.280, 2116538.080, 2062960.480, 2007150.480, 1949108.080, 1888833.280, 1826326.080, 1761586.480, 1694614.480, 1625410.080, 1553973.280, 1480304.080, 1404402.480, 1326268.480, 1245902.080, 1163303.280, 1078472.080, 991408.480, 902112.480, 810584.080, 716823.280, 620830.086, 522604.600, 422148.108, 319471.602, 214639.930, 107915.020,    0.000,
   0.000, 114876.045, 228485.206, 340079.003, 449378.613, 556315.007, 660876.486, 763061.680, 862870.480, 960302.880, 1055358.880, 1148038.480, 1238341.680, 1326268.480, 1411818.880, 1494992.880, 1575790.480, 1654211.680, 1730256.480, 1803924.880, 1875216.880, 1944132.480, 2010671.680, 2074834.480, 2136620.880, 2196030.880, 2253064.480, 2307721.680, 2360002.480, 2409906.880, 2457434.880, 2502586.480, 2545361.680, 2585760.480, 2623782.880, 2659428.880, 2692698.480, 2723591.680, 2752108.480, 2778248.880, 2802012.880, 2823400.480, 2842411.680, 2859046.480, 2873304.880, 2885186.880, 2894692.480, 2901821.680, 2906574.480, 2908950.880, 2908950.880, 2906574.480, 2901821.680, 2894692.480, 2885186.880, 2873304.880, 2859046.480, 2842411.680, 2823400.480, 2802012.880, 2778248.880, 2752108.480, 2723591.680, 2692698.480, 2659428.880, 2623782.880, 2585760.480, 2545361.680, 2502586.480, 2457434.880, 2409906.880, 2360002.480, 2307721.680, 2253064.480, 2196030.880, 2136620.880, 2074834.480, 2010671.680, 1944132.480, 1875216.880, 1803924.880, 1730256.480, 1654211.680, 1575790.480, 1494992.880, 1411818.880, 1326268.480, 1238341.680, 1148038.480, 1055358.880, 960302.880, 862870.480, 763061.680, 660876.486, 556315.007, 449378.613, 340079.003, 228485.206, 114876.045,    0.000,
   0.000, 121643.708, 241945.892, 360113.976, 475852.715, 589089.015, 699810.487, 808015.680, 913704.480, 1016876.880, 1117532.880, 1215672.480, 1311295.680, 1404402.480, 1494992.880, 1583066.880, 1668624.480, 1751665.680, 1832190.480, 1910198.880, 1985690.880, 2058666.480, 2129125.680, 2197068.480, 2262494.880, 2325404.880, 2385798.480, 2443675.680, 2499036.480, 2551880.880, 2602208.880, 2650020.480, 2695315.680, 2738094.480, 2778356.880, 2816102.880, 2851332.480, 2884045.680, 2914242.480, 2941922.880, 2967086.880, 2989734.480, 3009865.680, 3027480.480, 3042578.880, 3055160.880, 3065226.480, 3072775.680, 3077808.480, 3080324.880, 3080324.880, 3077808.480, 3072775.680, 3065226.480, 3055160.880, 3042578.880, 3027480.480, 3009865.680, 2989734.480, 2967086.880, 2941922.880, 2914242.480, 2884045.680, 2851332.480, 2816102.880, 2778356.880, 2738094.480, 2695315.680, 2650020.480, 2602208.880, 2551880.880, 2499036.480, 2443675.680, 2385798.480, 2325404.880, 2262494.880, 2197068.480, 2129125.680, 2058666.480, 1985690.880, 1910198.880, 1832190.480, 1751665.680, 1668624.480, 1583066.880, 1494992.880, 1404402.480, 1311295.680, 1215672.480, 1117532.880, 1016876.880, 913704.480, 808015.680, 699810.487, 589089.015, 475852.715, 360113.976, 241945.892, 121643.708,    0.000,
   0.000, 128218.009, 255021.986, 379576.521, 501570.414, 620926.622, 737632.087, 851685.280, 963086.080, 1071834.480, 1177930.480, 1281374.080, 1382165.280, 1480304.080, 1575790.480, 1668624.480, 1758806.080, 1846335.280, 1931212.080, 2013436.480, 2093008.480, 2169928.080, 2244195.280, 2315810.080, 2384772.480, 2451082.480, 2514740.080, 2575745.280, 2634098.080, 2689798.480, 2742846.480, 2793242.080, 2840985.280, 2886076.080, 2928514.480, 2968300.480, 3005434.080, 3039915.280, 3071744.080, 3100920.480, 3127444.480, 3151316.080, 3172535.280, 3191102.080, 3207016.480, 3220278.480, 3230888.080, 3238845.280, 3244150.080, 3246802.480, 3246802.480, 3244150.080, 3238845.280, 3230888.080, 3220278.480, 3207016.480, 3191102.080, 3172535.280, 3151316.080, 3127444.480, 3100920.480, 3071744.080, 3039915.280, 3005434.080, 2968300.480, 2928514.480, 2886076.080, 2840985.280, 2793242.080, 2742846.480, 2689798.480, 2634098.080, 2575745.280, 2514740.080, 2451082.480, 2384772.480, 2315810.080, 2244195.280, 2169928.080, 2093008.480, 2013436.480, 1931212.080, 1846335.280, 1758806.080, 1668624.480, 1575790.480, 1480304.080, 1382165.280, 1281374.080, 1177930.480, 1071834.480, 963086.080, 851685.280, 737632.087, 620926.622, 501570.414, 379576.521, 255021.986, 128218.009,    0.000,
   0.000, 134598.948, 267713.489, 398466.638, 526531.710, 651827.829, 774341.287, 894070.480, 1011015.280, 1125175.680, 1236551.680, 1345143.280, 1450950.480, 1553973.280, 1654211.680, 1751665.680, 1846335.280, 1938220.480, 2027321.280, 2113637.680, 2197169.680, 2277917.280, 2355880.480, 2431059.280, 2503453.680, 2573063.680, 2639889.280, 2703930.480, 2765187.280, 2823659.680, 2879347.680, 2932251.280, 2982370.480, 3029705.280, 3074255.680, 3116021.680, 3155003.280, 3191200.480, 3224613.280, 3255241.680, 3283085.680, 3308145.280, 3330420.480, 3349911.280, 3366617.680, 3380539.680, 3391677.280, 3400030.480, 3405599.280, 3408383.680, 3408383.680, 3405599.280, 3400030.480, 3391677.280, 3380539.680, 3366617.680, 3349911.280, 3330420.480, 3308145.280, 3283085.680, 3255241.680, 3224613.280, 3191200.480, 3155003.280, 3116021.680, 3074255.680, 3029705.280, 2982370.480, 2932251.280, 2879347.680, 2823659.680, 2765187.280, 2703930.480, 2639889.280, 2573063.680, 2503453.680, 2431059.280, 2355880.480, 2277917.280, 2197169.680, 2113637.680, 2027321.280, 1938220.480, 1846335.280, 1751665.680, 1654211.680, 1553973.280, 1450950.480, 1345143.280, 1236551.680, 1125175.680, 1011015.280, 894070.480, 774341.287, 651827.829, 526531.710, 398466.638, 267713.489, 134598.948,    0.000,
   0.000, 140786.526, 280020.402, 416784.328, 550736.603, 681792.636, 809938.088, 935171.280, 1057492.080, 1176900.480, 1293396.480, 1406980.080, 1517651.280, 1625410.080, 1730256.480, 1832190.480, 1931212.080, 2027321.280, 2120518.080, 2210802.480, 2298174.480, 2382634.080, 2464181.280, 2542816.080, 2618538.480, 2691348.480, 2761246.080, 2828231.280, 2892304.080, 2953464.480, 3011712.480, 3067048.080, 3119471.280, 3168982.080, 3215580.480, 3259266.480, 3300040.080, 3337901.280, 3372850.080, 3404886.480, 3434010.480, 3460222.080, 3483521.280, 3503908.080, 3521382.480, 3535944.480, 3547594.080, 3556331.280, 3562156.080, 3565068.480, 3565068.480, 3562156.080, 3556331.280, 3547594.080, 3535944.480, 3521382.480, 3503908.080, 3483521.280, 3460222.080, 3434010.480, 3404886.480, 3372850.080, 3337901.280, 3300040.080, 3259266.480, 3215580.480, 3168982.080, 3119471.280, 3067048.080, 3011712.480, 2953464.480, 2892304.080, 2828231.280, 2761246.080, 2691348.480, 2618538.480, 2542816.080, 2464181.280, 2382634.080, 2298174.480, 2210802.480, 2120518.080, 2027321.280, 1931212.080, 1832190.480, 1730256.480, 1625410.080, 1517651.280, 1406980.080, 1293396.480, 1176900.480, 1057492.080, 935171.280, 809938.088, 681792.636, 550736.603, 416784.328, 280020.402, 140786.526,    0.000,
   0.000, 146780.741, 291942.723, 434529.589, 574185.094, 710821.043, 844422.488, 974987.680, 1102516.480, 1227008.880, 1348464.880, 1466884.480, 1582267.680, 1694614.480, 1803924.880, 1910198.880, 2013436.480, 2113637.680, 2210802.480, 2304930.880, 2396022.880, 2484078.480, 2569097.680, 2651080.480, 2730026.880, 2805936.880, 2878810.480, 2948647.680, 3015448.480, 3079212.880, 3139940.880, 3197632.480, 3252287.680, 3303906.480, 3352488.880, 3398034.880, 3440544.480, 3480017.680, 3516454.480, 3549854.880, 3580218.880, 3607546.480, 3631837.680, 3653092.480, 3671310.880, 3686492.880, 3698638.480, 3707747.680, 3713820.480, 3716856.880, 3716856.880, 3713820.480, 3707747.680, 3698638.480, 3686492.880, 3671310.880, 3653092.480, 3631837.680, 3607546.480, 3580218.880, 3549854.880, 3516454.480, 3480017.680, 3440544.480, 3398034.880, 3352488.880, 3303906.480, 3252287.680, 3197632.480, 3139940.880, 3079212.880, 3015448.480, 2948647.680, 2878810.480, 2805936.880, 2730026.880, 2651080.480, 2569097.680, 2484078.480, 2396022.880, 2304930.880, 2210802.480, 2113637.680, 2013436.480, 1910198.880, 1803924.880, 1694614.480, 1582267.680, 1466884.480, 1348464.880, 1227008.880, 1102516.480, 974987.680, 844422.488, 710821.043, 574185.094, 434529.589, 291942.723, 146780.741,    0.000,
   0.000, 152581.595, 303480.453, 451702.423, 596877.181, 738913.049, 877794.488, 1013519.680, 1146088.480, 1275500.880, 1401756.880, 1524856.480, 1644799.680, 1761586.480, 1875216.880, 1985690.880, 2093008.480, 2197169.680, 2298174.480, 2396022.880, 2490714.880, 2582250.480, 2670629.680, 2755852.480, 2837918.880, 2916828.880, 2992582.480, 3065179.680, 3134620.480, 3200904.880, 3264032.880, 3324004.480, 3380819.680, 3434478.480, 3484980.880, 3532326.880, 3576516.480, 3617549.680, 3655426.480, 3690146.880, 3721710.880, 3750118.480, 3775369.680, 3797464.480, 3816402.880, 3832184.880, 3844810.480, 3854279.680, 3860592.480, 3863748.880, 3863748.880, 3860592.480, 3854279.680, 3844810.480, 3832184.880, 3816402.880, 3797464.480, 3775369.680, 3750118.480, 3721710.880, 3690146.880, 3655426.480, 3617549.680, 3576516.480, 3532326.880, 3484980.880, 3434478.480, 3380819.680, 3324004.480, 3264032.880, 3200904.880, 3134620.480, 3065179.680, 2992582.480, 2916828.880, 2837918.880, 2755852.480, 2670629.680, 2582250.480, 2490714.880, 2396022.880, 2298174.480, 2197169.680, 2093008.480, 1985690.880, 1875216.880, 1761586.480, 1644799.680, 1524856.480, 1401756.880, 1275500.880, 1146088.480, 1013519.680, 877794.488, 738913.049, 596877.181, 451702.423, 303480.453, 152581.595,    0.000,
   0.000, 158189.088, 314633.593, 468302.829, 618812.866, 766068.655, 910054.089, 1050767.280, 1188208.080, 1322376.480, 1453272.480, 1580896.080, 1705247.280, 1826326.080, 1944132.480, 2058666.480, 2169928.080, 2277917.280, 2382634.080, 2484078.480, 2582250.480, 2677150.080, 2768777.280, 2857132.080, 2942214.480, 3024024.480, 3102562.080, 3177827.280, 3249820.080, 3318540.480, 3383988.480, 3446164.080, 3505067.280, 3560698.080, 3613056.480, 3662142.480, 3707956.080, 3750497.280, 3789766.080, 3825762.480, 3858486.480, 3887938.080, 3914117.280, 3937024.080, 3956658.480, 3973020.480, 3986110.080, 3995927.280, 4002472.080, 4005744.480, 4005744.480, 4002472.080, 3995927.280, 3986110.080, 3973020.480, 3956658.480, 3937024.080, 3914117.280, 3887938.080, 3858486.480, 3825762.480, 3789766.080, 3750497.280, 3707956.080, 3662142.480, 3613056.480, 3560698.080, 3505067.280, 3446164.080, 3383988.480, 3318540.480, 3249820.080, 3177827.280, 3102562.080, 3024024.480, 2942214.480, 2857132.080, 2768777.280, 2677150.080, 2582250.480, 2484078.480, 2382634.080, 2277917.280, 2169928.080, 2058666.480, 1944132.480, 1826326.080, 1705247.280, 1580896.080, 1453272.480, 1322376.480, 1188208.080, 1050767.280, 910054.089, 766068.655, 618812.866, 468302.829, 314633.593, 158189.088,    0.000,
   0.000, 163603.218, 325402.141, 484330.808, 639992.147, 792287.861, 941201.289, 1086730.480, 1228875.280, 1367635.680, 1503011.680, 1635003.280, 1763610.480, 1888833.280, 2010671.680, 2129125.680, 2244195.280, 2355880.480, 2464181.280, 2569097.680, 2670629.680, 2768777.280, 2863540.480, 2954919.280, 3042913.680, 3127523.680, 3208749.280, 3286590.480, 3361047.280, 3432119.680, 3499807.680, 3564111.280, 3625030.480, 3682565.280, 3736715.680, 3787481.680, 3834863.280, 3878860.480, 3919473.280, 3956701.680, 3990545.680, 4021005.280, 4048080.480, 4071771.280, 4092077.680, 4108999.680, 4122537.280, 4132690.480, 4139459.280, 4142843.680, 4142843.680, 4139459.280, 4132690.480, 4122537.280, 4108999.680, 4092077.680, 4071771.280, 4048080.480, 4021005.280, 3990545.680, 3956701.680, 3919473.280, 3878860.480, 3834863.280, 3787481.680, 3736715.680, 3682565.280, 3625030.480, 3564111.280, 3499807.680, 3432119.680, 3361047.280, 3286590.480, 3208749.280, 3127523.680, 3042913.680, 2954919.280, 2863540.480, 2768777.280, 2670629.680, 2569097.680, 2464181.280, 2355880.480, 2244195.280, 2129125.680, 2010671.680, 1888833.280, 1763610.480, 1635003.280, 1503011.680, 1367635.680, 1228875.280, 1086730.480, 941201.289, 792287.861, 639992.147, 484330.808, 325402.141, 163603.218,    0.000,
   0.000, 168823.987, 335786.098, 499786.358, 660415.026, 817570.667, 971236.089, 1121409.280, 1268090.080, 1411278.480, 1550974.480, 1687178.080, 1819889.280, 1949108.080, 2074834.480, 2197068.480, 2315810.080, 2431059.280, 2542816.080, 2651080.480, 2755852.480, 2857132.080, 2954919.280, 3049214.080, 3140016.480, 3227326.480, 3311144.080, 3391469.280, 3468302.080, 3541642.480, 3611490.480, 3677846.080, 3740709.280, 3800080.080, 3855958.480, 3908344.480, 3957238.080, 4002639.280, 4044548.080, 4082964.480, 4117888.480, 4149320.080, 4177259.280, 4201706.080, 4222660.480, 4240122.480, 4254092.080, 4264569.280, 4271554.080, 4275046.480, 4275046.480, 4271554.080, 4264569.280, 4254092.080, 4240122.480, 4222660.480, 4201706.080, 4177259.280, 4149320.080, 4117888.480, 4082964.480, 4044548.080, 4002639.280, 3957238.080, 3908344.480, 3855958.480, 3800080.080, 3740709.280, 3677846.080, 3611490.480, 3541642.480, 3468302.080, 3391469.280, 3311144.080, 3227326.480, 3140016.480, 3049214.080, 2954919.280, 2857132.080, 2755852.480, 2651080.480, 2542816.080, 2431059.280, 2315810.080, 2197068.480, 2074834.480, 1949108.080, 1819889.280, 1687178.080, 1550974.480, 1411278.480, 1268090.080, 1121409.280, 971236.089, 817570.667, 660415.026, 499786.358, 335786.098, 168823.987,    0.000,
   0.000, 173851.393, 345785.464, 514669.481, 680081.502, 841917.073, 1000158.489, 1154803.680, 1305852.480, 1453304.880, 1597160.880, 1737420.480, 1874083.680, 2007150.480, 2136620.880, 2262494.880, 2384772.480, 2503453.680, 2618538.480, 2730026.880, 2837918.880, 2942214.480, 3042913.680, 3140016.480, 3233522.880, 3323432.880, 3409746.480, 3492463.680, 3571584.480, 3647108.880, 3719036.880, 3787368.480, 3852103.680, 3913242.480, 3970784.880, 4024730.880, 4075080.480, 4121833.680, 4164990.480, 4204550.880, 4240514.880, 4272882.480, 4301653.680, 4326828.480, 4348406.880, 4366388.880, 4380774.480, 4391563.680, 4398756.480, 4402352.880, 4402352.880, 4398756.480, 4391563.680, 4380774.480, 4366388.880, 4348406.880, 4326828.480, 4301653.680, 4272882.480, 4240514.880, 4204550.880, 4164990.480, 4121833.680, 4075080.480, 4024730.880, 3970784.880, 3913242.480, 3852103.680, 3787368.480, 3719036.880, 3647108.880, 3571584.480, 3492463.680, 3409746.480, 3323432.880, 3233522.880, 3140016.480, 3042913.680, 2942214.480, 2837918.880, 2730026.880, 2618538.480, 2503453.680, 2384772.480, 2262494.880, 2136620.880, 2007150.480, 1874083.680, 1737420.480, 1597160.880, 1453304.880, 1305852.480, 1154803.680, 1000158.489, 841917.073, 680081.502, 514669.481, 345785.464, 173851.393,    0.000,
   0.000, 178685.438, 355400.240, 528980.176, 698991.574, 865327.078, 1027968.490, 1186913.680, 1342162.480, 1493714.880, 1641570.880, 1785730.480, 1926193.680, 2062960.480, 2196030.880, 2325404.880, 2451082.480, 2573063.680, 2691348.480, 2805936.880, 2916828.880, 3024024.480, 3127523.680, 3227326.480, 3323432.880, 3415842.880, 3504556.480, 3589573.680, 3670894.480, 3748518.880, 3822446.880, 3892678.480, 3959213.680, 4022052.480, 4081194.880, 4136640.880, 4188390.480, 4236443.680, 4280800.480, 4321460.880, 4358424.880, 4391692.480, 4421263.680, 4447138.480, 4469316.880, 4487798.880, 4502584.480, 4513673.680, 4521066.480, 4524762.880, 4524762.880, 4521066.480, 4513673.680, 4502584.480, 4487798.880, 4469316.880, 4447138.480, 4421263.680, 4391692.480, 4358424.880, 4321460.880, 4280800.480, 4236443.680, 4188390.480, 4136640.880, 4081194.880, 4022052.480, 3959213.680, 3892678.480, 3822446.880, 3748518.880, 3670894.480, 3589573.680, 3504556.480, 3415842.880, 3323432.880, 3227326.480, 3127523.680, 3024024.480, 2916828.880, 2805936.880, 2691348.480, 2573063.680, 2451082.480, 2325404.880, 2196030.880, 2062960.480, 1926193.680, 1785730.480, 1641570.880, 1493714.880, 1342162.480, 1186913.680, 1027968.490, 865327.078, 698991.574, 528980.176, 355400.240, 178685.438,    0.000,
   0.000, 183326.122, 364630.424, 542718.443, 717145.244, 887800.683, 1054666.090, 1217739.280, 1377020.080, 1532508.480, 1684204.480, 1832108.080, 1976219.280, 2116538.080, 2253064.480, 2385798.480, 2514740.080, 2639889.280, 2761246.080, 2878810.480, 2992582.480, 3102562.080, 3208749.280, 3311144.080, 3409746.480, 3504556.480, 3595574.080, 3682799.280, 3766232.080, 3845872.480, 3921720.480, 3993776.080, 4062039.280, 4126510.080, 4187188.480, 4244074.480, 4297168.080, 4346469.280, 4391978.080, 4433694.480, 4471618.480, 4505750.080, 4536089.280, 4562636.080, 4585390.480, 4604352.480, 4619522.080, 4630899.280, 4638484.080, 4642276.480, 4642276.480, 4638484.080, 4630899.280, 4619522.080, 4604352.480, 4585390.480, 4562636.080, 4536089.280, 4505750.080, 4471618.480, 4433694.480, 4391978.080, 4346469.280, 4297168.080, 4244074.480, 4187188.480, 4126510.080, 4062039.280, 3993776.080, 3921720.480, 3845872.480, 3766232.080, 3682799.280, 3595574.080, 3504556.480, 3409746.480, 3311144.080, 3208749.280, 3102562.080, 2992582.480, 2878810.480, 2761246.080, 2639889.280, 2514740.080, 2385798.480, 2253064.480, 2116538.080, 1976219.280, 1832108.080, 1684204.480, 1532508.480, 1377020.080, 1217739.280, 1054666.090, 887800.683, 717145.244, 542718.443, 364630.424, 183326.122,    0.000,
   0.000, 187773.443, 373476.017, 555884.282, 734542.511, 909337.888, 1080251.290, 1247280.480, 1410425.280, 1569685.680, 1725061.680, 1876553.280, 2024160.480, 2167883.280, 2307721.680, 2443675.680, 2575745.280, 2703930.480, 2828231.280, 2948647.680, 3065179.680, 3177827.280, 3286590.480, 3391469.280, 3492463.680, 3589573.680, 3682799.280, 3772140.480, 3857597.280, 3939169.680, 4016857.680, 4090661.280, 4160580.480, 4226615.280, 4288765.680, 4347031.680, 4401413.280, 4451910.480, 4498523.280, 4541251.680, 4580095.680, 4615055.280, 4646130.480, 4673321.280, 4696627.680, 4716049.680, 4731587.280, 4743240.480, 4751009.280, 4754893.680, 4754893.680, 4751009.280, 4743240.480, 4731587.280, 4716049.680, 4696627.680, 4673321.280, 4646130.480, 4615055.280, 4580095.680, 4541251.680, 4498523.280, 4451910.480, 4401413.280, 4347031.680, 4288765.680, 4226615.280, 4160580.480, 4090661.280, 4016857.680, 3939169.680, 3857597.280, 3772140.480, 3682799.280, 3589573.680, 3492463.680, 3391469.280, 3286590.480, 3177827.280, 3065179.680, 2948647.680, 2828231.280, 2703930.480, 2575745.280, 2443675.680, 2307721.680, 2167883.280, 2024160.480, 1876553.280, 1725061.680, 1569685.680, 1410425.280, 1247280.480, 1080251.290, 909337.888, 734542.511, 555884.282, 373476.017, 187773.443,    0.000,
   0.000, 192027.403, 381937.019, 568477.694, 751183.376, 929938.693, 1104724.090, 1275537.280, 1442378.080, 1605246.480, 1764142.480, 1919066.080, 2070017.280, 2216996.080, 2360002.480, 2499036.480, 2634098.080, 2765187.280, 2892304.080, 3015448.480, 3134620.480, 3249820.080, 3361047.280, 3468302.080, 3571584.480, 3670894.480, 3766232.080, 3857597.280, 3944990.080, 4028410.480, 4107858.480, 4183334.080, 4254837.280, 4322368.080, 4385926.480, 4445512.480, 4501126.080, 4552767.280, 4600436.080, 4644132.480, 4683856.480, 4719608.080, 4751387.280, 4779194.080, 4803028.480, 4822890.480, 4838780.080, 4850697.280, 4858642.080, 4862614.480, 4862614.480, 4858642.080, 4850697.280, 4838780.080, 4822890.480, 4803028.480, 4779194.080, 4751387.280, 4719608.080, 4683856.480, 4644132.480, 4600436.080, 4552767.280, 4501126.080, 4445512.480, 4385926.480, 4322368.080, 4254837.280, 4183334.080, 4107858.480, 4028410.480, 3944990.080, 3857597.280, 3766232.080, 3670894.480, 3571584.480, 3468302.080, 3361047.280, 3249820.080, 3134620.480, 3015448.480, 2892304.080, 2765187.280, 2634098.080, 2499036.480, 2360002.480, 2216996.080, 2070017.280, 1919066.080, 1764142.480, 1605246.480, 1442378.080, 1275537.280, 1104724.090, 929938.693, 751183.376, 568477.694, 381937.019, 192027.403,    0.000,
   0.000, 196088.000, 390013.431, 580498.677, 767067.837, 949603.097, 1128084.491, 1302509.680, 1472878.480, 1639190.880, 1801446.880, 1959646.480, 2113789.680, 2263876.480, 2409906.880, 2551880.880, 2689798.480, 2823659.680, 2953464.480, 3079212.880, 3200904.880, 3318540.480, 3432119.680, 3541642.480, 3647108.880, 3748518.880, 3845872.480, 3939169.680, 4028410.480, 4113594.880, 4194722.880, 4271794.480, 4344809.680, 4413768.480, 4478670.880, 4539516.880, 4596306.480, 4649039.680, 4697716.480, 4742336.880, 4782900.880, 4819408.480, 4851859.680, 4880254.480, 4904592.880, 4924874.880, 4941100.480, 4953269.680, 4961382.480, 4965438.880, 4965438.880, 4961382.480, 4953269.680, 4941100.480, 4924874.880, 4904592.880, 4880254.480, 4851859.680, 4819408.480, 4782900.880, 4742336.880, 4697716.480, 4649039.680, 4596306.480, 4539516.880, 4478670.880, 4413768.480, 4344809.680, 4271794.480, 4194722.880, 4113594.880, 4028410.480, 3939169.680, 3845872.480, 3748518.880, 3647108.880, 3541642.480, 3432119.680, 3318540.480, 3200904.880, 3079212.880, 2953464.480, 2823659.680, 2689798.480, 2551880.880, 2409906.880, 2263876.480, 2113789.680, 1959646.480, 1801446.880, 1639190.880, 1472878.480, 1302509.680, 1128084.491, 949603.097, 767067.837, 580498.677, 390013.431, 196088.000,    0.000,
   0.000, 199955.236, 397705.251, 591947.233, 782195.895, 968331.101, 1150332.491, 1328197.680, 1501926.480, 1671518.880, 1836974.880, 1998294.480, 2155477.680, 2308524.480, 2457434.880, 2602208.880, 2742846.480, 2879347.680, 3011712.480, 3139940.880, 3264032.880, 3383988.480, 3499807.680, 3611490.480, 3719036.880, 3822446.880, 3921720.480, 4016857.680, 4107858.480, 4194722.880, 4277450.880, 4356042.480, 4430497.680, 4500816.480, 4566998.880, 4629044.880, 4686954.480, 4740727.680, 4790364.480, 4835864.880, 4877228.880, 4914456.480, 4947547.680, 4976502.480, 5001320.880, 5022002.880, 5038548.480, 5050957.680, 5059230.480, 5063366.880, 5063366.880, 5059230.480, 5050957.680, 5038548.480, 5022002.880, 5001320.880, 4976502.480, 4947547.680, 4914456.480, 4877228.880, 4835864.880, 4790364.480, 4740727.680, 4686954.480, 4629044.880, 4566998.880, 4500816.480, 4430497.680, 4356042.480, 4277450.880, 4194722.880, 4107858.480, 4016857.680, 3921720.480, 3822446.880, 3719036.880, 3611490.480, 3499807.680, 3383988.480, 3264032.880, 3139940.880, 3011712.480, 2879347.680, 2742846.480, 2602208.880, 2457434.880, 2308524.480, 2155477.680, 1998294.480, 1836974.880, 1671518.880, 1501926.480, 1328197.680, 1150332.491, 968331.101, 782195.895, 591947.233, 397705.251, 199955.236,    0.000,
