   0.000,    0.000,    0.000,    0.000,    0.000,    0.000,    0.000,    0.000,    0.000,    0.000,    0.000,    0.000,    0.000,    0.000,    0.000,    0.000,    0.000,    0.000,    0.000,    0.000,    0.000,    0.000,    0.000,    0.000,    0.000,    0.000,    0.000,    0.000,    0.000,    0.000,    0.000,    0.000,    0.000,    0.000,    0.000,    0.000,    0.000,    0.000,    0.000,    0.000,    0.000,    0.000,    0.000,    0.000,    0.000,    0.000,    0.000,    0.000,    0.000,    0.000,    0.000,    0.000,    0.000,    0.000,    0.000,    0.000,    0.000,    0.000,    0.000,    0.000,    0.000,    0.000,    0.000,    0.000,    0.000,    0.000,    0.000,    0.000,    0.000,    0.000,    0.000,    0.000,    0.000,    0.000,    0.000,    0.000,    0.000,    0.000,    0.000,    0.000,    0.000,    0.000,    0.000,    0.000,    0.000,    0.000,    0.000,    0.000,    0.000,    0.000,    0.000,    0.000,    0.000,    0.000,    0.000,    0.000,    0.000,    0.000,    0.000,    0.000,
   0.000, 8715.541, 17389.131, 25982.103, 34461.605, 42801.892, 50984.343, 58996.517, 66830.728, 74482.582, 81949.748, 89231.083, 96326.061, 103234.461, 109956.194, 116491.228, 122839.551, 129001.161, 134976.056, 140764.235, 146365.699, 151780.448, 157008.481, 162049.798, 166904.400, 171572.287, 176053.458, 180347.913, 184455.654, 188376.678, 192110.988, 195658.581, 199019.460, 202193.623, 205181.070, 207981.802, 210595.819, 213023.120, 215263.705, 217317.575, 219184.730, 220865.169, 222358.893, 223665.901, 224786.194, 225719.771, 226466.633, 227026.779, 227400.210, 227586.926, 227586.926, 227400.210, 227026.779, 226466.633, 225719.771, 224786.194, 223665.901, 222358.893, 220865.169, 219184.730, 217317.575, 215263.705, 213023.120, 210595.819, 207981.802, 205181.070, 202193.623, 199019.460, 195658.581, 192110.988, 188376.678, 184455.654, 180347.913, 176053.458, 171572.287, 166904.400, 162049.798, 157008.481, 151780.448, 146365.699, 140764.235, 134976.056, 129001.161, 122839.551, 116491.228, 109956.194, 103234.461, 96326.061, 89231.083, 81949.748, 74482.582, 66830.728, 58996.517, 50984.343, 42801.892, 34461.605, 25982.103, 17389.131, 8715.541,    0.000,
   0.000, 17389.131, 34694.559, 51839.140, 68757.326, 85397.750, 101723.260, 117709.035, 133339.740, 148606.608, 163504.991, 178032.603, 192188.401, 205971.940, 219383.044, 232421.649, 245087.733, 257381.287, 269302.310, 280850.802, 292026.761, 302830.189, 313261.085, 323319.448, 333005.280, 342318.579, 351259.347, 359827.583, 368023.286, 375846.458, 383297.098, 390375.205, 397080.781, 403413.825, 409374.337, 414962.316, 420177.764, 425020.680, 429491.064, 433588.916, 437314.235, 440667.023, 443647.279, 446255.003, 448490.195, 450352.855, 451842.983, 452960.579, 453705.643, 454078.175, 454078.175, 453705.643, 452960.579, 451842.983, 450352.855, 448490.195, 446255.003, 443647.279, 440667.023, 437314.235, 433588.916, 429491.064, 425020.680, 420177.764, 414962.316, 409374.337, 403413.825, 397080.781, 390375.205, 383297.098, 375846.458, 368023.286, 359827.583, 351259.347, 342318.579, 333005.280, 323319.448, 313261.085, 302830.189, 292026.761, 280850.802, 269302.310, 257381.287, 245087.733, 232421.649, 219383.044, 205971.940, 192188.401, 178032.603, 163504.991, 148606.608, 133339.740, 117709.035, 101723.260, 85397.750, 68757.326, 51839.140, 34694.559, 17389.131,    0.000,
   0.000, 25982.103, 51839.140, 77455.843, 102734.273, 127597.680, 151990.552, 175875.804, 199230.526, 222041.616, 244302.132, 266008.658, 287159.635, 307754.399, 327792.687, 347274.404, 366199.514, 384568.008, 402379.882, 419635.135, 436333.767, 452475.778, 468061.168, 483089.937, 497562.085, 511477.612, 524836.518, 537638.802, 549884.466, 561573.509, 572705.930, 583281.731, 593300.910, 602763.468, 611669.405, 620018.721, 627811.416, 635047.490, 641726.943, 647849.775, 653415.986, 658425.575, 662878.544, 666774.892, 670114.618, 672897.723, 675124.208, 676794.071, 677907.313, 678463.934, 678463.934, 677907.313, 676794.071, 675124.208, 672897.723, 670114.618, 666774.892, 662878.544, 658425.575, 653415.986, 647849.775, 641726.943, 635047.490, 627811.416, 620018.721, 611669.405, 602763.468, 593300.910, 583281.731, 572705.930, 561573.509, 549884.466, 537638.802, 524836.518, 511477.612, 497562.085, 483089.937, 468061.168, 452475.778, 436333.767, 419635.135, 402379.882, 384568.008, 366199.514, 347274.404, 327792.687, 307754.399, 287159.635, 266008.658, 244302.132, 222041.616, 199230.526, 175875.804, 151990.552, 127597.680, 102734.273, 77455.843, 51839.140, 25982.103,    0.000,
   0.000, 34461.605, 68757.326, 102734.273, 136262.543, 169240.337, 201594.030, 233274.433, 264251.160, 294506.835, 324032.250, 352822.877, 380876.645, 408192.676, 434770.622, 460610.353, 485711.825, 510075.025, 533699.947, 556586.591, 578734.957, 600145.043, 620816.851, 640750.380, 659945.630, 678402.601, 696121.293, 713101.706, 729343.841, 744847.697, 759613.274, 773640.572, 786929.591, 799480.331, 811292.793, 822366.975, 832702.879, 842300.504, 851159.850, 859280.917, 866663.706, 873308.216, 879214.446, 884382.398, 888812.071, 892503.465, 895456.581, 897671.417, 899147.975, 899886.254, 899886.254, 899147.975, 897671.417, 895456.581, 892503.465, 888812.071, 884382.398, 879214.446, 873308.216, 866663.706, 859280.917, 851159.850, 842300.504, 832702.879, 822366.975, 811292.793, 799480.331, 786929.591, 773640.572, 759613.274, 744847.697, 729343.841, 713101.706, 696121.293, 678402.601, 659945.630, 640750.380, 620816.851, 600145.043, 578734.957, 556586.591, 533699.947, 510075.025, 485711.825, 460610.353, 434770.622, 408192.676, 380876.645, 352822.877, 324032.250, 294506.835, 264251.160, 233274.433, 201594.030, 169240.337, 136262.543, 102734.273, 68757.326, 34461.605,    0.000,
   0.000, 42801.892, 85397.750, 127597.680, 169240.337, 210199.289, 250383.089, 289730.648, 328204.227, 365782.246, 402453.270, 438211.674, 473054.889, 506981.823, 539992.042, 572085.388, 603261.806, 633521.277, 662863.796, 691289.362, 718797.975, 745389.634, 771064.339, 795822.090, 819662.887, 842586.731, 864593.621, 885683.557, 905856.540, 925112.569, 943451.644, 960873.765, 977378.933, 992967.146, 1007638.406, 1021392.713, 1034230.065, 1046150.464, 1057153.909, 1067240.400, 1076409.938, 1084662.522, 1091998.152, 1098416.828, 1103918.550, 1108503.319, 1112171.134, 1114921.995, 1116755.903, 1117672.857, 1117672.857, 1116755.903, 1114921.995, 1112171.134, 1108503.319, 1103918.550, 1098416.828, 1091998.152, 1084662.522, 1076409.938, 1067240.400, 1057153.909, 1046150.464, 1034230.065, 1021392.713, 1007638.406, 992967.146, 977378.933, 960873.765, 943451.644, 925112.569, 905856.540, 885683.557, 864593.621, 842586.731, 819662.887, 795822.090, 771064.339, 745389.634, 718797.975, 691289.362, 662863.796, 633521.277, 603261.806, 572085.388, 539992.042, 506981.823, 473054.889, 438211.674, 402453.270, 365782.246, 328204.227, 289730.648, 250383.089, 210199.289, 169240.337, 127597.680, 85397.750, 42801.892,    0.000,
   0.000, 50984.343, 101723.260, 151990.552, 201594.030, 250383.089, 298248.805, 345118.409, 390946.951, 435708.728, 479390.119, 521984.424, 563488.584, 603901.298, 643222.051, 681450.652, 718587.036, 754631.182, 789583.083, 823442.738, 856210.146, 887885.307, 918468.222, 947958.889, 976357.310, 1003663.483, 1029877.410, 1054999.089, 1079028.522, 1101965.708, 1123810.647, 1144563.339, 1164223.784, 1182791.982, 1200267.933, 1216651.637, 1231943.094, 1246142.304, 1259249.267, 1271263.984, 1282186.453, 1292016.676, 1300754.651, 1308400.380, 1314953.861, 1320415.096, 1324784.084, 1328060.825, 1330245.319, 1331337.566, 1331337.566, 1330245.319, 1328060.825, 1324784.084, 1320415.096, 1314953.861, 1308400.380, 1300754.651, 1292016.676, 1282186.453, 1271263.984, 1259249.267, 1246142.304, 1231943.094, 1216651.637, 1200267.933, 1182791.982, 1164223.784, 1144563.339, 1123810.647, 1101965.708, 1079028.522, 1054999.089, 1029877.410, 1003663.483, 976357.310, 947958.889, 918468.222, 887885.307, 856210.146, 823442.738, 789583.083, 754631.182, 718587.036, 681450.652, 643222.051, 603901.298, 563488.584, 521984.424, 479390.119, 435708.728, 390946.951, 345118.409, 298248.805, 250383.089, 201594.030, 151990.552, 101723.260, 50984.343,    0.000,
   0.000, 58996.517, 117709.035, 175875.804, 233274.433, 289730.648, 345118.409, 399353.515, 452383.953, 504179.983, 554725.843, 604013.783, 652040.263, 698803.777, 744303.730, 788539.901, 831512.214, 873220.646, 913665.189, 952845.840, 990762.600, 1027415.468, 1062804.443, 1096929.527, 1129790.719, 1161388.019, 1191721.426, 1220790.942, 1248596.566, 1275138.298, 1300416.137, 1324430.085, 1347180.141, 1368666.305, 1388888.577, 1407846.956, 1425541.444, 1441972.040, 1457138.744, 1471041.556, 1483680.476, 1495055.504, 1505166.640, 1514013.883, 1521597.235, 1527916.695, 1532972.263, 1536763.939, 1539291.723, 1540555.615, 1540555.615, 1539291.723, 1536763.939, 1532972.263, 1527916.695, 1521597.235, 1514013.883, 1505166.640, 1495055.504, 1483680.476, 1471041.556, 1457138.744, 1441972.040, 1425541.444, 1407846.956, 1388888.577, 1368666.305, 1347180.141, 1324430.085, 1300416.137, 1275138.298, 1248596.566, 1220790.942, 1191721.426, 1161388.019, 1129790.719, 1096929.527, 1062804.443, 1027415.468, 990762.600, 952845.840, 913665.189, 873220.646, 831512.214, 788539.901, 744303.730, 698803.777, 652040.263, 604013.783, 554725.843, 504179.983, 452383.953, 399353.515, 345118.409, 289730.648, 233274.433, 175875.804, 117709.035, 58996.517,    0.000,
   0.000, 66830.728, 133339.740, 199230.526, 264251.160, 328204.227, 390946.951, 452383.953, 512456.315, 571130.347, 628388.199, 684221.091, 738625.013, 791598.259, 843140.155, 893250.452, 941929.064, 989175.963, 1034991.141, 1079374.595, 1122326.325, 1163846.331, 1203934.613, 1242591.170, 1279816.003, 1315609.111, 1349970.496, 1382900.155, 1414398.091, 1444464.302, 1473098.789, 1500301.551, 1526072.590, 1550411.903, 1573319.493, 1594795.358, 1614839.499, 1633451.915, 1650632.607, 1666381.575, 1680698.818, 1693584.337, 1705038.132, 1715060.203, 1723650.549, 1730809.170, 1736536.068, 1740831.241, 1743694.689, 1745126.414, 1745126.414, 1743694.689, 1740831.241, 1736536.068, 1730809.170, 1723650.549, 1715060.203, 1705038.132, 1693584.337, 1680698.818, 1666381.575, 1650632.607, 1633451.915, 1614839.499, 1594795.358, 1573319.493, 1550411.903, 1526072.590, 1500301.551, 1473098.789, 1444464.302, 1414398.091, 1382900.155, 1349970.496, 1315609.111, 1279816.003, 1242591.170, 1203934.613, 1163846.331, 1122326.325, 1079374.595, 1034991.141, 989175.963, 941929.064, 893250.452, 843140.155, 791598.259, 738625.013, 684221.091, 628388.199, 571130.347, 512456.315, 452383.953, 390946.951, 328204.227, 264251.160, 199230.526, 133339.740, 66830.728,    0.000,
   0.000, 74482.582, 148606.608, 222041.616, 294506.835, 365782.246, 435708.728, 504179.983, 571130.347, 636522.279, 700335.882, 762561.373, 823194.284, 882232.713, 939675.910, 995523.596, 1049775.676, 1102432.118, 1153492.915, 1202958.062, 1250827.560, 1297101.407, 1341779.605, 1384862.153, 1426349.051, 1466240.299, 1504535.897, 1541235.846, 1576340.144, 1609848.792, 1641761.791, 1672079.139, 1700800.838, 1727926.887, 1753457.285, 1777392.034, 1799731.133, 1820474.582, 1839622.381, 1857174.530, 1873131.030, 1887491.879, 1900257.078, 1911426.628, 1921000.527, 1928978.777, 1935361.377, 1940148.326, 1943339.626, 1944935.276, 1944935.276, 1943339.626, 1940148.326, 1935361.377, 1928978.777, 1921000.527, 1911426.628, 1900257.078, 1887491.879, 1873131.030, 1857174.530, 1839622.381, 1820474.582, 1799731.133, 1777392.034, 1753457.285, 1727926.887, 1700800.838, 1672079.139, 1641761.791, 1609848.792, 1576340.144, 1541235.846, 1504535.897, 1466240.299, 1426349.051, 1384862.153, 1341779.605, 1297101.407, 1250827.560, 1202958.062, 1153492.915, 1102432.118, 1049775.676, 995523.596, 939675.910, 882232.713, 823194.284, 762561.373, 700335.882, 636522.279, 571130.347, 504179.983, 435708.728, 365782.246, 294506.835, 222041.616, 148606.608, 74482.582,    0.000,
   0.000, 81949.748, 163504.991, 244302.132, 324032.250, 402453.270, 479390.119, 554725.843, 628388.199, 700335.882, 770547.002, 839010.797, 905722.350, 970679.569, 1033881.628, 1095328.222, 1155019.245, 1212954.663, 1269134.466, 1323558.651, 1376227.218, 1427140.166, 1476297.495, 1523699.205, 1569345.296, 1613235.768, 1655370.621, 1695749.856, 1734373.471, 1771241.468, 1806353.846, 1839710.605, 1871311.745, 1901157.266, 1929247.168, 1955581.451, 1980160.116, 2002983.161, 2024050.588, 2043362.396, 2060918.585, 2076719.155, 2090764.106, 2103053.438, 2113587.151, 2122365.246, 2129387.721, 2134654.578, 2138165.816, 2139921.435, 2139921.435, 2138165.816, 2134654.578, 2129387.721, 2122365.246, 2113587.151, 2103053.438, 2090764.106, 2076719.155, 2060918.585, 2043362.396, 2024050.588, 2002983.161, 1980160.116, 1955581.451, 1929247.168, 1901157.266, 1871311.745, 1839710.605, 1806353.846, 1771241.468, 1734373.471, 1695749.856, 1655370.621, 1613235.768, 1569345.296, 1523699.205, 1476297.495, 1427140.166, 1376227.218, 1323558.651, 1269134.466, 1212954.663, 1155019.245, 1095328.222, 1033881.628, 970679.569, 905722.350, 839010.797, 770547.002, 700335.882, 628388.199, 554725.843, 479390.119, 402453.270, 324032.250, 244302.132, 163504.991, 81949.748,    0.000,
   0.000, 89231.083, 178032.603, 266008.658, 352822.877, 438211.674, 521984.424, 604013.783, 684221.091, 762561.373, 839010.797, 913557.644, 986196.560, 1056925.269, 1125742.871, 1192649.034, 1257643.642, 1320726.658, 1381898.072, 1441157.881, 1498506.082, 1553942.678, 1607467.666, 1659081.048, 1708782.823, 1756572.991, 1802451.553, 1846418.508, 1888473.856, 1928617.597, 1966849.732, 2003170.260, 2037579.181, 2070076.496, 2100662.203, 2129336.304, 2156098.799, 2180949.686, 2203888.967, 2224916.641, 2244032.708, 2261237.169, 2276530.023, 2289911.270, 2301380.910, 2310938.944, 2318585.371, 2324320.191, 2328143.405, 2330055.011, 2330055.011, 2328143.405, 2324320.191, 2318585.371, 2310938.944, 2301380.910, 2289911.270, 2276530.023, 2261237.169, 2244032.708, 2224916.641, 2203888.967, 2180949.686, 2156098.799, 2129336.304, 2100662.203, 2070076.496, 2037579.181, 2003170.260, 1966849.732, 1928617.597, 1888473.856, 1846418.508, 1802451.553, 1756572.991, 1708782.823, 1659081.048, 1607467.666, 1553942.678, 1498506.082, 1441157.881, 1381898.072, 1320726.658, 1257643.642, 1192649.034, 1125742.871, 1056925.269, 986196.560, 913557.644, 839010.797, 762561.373, 684221.091, 604013.783, 521984.424, 438211.674, 352822.877, 266008.658, 178032.603, 89231.083,    0.000,
   0.000, 96326.061, 192188.401, 287159.635, 380876.645, 473054.889, 563488.584, 652040.263, 738625.013, 823194.284, 905722.350, 986196.560, 1064611.136, 1140963.621, 1215253.043, 1287479.043, 1357641.497, 1425740.366, 1491775.636, 1555747.306, 1617655.374, 1677499.839, 1735280.703, 1790997.964, 1844651.623, 1896241.679, 1945768.133, 1993230.985, 2038630.235, 2081965.883, 2123237.928, 2162446.371, 2199591.211, 2234672.450, 2267690.086, 2298644.120, 2327534.552, 2354361.381, 2379124.608, 2401824.233, 2422460.256, 2441032.676, 2457541.494, 2471986.710, 2484368.323, 2494686.335, 2502940.744, 2509131.551, 2513258.755, 2515322.357, 2515322.357, 2513258.755, 2509131.551, 2502940.744, 2494686.335, 2484368.323, 2471986.710, 2457541.494, 2441032.676, 2422460.256, 2401824.233, 2379124.608, 2354361.381, 2327534.552, 2298644.120, 2267690.086, 2234672.450, 2199591.211, 2162446.371, 2123237.928, 2081965.883, 2038630.235, 1993230.985, 1945768.133, 1896241.679, 1844651.623, 1790997.964, 1735280.703, 1677499.839, 1617655.374, 1555747.306, 1491775.636, 1425740.366, 1357641.497, 1287479.043, 1215253.043, 1140963.621, 1064611.136, 986196.560, 905722.350, 823194.284, 738625.013, 652040.263, 563488.584, 473054.889, 380876.645, 287159.635, 192188.401, 96326.061,    0.000,
   0.000, 103234.461, 205971.940, 307754.399, 408192.676, 506981.823, 603901.298, 698803.777, 791598.259, 882232.713, 970679.569, 1056925.269, 1140963.621, 1222791.992, 1302409.340, 1379815.280, 1455009.680, 1527992.497, 1598763.718, 1667323.340, 1733671.361, 1797807.782, 1859732.602, 1919445.821, 1976947.440, 2032237.458, 2085315.875, 2136182.691, 2184837.907, 2231281.522, 2275513.536, 2317533.950, 2357342.763, 2394939.975, 2430325.586, 2463499.597, 2494462.007, 2523212.816, 2549752.025, 2574079.633, 2596195.640, 2616100.046, 2633792.852, 2649274.057, 2662543.661, 2673601.665, 2682448.068, 2689082.870, 2693506.071, 2695717.672, 2695717.672, 2693506.071, 2689082.870, 2682448.068, 2673601.665, 2662543.661, 2649274.057, 2633792.852, 2616100.046, 2596195.640, 2574079.633, 2549752.025, 2523212.816, 2494462.007, 2463499.597, 2430325.586, 2394939.975, 2357342.763, 2317533.950, 2275513.536, 2231281.522, 2184837.907, 2136182.691, 2085315.875, 2032237.458, 1976947.440, 1919445.821, 1859732.602, 1797807.782, 1733671.361, 1667323.340, 1598763.718, 1527992.497, 1455009.680, 1379815.280, 1302409.340, 1222791.992, 1140963.621, 1056925.269, 970679.569, 882232.713, 791598.259, 698803.777, 603901.298, 506981.823, 408192.676, 307754.399, 205971.940, 103234.461,    0.000,
   0.000, 109956.194, 219383.044, 327792.687, 434770.622, 539992.042, 643222.051, 744303.730, 843140.155, 939675.910, 1033881.628, 1125742.871, 1215253.043, 1302409.340, 1387210.651, 1469656.568, 1549746.950, 1627481.750, 1702860.955, 1775884.561, 1846552.567, 1914864.973, 1980821.779, 2044422.985, 2105668.591, 2164558.596, 2221093.001, 2275271.806, 2327095.011, 2376562.615, 2423674.619, 2468431.023, 2510831.827, 2550877.031, 2588566.634, 2623900.637, 2656879.040, 2687501.843, 2715769.046, 2741680.648, 2765236.650, 2786437.052, 2805281.854, 2821771.055, 2835904.657, 2847682.658, 2857105.059, 2864171.859, 2868883.060, 2871238.660, 2871238.660, 2868883.060, 2864171.859, 2857105.059, 2847682.658, 2835904.657, 2821771.055, 2805281.854, 2786437.052, 2765236.650, 2741680.648, 2715769.046, 2687501.843, 2656879.040, 2623900.637, 2588566.634, 2550877.031, 2510831.827, 2468431.023, 2423674.619, 2376562.615, 2327095.011, 2275271.806, 2221093.001, 2164558.596, 2105668.591, 2044422.985, 1980821.779, 1914864.973, 1846552.567, 1775884.561, 1702860.955, 1627481.750, 1549746.950, 1469656.568, 1387210.651, 1302409.340, 1215253.043, 1125742.871, 1033881.628, 939675.910, 843140.155, 744303.730, 643222.051, 539992.042, 434770.622, 327792.687, 219383.044, 109956.194,    0.000,
   0.000, 116491.228, 232421.649, 347274.404, 460610.353, 572085.388, 681450.652, 788539.901, 893250.452, 995523.596, 1095328.222, 1192649.034, 1287479.043, 1379815.280, 1469656.568, 1557002.475, 1641852.849, 1724207.644, 1804066.844, 1881430.445, 1956298.447, 2028670.849, 2098547.650, 2165928.852, 2230814.454, 2293204.455, 2353098.856, 2410497.658, 2465400.859, 2517808.460, 2567720.462, 2615136.863, 2660057.664, 2702482.865, 2742412.466, 2779846.467, 2814784.868, 2847227.668, 2877174.869, 2904626.470, 2929582.470, 2952042.871, 2972007.671, 2989476.872, 3004450.472, 3016928.472, 3026910.873, 3034397.673, 3039388.873, 3041884.473, 3041884.473, 3039388.873, 3034397.673, 3026910.873, 3016928.472, 3004450.472, 2989476.872, 2972007.671, 2952042.871, 2929582.470, 2904626.470, 2877174.869, 2847227.668, 2814784.868, 2779846.467, 2742412.466, 2702482.865, 2660057.664, 2615136.863, 2567720.462, 2517808.460, 2465400.859, 2410497.658, 2353098.856, 2293204.455, 2230814.454, 2165928.852, 2098547.650, 2028670.849, 1956298.447, 1881430.445, 1804066.844, 1724207.644, 1641852.849, 1557002.475, 1469656.568, 1379815.280, 1287479.043, 1192649.034, 1095328.222, 995523.596, 893250.452, 788539.901, 681450.652, 572085.388, 460610.353, 347274.404, 232421.649, 116491.228,    0.000,
   0.000, 122839.551, 245087.733, 366199.514, 485711.825, 603261.806, 718587.036, 831512.214, 941929.064, 1049775.676, 1155019.245, 1257643.642, 1357641.497, 1455009.680, 1549746.950, 1641852.849, 1731327.221, 1818170.014, 1902381.212, 1983960.812, 2062908.812, 2139225.213, 2212910.013, 2283963.214, 2352384.814, 2418174.815, 2481333.215, 2541860.015, 2599755.216, 2655018.816, 2707650.816, 2757651.217, 2805020.017, 2849757.217, 2891862.817, 2931336.818, 2968179.218, 3002390.018, 3033969.218, 3062916.818, 3089232.819, 3112917.219, 3133970.019, 3152391.219, 3168180.819, 3181338.819, 3191865.219, 3199760.019, 3205023.219, 3207654.819, 3207654.819, 3205023.219, 3199760.019, 3191865.219, 3181338.819, 3168180.819, 3152391.219, 3133970.019, 3112917.219, 3089232.819, 3062916.818, 3033969.218, 3002390.018, 2968179.218, 2931336.818, 2891862.817, 2849757.217, 2805020.017, 2757651.217, 2707650.816, 2655018.816, 2599755.216, 2541860.015, 2481333.215, 2418174.815, 2352384.814, 2283963.214, 2212910.013, 2139225.213, 2062908.812, 1983960.812, 1902381.212, 1818170.014, 1731327.221, 1641852.849, 1549746.950, 1455009.680, 1357641.497, 1257643.642, 1155019.245, 1049775.676, 941929.064, 831512.214, 718587.036, 603261.806, 485711.825, 366199.514, 245087.733, 122839.551,    0.000,
   0.000, 129001.161, 257381.287, 384568.008, 510075.025, 633521.277, 754631.182, 873220.646, 989175.963, 1102432.118, 1212954.663, 1320726.658, 1425740.366, 1527992.497, 1627481.750, 1724207.644, 1818170.014, 1909368.805, 1997804.003, 2083475.603, 2166383.603, 2246528.003, 2323908.803, 2398526.003, 2470379.604, 2539469.604, 2605796.004, 2669358.804, 2730158.004, 2788193.604, 2843465.604, 2895974.004, 2945718.804, 2992700.004, 3036917.604, 3078371.604, 3117062.004, 3152988.805, 3186152.005, 3216551.605, 3244187.605, 3269060.005, 3291168.805, 3310514.005, 3327095.605, 3340913.605, 3351968.005, 3360258.805, 3365786.005, 3368549.605, 3368549.605, 3365786.005, 3360258.805, 3351968.005, 3340913.605, 3327095.605, 3310514.005, 3291168.805, 3269060.005, 3244187.605, 3216551.605, 3186152.005, 3152988.805, 3117062.004, 3078371.604, 3036917.604, 2992700.004, 2945718.804, 2895974.004, 2843465.604, 2788193.604, 2730158.004, 2669358.804, 2605796.004, 2539469.604, 2470379.604, 2398526.003, 2323908.803, 2246528.003, 2166383.603, 2083475.603, 1997804.003, 1909368.805, 1818170.014, 1724207.644, 1627481.750, 1527992.497, 1425740.366, 1320726.658, 1212954.663, 1102432.118, 989175.963, 873220.646, 754631.182, 633521.277, 510075.025, 384568.008, 257381.287, 129001.161,    0.000,
   0.000, 134976.056, 269302.310, 402379.882, 533699.947, 662863.796, 789583.083, 913665.189, 1034991.141, 1153492.915, 1269134.466, 1381898.072, 1491775.636, 1598763.718, 1702860.955, 1804066.844, 1902381.212, 1997804.003, 2090335.201, 2179974.801, 2266722.801, 2350579.201, 2431544.001, 2509617.201, 2584798.801, 2657088.801, 2726487.201, 2792994.001, 2856609.201, 2917332.801, 2975164.801, 3030105.201, 3082154.001, 3131311.201, 3177576.801, 3220950.801, 3261433.201, 3299024.001, 3333723.201, 3365530.801, 3394446.801, 3420471.201, 3443604.001, 3463845.201, 3481194.801, 3495652.801, 3507219.201, 3515894.001, 3521677.201, 3524568.801, 3524568.801, 3521677.201, 3515894.001, 3507219.201, 3495652.801, 3481194.801, 3463845.201, 3443604.001, 3420471.201, 3394446.801, 3365530.801, 3333723.201, 3299024.001, 3261433.201, 3220950.801, 3177576.801, 3131311.201, 3082154.001, 3030105.201, 2975164.801, 2917332.801, 2856609.201, 2792994.001, 2726487.201, 2657088.801, 2584798.801, 2509617.201, 2431544.001, 2350579.201, 2266722.801, 2179974.801, 2090335.201, 1997804.003, 1902381.212, 1804066.844, 1702860.955, 1598763.718, 1491775.636, 1381898.072, 1269134.466, 1153492.915, 1034991.141, 913665.189, 789583.083, 662863.796, 533699.947, 402379.882, 269302.310, 134976.056,    0.000,
   0.000, 140764.235, 280850.802, 419635.135, 556586.591, 691289.362, 823442.738, 952845.840, 1079374.595, 1202958.062, 1323558.651, 1441157.881, 1555747.306, 1667323.340, 1775884.561, 1881430.445, 1983960.812, 2083475.603, 2179974.801, 2273458.400, 2363926.400, 2451378.800, 2535815.600, 2617236.800, 2695642.400, 2771032.400, 2843406.800, 2912765.600, 2979108.800, 3042436.400, 3102748.400, 3160044.800, 3214325.600, 3265590.800, 3313840.400, 3359074.400, 3401292.800, 3440495.600, 3476682.800, 3509854.400, 3540010.400, 3567150.800, 3591275.600, 3612384.800, 3630478.400, 3645556.400, 3657618.800, 3666665.600, 3672696.800, 3675712.400, 3675712.400, 3672696.800, 3666665.600, 3657618.800, 3645556.400, 3630478.400, 3612384.800, 3591275.600, 3567150.800, 3540010.400, 3509854.400, 3476682.800, 3440495.600, 3401292.800, 3359074.400, 3313840.400, 3265590.800, 3214325.600, 3160044.800, 3102748.400, 3042436.400, 2979108.800, 2912765.600, 2843406.800, 2771032.400, 2695642.400, 2617236.800, 2535815.600, 2451378.800, 2363926.400, 2273458.400, 2179974.801, 2083475.603, 1983960.812, 1881430.445, 1775884.561, 1667323.340, 1555747.306, 1441157.881, 1323558.651, 1202958.062, 1079374.595, 952845.840, 823442.738, 691289.362, 556586.591, 419635.135, 280850.802, 140764.235,    0.000,
   0.000, 146365.699, 292026.761, 436333.767, 578734.957, 718797.975, 856210.146, 990762.600, 1122326.325, 1250827.560, 1376227.218, 1498506.082, 1617655.374, 1733671.361, 1846552.567, 1956298.447, 2062908.812, 2166383.603, 2266722.801, 2363926.400, 2457994.400, 2548926.800, 2636723.600, 2721384.800, 2802910.400, 2881300.400, 2956554.800, 3028673.600, 3097656.800, 3163504.400, 3226216.400, 3285792.800, 3342233.600, 3395538.800, 3445708.400, 3492742.400, 3536640.800, 3577403.600, 3615030.800, 3649522.400, 3680878.400, 3709098.800, 3734183.600, 3756132.800, 3774946.400, 3790624.400, 3803166.800, 3812573.600, 3818844.800, 3821980.400, 3821980.400, 3818844.800, 3812573.600, 3803166.800, 3790624.400, 3774946.400, 3756132.800, 3734183.600, 3709098.800, 3680878.400, 3649522.400, 3615030.800, 3577403.600, 3536640.800, 3492742.400, 3445708.400, 3395538.800, 3342233.600, 3285792.800, 3226216.400, 3163504.400, 3097656.800, 3028673.600, 2956554.800, 2881300.400, 2802910.400, 2721384.800, 2636723.600, 2548926.800, 2457994.400, 2363926.400, 2266722.801, 2166383.603, 2062908.812, 1956298.447, 1846552.567, 1733671.361, 1617655.374, 1498506.082, 1376227.218, 1250827.560, 1122326.325, 990762.600, 856210.146, 718797.975, 578734.957, 436333.767, 292026.761, 146365.699,    0.000,
   0.000, 151780.448, 302830.189, 452475.778, 600145.043, 745389.634, 887885.307, 1027415.468, 1163846.331, 1297101.407, 1427140.166, 1553942.678, 1677499.839, 1797807.782, 1914864.973, 2028670.849, 2139225.213, 2246528.003, 2350579.201, 2451378.800, 2548926.800, 2643223.200, 2734268.000, 2822061.200, 2906602.800, 2987892.800, 3065931.200, 3140718.000, 3212253.200, 3280536.800, 3345568.800, 3407349.200, 3465878.000, 3521155.200, 3573180.800, 3621954.800, 3667477.200, 3709748.000, 3748767.200, 3784534.800, 3817050.800, 3846315.200, 3872328.000, 3895089.200, 3914598.800, 3930856.800, 3943863.200, 3953618.000, 3960121.200, 3963372.800, 3963372.800, 3960121.200, 3953618.000, 3943863.200, 3930856.800, 3914598.800, 3895089.200, 3872328.000, 3846315.200, 3817050.800, 3784534.800, 3748767.200, 3709748.000, 3667477.200, 3621954.800, 3573180.800, 3521155.200, 3465878.000, 3407349.200, 3345568.800, 3280536.800, 3212253.200, 3140718.000, 3065931.200, 2987892.800, 2906602.800, 2822061.200, 2734268.000, 2643223.200, 2548926.800, 2451378.800, 2350579.201, 2246528.003, 2139225.213, 2028670.849, 1914864.973, 1797807.782, 1677499.839, 1553942.678, 1427140.166, 1297101.407, 1163846.331, 1027415.468, 887885.307, 745389.634, 600145.043, 452475.778, 302830.189, 151780.448,    0.000,
   0.000, 157008.481, 313261.085, 468061.168, 620816.851, 771064.339, 918468.222, 1062804.443, 1203934.613, 1341779.605, 1476297.495, 1607467.666, 1735280.703, 1859732.602, 1980821.779, 2098547.650, 2212910.013, 2323908.803, 2431544.001, 2535815.600, 2636723.600, 2734268.000, 2828448.800, 2919266.000, 3006719.600, 3090809.600, 3171536.000, 3248898.800, 3322898.000, 3393533.600, 3460805.600, 3524714.000, 3585258.800, 3642440.000, 3696257.600, 3746711.600, 3793802.000, 3837528.800, 3877892.000, 3914891.600, 3948527.600, 3978800.000, 4005708.800, 4029254.000, 4049435.600, 4066253.600, 4079708.000, 4089798.800, 4096526.000, 4099889.600, 4099889.600, 4096526.000, 4089798.800, 4079708.000, 4066253.600, 4049435.600, 4029254.000, 4005708.800, 3978800.000, 3948527.600, 3914891.600, 3877892.000, 3837528.800, 3793802.000, 3746711.600, 3696257.600, 3642440.000, 3585258.800, 3524714.000, 3460805.600, 3393533.600, 3322898.000, 3248898.800, 3171536.000, 3090809.600, 3006719.600, 2919266.000, 2828448.800, 2734268.000, 2636723.600, 2535815.600, 2431544.001, 2323908.803, 2212910.013, 2098547.650, 1980821.779, 1859732.602, 1735280.703, 1607467.666, 1476297.495, 1341779.605, 1203934.613, 1062804.443, 918468.222, 771064.339, 620816.851, 468061.168, 313261.085, 157008.481,    0.000,
   0.000, 162049.798, 323319.448, 483089.937, 640750.380, 795822.090, 947958.889, 1096929.527, 1242591.170, 1384862.153, 1523699.205, 1659081.048, 1790997.964, 1919445.821, 2044422.985, 2165928.852, 2283963.214, 2398526.003, 2509617.201, 2617236.800, 2721384.800, 2822061.200, 2919266.000, 3012999.200, 3103260.800, 3190050.800, 3273369.200, 3353216.000, 3429591.200, 3502494.800, 3571926.800, 3637887.200, 3700376.000, 3759393.200, 3814938.800, 3867012.800, 3915615.200, 3960746.000, 4002405.200, 4040592.800, 4075308.800, 4106553.200, 4134326.000, 4158627.200, 4179456.800, 4196814.800, 4210701.200, 4221116.000, 4228059.200, 4231530.800, 4231530.800, 4228059.200, 4221116.000, 4210701.200, 4196814.800, 4179456.800, 4158627.200, 4134326.000, 4106553.200, 4075308.800, 4040592.800, 4002405.200, 3960746.000, 3915615.200, 3867012.800, 3814938.800, 3759393.200, 3700376.000, 3637887.200, 3571926.800, 3502494.800, 3429591.200, 3353216.000, 3273369.200, 3190050.800, 3103260.800, 3012999.200, 2919266.000, 2822061.200, 2721384.800, 2617236.800, 2509617.201, 2398526.003, 2283963.214, 2165928.852, 2044422.985, 1919445.821, 1790997.964, 1659081.048, 1523699.205, 1384862.153, 1242591.170, 1096929.527, 947958.889, 795822.090, 640750.380, 483089.937, 323319.448, 162049.798,    0.000,
   0.000, 166904.400, 333005.280, 497562.085, 659945.630, 819662.887, 976357.310, 1129790.719, 1279816.003, 1426349.051, 1569345.296, 1708782.823, 1844651.623, 1976947.440, 2105668.591, 2230814.454, 2352384.814, 2470379.604, 2584798.801, 2695642.400, 2802910.400, 2906602.800, 3006719.600, 3103260.800, 3196226.400, 3285616.400, 3371430.800, 3453669.600, 3532332.800, 3607420.400, 3678932.400, 3746868.800, 3811229.600, 3872014.800, 3929224.400, 3982858.400, 4032916.800, 4079399.600, 4122306.800, 4161638.400, 4197394.400, 4229574.800, 4258179.600, 4283208.800, 4304662.400, 4322540.400, 4336842.800, 4347569.600, 4354720.800, 4358296.400, 4358296.400, 4354720.800, 4347569.600, 4336842.800, 4322540.400, 4304662.400, 4283208.800, 4258179.600, 4229574.800, 4197394.400, 4161638.400, 4122306.800, 4079399.600, 4032916.800, 3982858.400, 3929224.400, 3872014.800, 3811229.600, 3746868.800, 3678932.400, 3607420.400, 3532332.800, 3453669.600, 3371430.800, 3285616.400, 3196226.400, 3103260.800, 3006719.600, 2906602.800, 2802910.400, 2695642.400, 2584798.801, 2470379.604, 2352384.814, 2230814.454, 2105668.591, 1976947.440, 1844651.623, 1708782.823, 1569345.296, 1426349.051, 1279816.003, 1129790.719, 976357.310, 819662.887, 659945.630, 497562.085, 333005.280, 166904.400,    0.000,
   0.000, 171572.287, 342318.579, 511477.612, 678402.601, 842586.731, 1003663.483, 1161388.019, 1315609.111, 1466240.299, 1613235.768, 1756572.991, 1896241.679, 2032237.458, 2164558.596, 2293204.455, 2418174.815, 2539469.604, 2657088.801, 2771032.400, 2881300.400, 2987892.800, 3090809.600, 3190050.800, 3285616.400, 3377506.400, 3465720.800, 3550259.600, 3631122.800, 3708310.400, 3781822.400, 3851658.800, 3917819.600, 3980304.800, 4039114.400, 4094248.400, 4145706.800, 4193489.600, 4237596.800, 4278028.400, 4314784.400, 4347864.800, 4377269.600, 4402998.800, 4425052.400, 4443430.400, 4458132.800, 4469159.600, 4476510.800, 4480186.400, 4480186.400, 4476510.800, 4469159.600, 4458132.800, 4443430.400, 4425052.400, 4402998.800, 4377269.600, 4347864.800, 4314784.400, 4278028.400, 4237596.800, 4193489.600, 4145706.800, 4094248.400, 4039114.400, 3980304.800, 3917819.600, 3851658.800, 3781822.400, 3708310.400, 3631122.800, 3550259.600, 3465720.800, 3377506.400, 3285616.400, 3190050.800, 3090809.600, 2987892.800, 2881300.400, 2771032.400, 2657088.801, 2539469.604, 2418174.815, 2293204.455, 2164558.596, 2032237.458, 1896241.679, 1756572.991, 1613235.768, 1466240.299, 1315609.111, 1161388.019, 1003663.483, 842586.731, 678402.601, 511477.612, 342318.579, 171572.287,    0.000,
   0.000, 176053.458, 351259.347, 524836.518, 696121.293, 864593.621, 1029877.410, 1191721.426, 1349970.496, 1504535.897, 1655370.621, 1802451.553, 1945768.133, 2085315.875, 2221093.001, 2353098.856, 2481333.215, 2605796.004, 2726487.201, 2843406.800, 2956554.800, 3065931.200, 3171536.000, 3273369.200, 3371430.800, 3465720.800, 3556239.200, 3642986.000, 3725961.200, 3805164.800, 3880596.800, 3952257.200, 4020146.000, 4084263.200, 4144608.800, 4201182.800, 4253985.200, 4303016.000, 4348275.200, 4389762.800, 4427478.800, 4461423.200, 4491596.000, 4517997.200, 4540626.800, 4559484.800, 4574571.200, 4585886.000, 4593429.200, 4597200.800, 4597200.800, 4593429.200, 4585886.000, 4574571.200, 4559484.800, 4540626.800, 4517997.200, 4491596.000, 4461423.200, 4427478.800, 4389762.800, 4348275.200, 4303016.000, 4253985.200, 4201182.800, 4144608.800, 4084263.200, 4020146.000, 3952257.200, 3880596.800, 3805164.800, 3725961.200, 3642986.000, 3556239.200, 3465720.800, 3371430.800, 3273369.200, 3171536.000, 3065931.200, 2956554.800, 2843406.800, 2726487.201, 2605796.004, 2481333.215, 2353098.856, 2221093.001, 2085315.875, 1945768.133, 1802451.553, 1655370.621, 1504535.897, 1349970.496, 1191721.426, 1029877.410, 864593.621, 696121.293, 524836.518, 351259.347, 176053.458,    0.000,
   0.000, 180347.913, 359827.583, 537638.802, 713101.706, 885683.557, 1054999.089, 1220790.942, 1382900.155, 1541235.846, 1695749.856, 1846418.508, 1993230.985, 2136182.691, 2275271.806, 2410497.658, 2541860.015, 2669358.804, 2792994.001, 2912765.600, 3028673.600, 3140718.000, 3248898.800, 3353216.000, 3453669.600, 3550259.600, 3642986.000, 3731848.800, 3816848.000, 3897983.600, 3975255.600, 4048664.000, 4118208.800, 4183890.000, 4245707.600, 4303661.600, 4357752.000, 4407978.800, 4454342.000, 4496841.600, 4535477.600, 4570250.000, 4601158.800, 4628204.000, 4651385.600, 4670703.600, 4686158.000, 4697748.800, 4705476.000, 4709339.600, 4709339.600, 4705476.000, 4697748.800, 4686158.000, 4670703.600, 4651385.600, 4628204.000, 4601158.800, 4570250.000, 4535477.600, 4496841.600, 4454342.000, 4407978.800, 4357752.000, 4303661.600, 4245707.600, 4183890.000, 4118208.800, 4048664.000, 3975255.600, 3897983.600, 3816848.000, 3731848.800, 3642986.000, 3550259.600, 3453669.600, 3353216.000, 3248898.800, 3140718.000, 3028673.600, 2912765.600, 2792994.001, 2669358.804, 2541860.015, 2410497.658, 2275271.806, 2136182.691, 1993230.985, 1846418.508, 1695749.856, 1541235.846, 1382900.155, 1220790.942, 1054999.089, 885683.557, 713101.706, 537638.802, 359827.583, 180347.913,    0.000,
   0.000, 184455.654, 368023.286, 549884.466, 729343.841, 905856.540, 1079028.522, 1248596.566, 1414398.091, 1576340.144, 1734373.471, 1888473.856, 2038630.235, 2184837.907, 2327095.011, 2465400.859, 2599755.216, 2730158.004, 2856609.201, 2979108.800, 3097656.800, 3212253.200, 3322898.000, 3429591.200, 3532332.800, 3631122.800, 3725961.200, 3816848.000, 3903783.200, 3986766.800, 4065798.800, 4140879.200, 4212008.000, 4279185.200, 4342410.800, 4401684.800, 4457007.200, 4508378.000, 4555797.200, 4599264.800, 4638780.800, 4674345.200, 4705958.000, 4733619.200, 4757328.800, 4777086.800, 4792893.200, 4804748.000, 4812651.200, 4816602.800, 4816602.800, 4812651.200, 4804748.000, 4792893.200, 4777086.800, 4757328.800, 4733619.200, 4705958.000, 4674345.200, 4638780.800, 4599264.800, 4555797.200, 4508378.000, 4457007.200, 4401684.800, 4342410.800, 4279185.200, 4212008.000, 4140879.200, 4065798.800, 3986766.800, 3903783.200, 3816848.000, 3725961.200, 3631122.800, 3532332.800, 3429591.200, 3322898.000, 3212253.200, 3097656.800, 2979108.800, 2856609.201, 2730158.004, 2599755.216, 2465400.859, 2327095.011, 2184837.907, 2038630.235, 1888473.856, 1734373.471, 1576340.144, 1414398.091, 1248596.566, 1079028.522, 905856.540, 729343.841, 549884.466, 368023.286, 184455.654,    0.000,
   0.000, 188376.678, 375846.458, 561573.509, 744847.697, 925112.569, 1101965.708, 1275138.298, 1444464.302, 1609848.792, 1771241.468, 1928617.597, 2081965.883, 2231281.522, 2376562.615, 2517808.460, 2655018.816, 2788193.604, 2917332.801, 3042436.400, 3163504.400, 3280536.800, 3393533.600, 3502494.800, 3607420.400, 3708310.400, 3805164.800, 3897983.600, 3986766.800, 4071514.400, 4152226.400, 4228902.800, 4301543.600, 4370148.800, 4434718.400, 4495252.400, 4551750.800, 4604213.600, 4652640.800, 4697032.400, 4737388.400, 4773708.800, 4805993.600, 4834242.800, 4858456.400, 4878634.400, 4894776.800, 4906883.600, 4914954.800, 4918990.400, 4918990.400, 4914954.800, 4906883.600, 4894776.800, 4878634.400, 4858456.400, 4834242.800, 4805993.600, 4773708.800, 4737388.400, 4697032.400, 4652640.800, 4604213.600, 4551750.800, 4495252.400, 4434718.400, 4370148.800, 4301543.600, 4228902.800, 4152226.400, 4071514.400, 3986766.800, 3897983.600, 3805164.800, 3708310.400, 3607420.400, 3502494.800, 3393533.600, 3280536.800, 3163504.400, 3042436.400, 2917332.801, 2788193.604, 2655018.816, 2517808.460, 2376562.615, 2231281.522, 2081965.883, 1928617.597, 1771241.468, 1609848.792, 1444464.302, 1275138.298, 1101965.708, 925112.569, 744847.697, 561573.509, 375846.458, 188376.678,    0.000,
   0.000, 192110.988, 383297.098, 572705.930, 759613.274, 943451.644, 1123810.647, 1300416.137, 1473098.789, 1641761.791, 1806353.846, 1966849.732, 2123237.928, 2275513.536, 2423674.619, 2567720.462, 2707650.816, 2843465.604, 2975164.801, 3102748.400, 3226216.400, 3345568.800, 3460805.600, 3571926.800, 3678932.400, 3781822.400, 3880596.800, 3975255.600, 4065798.800, 4152226.400, 4234538.400, 4312734.800, 4386815.600, 4456780.800, 4522630.400, 4584364.400, 4641982.800, 4695485.600, 4744872.800, 4790144.400, 4831300.400, 4868340.800, 4901265.600, 4930074.800, 4954768.400, 4975346.400, 4991808.800, 5004155.600, 5012386.800, 5016502.400, 5016502.400, 5012386.800, 5004155.600, 4991808.800, 4975346.400, 4954768.400, 4930074.800, 4901265.600, 4868340.800, 4831300.400, 4790144.400, 4744872.800, 4695485.600, 4641982.800, 4584364.400, 4522630.400, 4456780.800, 4386815.600, 4312734.800, 4234538.400, 4152226.400, 4065798.800, 3975255.600, 3880596.800, 3781822.400, 3678932.400, 3571926.800, 3460805.600, 3345568.800, 3226216.400, 3102748.400, 2975164.801, 2843465.604, 2707650.816, 2567720.462, 2423674.619, 2275513.536, 2123237.928, 1966849.732, 1806353.846, 1641761.791, 1473098.789, 1300416.137, 1123810.647, 943451.644, 759613.274, 572705.930, 383297.098, 192110.988,    0.000,
