   0.000,    0.000,    0.000,    0.000,    0.000,    0.000,    0.000,    0.000,    0.000,    0.000,    0.000,    0.000,    0.000,    0.000,    0.000,    0.000,    0.000,    0.000,    0.000,    0.000,    0.000,    0.000,    0.000,    0.000,    0.000,    0.000,    0.000,    0.000,    0.000,    0.000,    0.000,    0.000,    0.000,    0.000,    0.000,    0.000,    0.000,    0.000,    0.000,    0.000,    0.000,    0.000,    0.000,    0.000,    0.000,    0.000,    0.000,    0.000,    0.000,    0.000,    0.000,    0.000,    0.000,    0.000,    0.000,    0.000,    0.000,    0.000,    0.000,    0.000,    0.000,    0.000,    0.000,    0.000,    0.000,    0.000,    0.000,    0.000,    0.000,    0.000,    0.000,    0.000,    0.000,    0.000,    0.000,    0.000,    0.000,    0.000,    0.000,    0.000,    0.000,    0.000,    0.000,    0.000,    0.000,    0.000,    0.000,    0.000,    0.000,    0.000,    0.000,    0.000,    0.000,    0.000,    0.000,    0.000,    0.000,    0.000,    0.000,    0.000,
   0.000, 9368.673, 18629.407, 27722.014, 36626.155, 45337.409, 53855.143, 62179.295, 70309.862, 78246.845, 85990.242, 93540.055, 100896.283, 108058.925, 115027.983, 121803.456, 128385.344, 134773.647, 140968.365, 146969.498, 152777.046, 158391.009, 163811.388, 169038.181, 174071.389, 178911.013, 183557.051, 188009.505, 192268.374, 196333.657, 200205.356, 203883.470, 207367.999, 210658.943, 213756.302, 216660.076, 219370.265, 221886.869, 224209.889, 226339.323, 228275.172, 230017.437, 231566.116, 232921.211, 234082.720, 235050.645, 235824.985, 236405.740, 236792.910, 236986.494, 236986.494, 236792.910, 236405.740, 235824.985, 235050.645, 234082.720, 232921.211, 231566.116, 230017.437, 228275.172, 226339.323, 224209.889, 221886.869, 219370.265, 216660.076, 213756.302, 210658.943, 207367.999, 203883.470, 200205.356, 196333.657, 192268.374, 188009.505, 183557.051, 178911.013, 174071.389, 169038.181, 163811.388, 158391.009, 152777.046, 146969.498, 140968.365, 134773.647, 128385.344, 121803.456, 115027.983, 108058.925, 100896.283, 93540.055, 85990.242, 78246.845, 70309.862, 62179.295, 53855.143, 45337.409, 36626.155, 27722.014, 18629.407, 9368.673,    0.000,
   0.000, 18629.407, 37044.157, 55124.572, 72830.220, 90152.317, 107089.603, 123641.958, 139809.374, 155591.853, 170989.392, 186001.993, 200629.656, 214872.380, 228730.165, 242203.013, 255290.921, 267993.891, 280311.923, 292245.016, 303793.171, 314956.387, 325734.665, 336128.004, 346136.405, 355759.867, 364998.391, 373851.976, 382320.623, 390404.331, 398103.101, 405416.932, 412345.825, 418889.779, 425048.795, 430822.872, 436212.011, 441216.211, 445835.473, 450069.797, 453919.182, 457383.628, 460463.136, 463157.705, 465467.336, 467392.029, 468931.783, 470086.598, 470856.475, 471241.414, 471241.414, 470856.475, 470086.598, 468931.783, 467392.029, 465467.336, 463157.705, 460463.136, 457383.628, 453919.182, 450069.797, 445835.473, 441216.211, 436212.011, 430822.872, 425048.795, 418889.779, 412345.825, 405416.932, 398103.101, 390404.331, 382320.623, 373851.976, 364998.391, 355759.867, 346136.405, 336128.004, 325734.665, 314956.387, 303793.171, 292245.016, 280311.923, 267993.891, 255290.921, 242203.013, 228730.165, 214872.380, 200629.656, 186001.993, 170989.392, 155591.853, 139809.374, 123641.958, 107089.603, 90152.317, 72830.220, 55124.572, 37044.157, 18629.407,    0.000,
   0.000, 27722.014, 55124.572, 82029.592, 108376.922, 134153.498, 159357.445, 183988.586, 208046.911, 231532.418, 254445.108, 276784.981, 298552.036, 319746.275, 340367.696, 360416.299, 379892.086, 398795.055, 417125.207, 434882.542, 452067.059, 468678.759, 484717.642, 500183.708, 515076.957, 529397.388, 543145.002, 556319.798, 568921.778, 580950.940, 592407.285, 603290.813, 613601.523, 623339.417, 632504.493, 641096.751, 649116.193, 656562.817, 663436.624, 669737.614, 675465.786, 680621.142, 685203.680, 689213.400, 692650.304, 695514.390, 697805.659, 699524.111, 700669.745, 701242.562, 701242.562, 700669.745, 699524.111, 697805.659, 695514.390, 692650.304, 689213.400, 685203.680, 680621.142, 675465.786, 669737.614, 663436.624, 656562.817, 649116.193, 641096.751, 632504.493, 623339.417, 613601.523, 603290.813, 592407.285, 580950.940, 568921.778, 556319.798, 543145.002, 529397.388, 515076.957, 500183.708, 484717.642, 468678.759, 452067.059, 434882.542, 417125.207, 398795.055, 379892.086, 360416.299, 340367.696, 319746.275, 298552.036, 276784.981, 254445.108, 231532.418, 208046.911, 183988.586, 159357.445, 134153.498, 108376.922, 82029.592, 55124.572, 27722.014,    0.000,
   0.000, 36626.155, 72830.220, 108376.922, 143186.800, 177242.602, 210541.852, 243084.315, 274869.977, 305898.837, 336170.897, 365686.154, 394444.610, 422446.265, 449691.118, 476179.170, 501910.420, 526884.869, 551102.516, 574563.362, 597267.406, 619214.649, 640405.090, 660838.730, 680515.568, 699435.605, 717598.841, 735005.275, 751654.907, 767547.738, 782683.768, 797062.996, 810685.422, 823551.047, 835659.871, 847011.893, 857607.114, 867445.533, 876527.151, 884851.967, 892419.982, 899231.195, 905285.607, 910583.217, 915124.026, 918908.033, 921935.239, 924205.644, 925719.247, 926476.048, 926476.048, 925719.247, 924205.644, 921935.239, 918908.033, 915124.026, 910583.217, 905285.607, 899231.195, 892419.982, 884851.967, 876527.151, 867445.533, 857607.114, 847011.893, 835659.871, 823551.047, 810685.422, 797062.996, 782683.768, 767547.738, 751654.907, 735005.275, 717598.841, 699435.605, 680515.568, 660838.730, 640405.090, 619214.649, 597267.406, 574563.362, 551102.516, 526884.869, 501910.420, 476179.170, 449691.118, 422446.265, 394444.610, 365686.154, 336170.897, 305898.837, 274869.977, 243084.315, 210541.852, 177242.602, 143186.800, 108376.922, 72830.220, 36626.155,    0.000,
   0.000, 45337.409, 90152.317, 134153.498, 177242.602, 219398.279, 260617.464, 300899.867, 340245.470, 378654.273, 416126.277, 452661.480, 488259.883, 522921.486, 556646.289, 589434.292, 621285.495, 652199.898, 682177.500, 711218.303, 739322.305, 766489.508, 792719.910, 818013.512, 842370.314, 865790.316, 888273.518, 909819.920, 930429.522, 950102.324, 968838.325, 986637.527, 1003499.929, 1019425.530, 1034414.331, 1048466.332, 1061581.534, 1073759.935, 1085001.536, 1095306.337, 1104674.337, 1113105.538, 1120599.939, 1127157.539, 1132778.340, 1137462.340, 1141209.541, 1144019.941, 1145893.541, 1146830.341, 1146830.341, 1145893.541, 1144019.941, 1141209.541, 1137462.340, 1132778.340, 1127157.539, 1120599.939, 1113105.538, 1104674.337, 1095306.337, 1085001.536, 1073759.935, 1061581.534, 1048466.332, 1034414.331, 1019425.530, 1003499.929, 986637.527, 968838.325, 950102.324, 930429.522, 909819.920, 888273.518, 865790.316, 842370.314, 818013.512, 792719.910, 766489.508, 739322.305, 711218.303, 682177.500, 652199.898, 621285.495, 589434.292, 556646.289, 522921.486, 488259.883, 452661.480, 416126.277, 378654.273, 340245.470, 300899.867, 260617.464, 219398.279, 177242.602, 134153.498, 90152.317, 45337.409,    0.000,
   0.000, 53855.143, 107089.603, 159357.445, 210541.852, 260617.464, 309580.642, 357431.041, 404168.641, 449793.441, 494305.441, 537704.641, 579991.041, 621164.642, 661225.442, 700173.442, 738008.642, 774731.042, 810340.642, 844837.442, 878221.442, 910492.642, 941651.042, 971696.642, 1000629.442, 1028449.443, 1055156.643, 1080751.043, 1105232.643, 1128601.443, 1150857.443, 1172000.643, 1192031.043, 1210948.643, 1228753.443, 1245445.443, 1261024.643, 1275491.043, 1288844.643, 1301085.443, 1312213.443, 1322228.643, 1331131.043, 1338920.643, 1345597.443, 1351161.443, 1355612.643, 1358951.043, 1361176.643, 1362289.443, 1362289.443, 1361176.643, 1358951.043, 1355612.643, 1351161.443, 1345597.443, 1338920.643, 1331131.043, 1322228.643, 1312213.443, 1301085.443, 1288844.643, 1275491.043, 1261024.643, 1245445.443, 1228753.443, 1210948.643, 1192031.043, 1172000.643, 1150857.443, 1128601.443, 1105232.643, 1080751.043, 1055156.643, 1028449.443, 1000629.442, 971696.642, 941651.042, 910492.642, 878221.442, 844837.442, 810340.642, 774731.042, 738008.642, 700173.442, 661225.442, 621164.642, 579991.041, 537704.641, 494305.441, 449793.441, 404168.641, 357431.041, 309580.642, 260617.464, 210541.852, 159357.445, 107089.603, 53855.143,    0.000,
   0.000, 62179.295, 123641.958, 183988.586, 243084.315, 300899.867, 357431.041, 412677.440, 466639.040, 519315.840, 570707.840, 620815.040, 669637.440, 717175.040, 763427.840, 808395.840, 852079.040, 894477.440, 935591.040, 975419.840, 1013963.840, 1051223.040, 1087197.440, 1121887.040, 1155291.840, 1187411.840, 1218247.040, 1247797.440, 1276063.040, 1303043.840, 1328739.840, 1353151.040, 1376277.440, 1398119.040, 1418675.840, 1437947.840, 1455935.040, 1472637.440, 1488055.040, 1502187.840, 1515035.840, 1526599.040, 1536877.440, 1545871.040, 1553579.840, 1560003.840, 1565143.040, 1568997.440, 1571567.040, 1572851.840, 1572851.840, 1571567.040, 1568997.440, 1565143.040, 1560003.840, 1553579.840, 1545871.040, 1536877.440, 1526599.040, 1515035.840, 1502187.840, 1488055.040, 1472637.440, 1455935.040, 1437947.840, 1418675.840, 1398119.040, 1376277.440, 1353151.040, 1328739.840, 1303043.840, 1276063.040, 1247797.440, 1218247.040, 1187411.840, 1155291.840, 1121887.040, 1087197.440, 1051223.040, 1013963.840, 975419.840, 935591.040, 894477.440, 852079.040, 808395.840, 763427.840, 717175.040, 669637.440, 620815.040, 570707.840, 519315.840, 466639.040, 412677.440, 357431.041, 300899.867, 243084.315, 183988.586, 123641.958, 62179.295,    0.000,
   0.000, 70309.862, 139809.374, 208046.911, 274869.977, 340245.470, 404168.641, 466639.040, 527656.640, 587221.440, 645333.440, 701992.640, 757199.040, 810952.640, 863253.440, 914101.440, 963496.640, 1011439.040, 1057928.640, 1102965.440, 1146549.440, 1188680.640, 1229359.040, 1268584.640, 1306357.440, 1342677.440, 1377544.640, 1410959.040, 1442920.640, 1473429.440, 1502485.440, 1530088.640, 1556239.040, 1580936.640, 1604181.440, 1625973.440, 1646312.640, 1665199.040, 1682632.640, 1698613.440, 1713141.440, 1726216.640, 1737839.040, 1748008.640, 1756725.440, 1763989.440, 1769800.640, 1774159.040, 1777064.640, 1778517.440, 1778517.440, 1777064.640, 1774159.040, 1769800.640, 1763989.440, 1756725.440, 1748008.640, 1737839.040, 1726216.640, 1713141.440, 1698613.440, 1682632.640, 1665199.040, 1646312.640, 1625973.440, 1604181.440, 1580936.640, 1556239.040, 1530088.640, 1502485.440, 1473429.440, 1442920.640, 1410959.040, 1377544.640, 1342677.440, 1306357.440, 1268584.640, 1229359.040, 1188680.640, 1146549.440, 1102965.440, 1057928.640, 1011439.040, 963496.640, 914101.440, 863253.440, 810952.640, 757199.040, 701992.640, 645333.440, 587221.440, 527656.640, 466639.040, 404168.641, 340245.470, 274869.977, 208046.911, 139809.374, 70309.862,    0.000,
   0.000, 78246.845, 155591.853, 231532.418, 305898.837, 378654.273, 449793.441, 519315.840, 587221.440, 653510.240, 718182.240, 781237.440, 842675.840, 902497.440, 960702.240, 1017290.240, 1072261.440, 1125615.840, 1177353.440, 1227474.240, 1275978.240, 1322865.440, 1368135.840, 1411789.440, 1453826.240, 1494246.240, 1533049.440, 1570235.840, 1605805.440, 1639758.240, 1672094.240, 1702813.440, 1731915.840, 1759401.440, 1785270.240, 1809522.240, 1832157.440, 1853175.840, 1872577.440, 1890362.240, 1906530.240, 1921081.440, 1934015.840, 1945333.440, 1955034.240, 1963118.240, 1969585.440, 1974435.840, 1977669.440, 1979286.240, 1979286.240, 1977669.440, 1974435.840, 1969585.440, 1963118.240, 1955034.240, 1945333.440, 1934015.840, 1921081.440, 1906530.240, 1890362.240, 1872577.440, 1853175.840, 1832157.440, 1809522.240, 1785270.240, 1759401.440, 1731915.840, 1702813.440, 1672094.240, 1639758.240, 1605805.440, 1570235.840, 1533049.440, 1494246.240, 1453826.240, 1411789.440, 1368135.840, 1322865.440, 1275978.240, 1227474.240, 1177353.440, 1125615.840, 1072261.440, 1017290.240, 960702.240, 902497.440, 842675.840, 781237.440, 718182.240, 653510.240, 587221.440, 519315.840, 449793.441, 378654.273, 305898.837, 231532.418, 155591.853, 78246.845,    0.000,
   0.000, 85990.242, 170989.392, 254445.108, 336170.897, 416126.277, 494305.441, 570707.840, 645333.440, 718182.240, 789254.240, 858549.440, 926067.840, 991809.440, 1055774.240, 1117962.240, 1178373.440, 1237007.840, 1293865.440, 1348946.240, 1402250.240, 1453777.440, 1503527.840, 1551501.440, 1597698.240, 1642118.240, 1684761.440, 1725627.840, 1764717.440, 1802030.240, 1837566.240, 1871325.440, 1903307.840, 1933513.440, 1961942.240, 1988594.240, 2013469.440, 2036567.840, 2057889.440, 2077434.240, 2095202.240, 2111193.440, 2125407.840, 2137845.440, 2148506.240, 2157390.240, 2164497.440, 2169827.840, 2173381.440, 2175158.240, 2175158.240, 2173381.440, 2169827.840, 2164497.440, 2157390.240, 2148506.240, 2137845.440, 2125407.840, 2111193.440, 2095202.240, 2077434.240, 2057889.440, 2036567.840, 2013469.440, 1988594.240, 1961942.240, 1933513.440, 1903307.840, 1871325.440, 1837566.240, 1802030.240, 1764717.440, 1725627.840, 1684761.440, 1642118.240, 1597698.240, 1551501.440, 1503527.840, 1453777.440, 1402250.240, 1348946.240, 1293865.440, 1237007.840, 1178373.440, 1117962.240, 1055774.240, 991809.440, 926067.840, 858549.440, 789254.240, 718182.240, 645333.440, 570707.840, 494305.441, 416126.277, 336170.897, 254445.108, 170989.392, 85990.242,    0.000,
   0.000, 93540.055, 186001.993, 276784.981, 365686.154, 452661.480, 537704.641, 620815.040, 701992.640, 781237.440, 858549.440, 933928.640, 1007375.040, 1078888.640, 1148469.440, 1216117.440, 1281832.640, 1345615.040, 1407464.640, 1467381.440, 1525365.440, 1581416.640, 1635535.040, 1687720.640, 1737973.440, 1786293.440, 1832680.640, 1877135.040, 1919656.640, 1960245.440, 1998901.440, 2035624.640, 2070415.040, 2103272.640, 2134197.440, 2163189.440, 2190248.640, 2215375.040, 2238568.640, 2259829.440, 2279157.440, 2296552.640, 2312015.040, 2325544.640, 2337141.440, 2346805.440, 2354536.640, 2360335.040, 2364200.640, 2366133.440, 2366133.440, 2364200.640, 2360335.040, 2354536.640, 2346805.440, 2337141.440, 2325544.640, 2312015.040, 2296552.640, 2279157.440, 2259829.440, 2238568.640, 2215375.040, 2190248.640, 2163189.440, 2134197.440, 2103272.640, 2070415.040, 2035624.640, 1998901.440, 1960245.440, 1919656.640, 1877135.040, 1832680.640, 1786293.440, 1737973.440, 1687720.640, 1635535.040, 1581416.640, 1525365.440, 1467381.440, 1407464.640, 1345615.040, 1281832.640, 1216117.440, 1148469.440, 1078888.640, 1007375.040, 933928.640, 858549.440, 781237.440, 701992.640, 620815.040, 537704.641, 452661.480, 365686.154, 276784.981, 186001.993, 93540.055,    0.000,
   0.000, 100896.283, 200629.656, 298552.036, 394444.610, 488259.883, 579991.041, 669637.440, 757199.040, 842675.840, 926067.840, 1007375.040, 1086597.440, 1163735.040, 1238787.840, 1311755.840, 1382639.040, 1451437.440, 1518151.040, 1582779.840, 1645323.840, 1705783.040, 1764157.440, 1820447.040, 1874651.840, 1926771.840, 1976807.040, 2024757.440, 2070623.040, 2114403.840, 2156099.840, 2195711.040, 2233237.440, 2268679.040, 2302035.840, 2333307.840, 2362495.040, 2389597.440, 2414615.040, 2437547.840, 2458395.840, 2477159.040, 2493837.440, 2508431.040, 2520939.840, 2531363.840, 2539703.040, 2545957.440, 2550127.040, 2552211.840, 2552211.840, 2550127.040, 2545957.440, 2539703.040, 2531363.840, 2520939.840, 2508431.040, 2493837.440, 2477159.040, 2458395.840, 2437547.840, 2414615.040, 2389597.440, 2362495.040, 2333307.840, 2302035.840, 2268679.040, 2233237.440, 2195711.040, 2156099.840, 2114403.840, 2070623.040, 2024757.440, 1976807.040, 1926771.840, 1874651.840, 1820447.040, 1764157.440, 1705783.040, 1645323.840, 1582779.840, 1518151.040, 1451437.440, 1382639.040, 1311755.840, 1238787.840, 1163735.040, 1086597.440, 1007375.040, 926067.840, 842675.840, 757199.040, 669637.440, 579991.041, 488259.883, 394444.610, 298552.036, 200629.656, 100896.283,    0.000,
   0.000, 108058.925, 214872.380, 319746.275, 422446.265, 522921.486, 621164.642, 717175.040, 810952.640, 902497.440, 991809.440, 1078888.640, 1163735.040, 1246348.640, 1326729.440, 1404877.440, 1480792.640, 1554475.040, 1625924.640, 1695141.440, 1762125.440, 1826876.640, 1889395.040, 1949680.640, 2007733.440, 2063553.440, 2117140.640, 2168495.040, 2217616.640, 2264505.440, 2309161.440, 2351584.640, 2391775.040, 2429732.640, 2465457.440, 2498949.440, 2530208.640, 2559235.040, 2586028.640, 2610589.440, 2632917.440, 2653012.640, 2670875.040, 2686504.640, 2699901.440, 2711065.440, 2719996.640, 2726695.040, 2731160.640, 2733393.440, 2733393.440, 2731160.640, 2726695.040, 2719996.640, 2711065.440, 2699901.440, 2686504.640, 2670875.040, 2653012.640, 2632917.440, 2610589.440, 2586028.640, 2559235.040, 2530208.640, 2498949.440, 2465457.440, 2429732.640, 2391775.040, 2351584.640, 2309161.440, 2264505.440, 2217616.640, 2168495.040, 2117140.640, 2063553.440, 2007733.440, 1949680.640, 1889395.040, 1826876.640, 1762125.440, 1695141.440, 1625924.640, 1554475.040, 1480792.640, 1404877.440, 1326729.440, 1246348.640, 1163735.040, 1078888.640, 991809.440, 902497.440, 810952.640, 717175.040, 621164.642, 522921.486, 422446.265, 319746.275, 214872.380, 108058.925,    0.000,
   0.000, 115027.983, 228730.165, 340367.696, 449691.118, 556646.289, 661225.442, 763427.840, 863253.440, 960702.240, 1055774.240, 1148469.440, 1238787.840, 1326729.440, 1412294.240, 1495482.240, 1576293.440, 1654727.840, 1730785.440, 1804466.240, 1875770.240, 1944697.440, 2011247.840, 2075421.440, 2137218.240, 2196638.240, 2253681.440, 2308347.840, 2360637.440, 2410550.240, 2458086.240, 2503245.440, 2546027.840, 2586433.440, 2624462.240, 2660114.240, 2693389.440, 2724287.840, 2752809.440, 2778954.240, 2802722.240, 2824113.440, 2843127.840, 2859765.440, 2874026.240, 2885910.240, 2895417.440, 2902547.840, 2907301.440, 2909678.240, 2909678.240, 2907301.440, 2902547.840, 2895417.440, 2885910.240, 2874026.240, 2859765.440, 2843127.840, 2824113.440, 2802722.240, 2778954.240, 2752809.440, 2724287.840, 2693389.440, 2660114.240, 2624462.240, 2586433.440, 2546027.840, 2503245.440, 2458086.240, 2410550.240, 2360637.440, 2308347.840, 2253681.440, 2196638.240, 2137218.240, 2075421.440, 2011247.840, 1944697.440, 1875770.240, 1804466.240, 1730785.440, 1654727.840, 1576293.440, 1495482.240, 1412294.240, 1326729.440, 1238787.840, 1148469.440, 1055774.240, 960702.240, 863253.440, 763427.840, 661225.442, 556646.289, 449691.118, 340367.696, 228730.165, 115027.983,    0.000,
   0.000, 121803.456, 242203.013, 360416.299, 476179.170, 589434.292, 700173.442, 808395.840, 914101.440, 1017290.240, 1117962.240, 1216117.440, 1311755.840, 1404877.440, 1495482.240, 1583570.240, 1669141.440, 1752195.840, 1832733.440, 1910754.240, 1986258.240, 2059245.440, 2129715.840, 2197669.440, 2263106.240, 2326026.240, 2386429.440, 2444315.840, 2499685.440, 2552538.240, 2602874.240, 2650693.440, 2695995.840, 2738781.440, 2779050.240, 2816802.240, 2852037.440, 2884755.840, 2914957.440, 2942642.240, 2967810.240, 2990461.440, 3010595.840, 3028213.440, 3043314.240, 3055898.240, 3065965.440, 3073515.840, 3078549.440, 3081066.240, 3081066.240, 3078549.440, 3073515.840, 3065965.440, 3055898.240, 3043314.240, 3028213.440, 3010595.840, 2990461.440, 2967810.240, 2942642.240, 2914957.440, 2884755.840, 2852037.440, 2816802.240, 2779050.240, 2738781.440, 2695995.840, 2650693.440, 2602874.240, 2552538.240, 2499685.440, 2444315.840, 2386429.440, 2326026.240, 2263106.240, 2197669.440, 2129715.840, 2059245.440, 1986258.240, 1910754.240, 1832733.440, 1752195.840, 1669141.440, 1583570.240, 1495482.240, 1404877.440, 1311755.840, 1216117.440, 1117962.240, 1017290.240, 914101.440, 808395.840, 700173.442, 589434.292, 476179.170, 360416.299, 242203.013, 121803.456,    0.000,
   0.000, 128385.344, 255290.921, 379892.086, 501910.420, 621285.495, 738008.642, 852079.040, 963496.640, 1072261.440, 1178373.440, 1281832.640, 1382639.040, 1480792.640, 1576293.440, 1669141.440, 1759336.640, 1846879.040, 1931768.640, 2014005.440, 2093589.440, 2170520.640, 2244799.040, 2316424.640, 2385397.440, 2451717.440, 2515384.640, 2576399.040, 2634760.640, 2690469.440, 2743525.440, 2793928.640, 2841679.040, 2886776.640, 2929221.440, 2969013.440, 3006152.640, 3040639.040, 3072472.640, 3101653.440, 3128181.440, 3152056.640, 3173279.040, 3191848.640, 3207765.440, 3221029.440, 3231640.640, 3239599.040, 3244904.640, 3247557.440, 3247557.440, 3244904.640, 3239599.040, 3231640.640, 3221029.440, 3207765.440, 3191848.640, 3173279.040, 3152056.640, 3128181.440, 3101653.440, 3072472.640, 3040639.040, 3006152.640, 2969013.440, 2929221.440, 2886776.640, 2841679.040, 2793928.640, 2743525.440, 2690469.440, 2634760.640, 2576399.040, 2515384.640, 2451717.440, 2385397.440, 2316424.640, 2244799.040, 2170520.640, 2093589.440, 2014005.440, 1931768.640, 1846879.040, 1759336.640, 1669141.440, 1576293.440, 1480792.640, 1382639.040, 1281832.640, 1178373.440, 1072261.440, 963496.640, 852079.040, 738008.642, 621285.495, 501910.420, 379892.086, 255290.921, 128385.344,    0.000,
   0.000, 134773.647, 267993.891, 398795.055, 526884.869, 652199.898, 774731.042, 894477.440, 1011439.040, 1125615.840, 1237007.840, 1345615.040, 1451437.440, 1554475.040, 1654727.840, 1752195.840, 1846879.040, 1938777.440, 2027891.040, 2114219.840, 2197763.840, 2278523.040, 2356497.440, 2431687.040, 2504091.840, 2573711.840, 2640547.040, 2704597.440, 2765863.040, 2824343.840, 2880039.840, 2932951.040, 2983077.440, 3030419.040, 3074975.840, 3116747.840, 3155735.040, 3191937.440, 3225355.040, 3255987.840, 3283835.840, 3308899.040, 3331177.440, 3350671.040, 3367379.840, 3381303.840, 3392443.040, 3400797.440, 3406367.040, 3409151.840, 3409151.840, 3406367.040, 3400797.440, 3392443.040, 3381303.840, 3367379.840, 3350671.040, 3331177.440, 3308899.040, 3283835.840, 3255987.840, 3225355.040, 3191937.440, 3155735.040, 3116747.840, 3074975.840, 3030419.040, 2983077.440, 2932951.040, 2880039.840, 2824343.840, 2765863.040, 2704597.440, 2640547.040, 2573711.840, 2504091.840, 2431687.040, 2356497.440, 2278523.040, 2197763.840, 2114219.840, 2027891.040, 1938777.440, 1846879.040, 1752195.840, 1654727.840, 1554475.040, 1451437.440, 1345615.040, 1237007.840, 1125615.840, 1011439.040, 894477.440, 774731.042, 652199.898, 526884.869, 398795.055, 267993.891, 134773.647,    0.000,
   0.000, 140968.365, 280311.923, 417125.207, 551102.516, 682177.500, 810340.642, 935591.040, 1057928.640, 1177353.440, 1293865.440, 1407464.640, 1518151.040, 1625924.640, 1730785.440, 1832733.440, 1931768.640, 2027891.040, 2121100.640, 2211397.440, 2298781.440, 2383252.640, 2464811.040, 2543456.640, 2619189.440, 2692009.440, 2761916.640, 2828911.040, 2892992.640, 2954161.440, 3012417.440, 3067760.640, 3120191.040, 3169708.640, 3216313.440, 3260005.440, 3300784.640, 3338651.040, 3373604.640, 3405645.440, 3434773.440, 3460988.640, 3484291.040, 3504680.640, 3522157.440, 3536721.440, 3548372.640, 3557111.040, 3562936.640, 3565849.440, 3565849.440, 3562936.640, 3557111.040, 3548372.640, 3536721.440, 3522157.440, 3504680.640, 3484291.040, 3460988.640, 3434773.440, 3405645.440, 3373604.640, 3338651.040, 3300784.640, 3260005.440, 3216313.440, 3169708.640, 3120191.040, 3067760.640, 3012417.440, 2954161.440, 2892992.640, 2828911.040, 2761916.640, 2692009.440, 2619189.440, 2543456.640, 2464811.040, 2383252.640, 2298781.440, 2211397.440, 2121100.640, 2027891.040, 1931768.640, 1832733.440, 1730785.440, 1625924.640, 1518151.040, 1407464.640, 1293865.440, 1177353.440, 1057928.640, 935591.040, 810340.642, 682177.500, 551102.516, 417125.207, 280311.923, 140968.365,    0.000,
   0.000, 146969.498, 292245.016, 434882.542, 574563.362, 711218.303, 844837.442, 975419.840, 1102965.440, 1227474.240, 1348946.240, 1467381.440, 1582779.840, 1695141.440, 1804466.240, 1910754.240, 2014005.440, 2114219.840, 2211397.440, 2305538.240, 2396642.240, 2484709.440, 2569739.840, 2651733.440, 2730690.240, 2806610.240, 2879493.440, 2949339.840, 3016149.440, 3079922.240, 3140658.240, 3198357.440, 3253019.840, 3304645.440, 3353234.240, 3398786.240, 3441301.440, 3480779.840, 3517221.440, 3550626.240, 3580994.240, 3608325.440, 3632619.840, 3653877.440, 3672098.240, 3687282.240, 3699429.440, 3708539.840, 3714613.440, 3717650.240, 3717650.240, 3714613.440, 3708539.840, 3699429.440, 3687282.240, 3672098.240, 3653877.440, 3632619.840, 3608325.440, 3580994.240, 3550626.240, 3517221.440, 3480779.840, 3441301.440, 3398786.240, 3353234.240, 3304645.440, 3253019.840, 3198357.440, 3140658.240, 3079922.240, 3016149.440, 2949339.840, 2879493.440, 2806610.240, 2730690.240, 2651733.440, 2569739.840, 2484709.440, 2396642.240, 2305538.240, 2211397.440, 2114219.840, 2014005.440, 1910754.240, 1804466.240, 1695141.440, 1582779.840, 1467381.440, 1348946.240, 1227474.240, 1102965.440, 975419.840, 844837.442, 711218.303, 574563.362, 434882.542, 292245.016, 146969.498,    0.000,
   0.000, 152777.046, 303793.171, 452067.059, 597267.406, 739322.305, 878221.442, 1013963.840, 1146549.440, 1275978.240, 1402250.240, 1525365.440, 1645323.840, 1762125.440, 1875770.240, 1986258.240, 2093589.440, 2197763.840, 2298781.440, 2396642.240, 2491346.240, 2582893.440, 2671283.840, 2756517.440, 2838594.240, 2917514.240, 2993277.440, 3065883.840, 3135333.440, 3201626.240, 3264762.240, 3324741.440, 3381563.840, 3435229.440, 3485738.240, 3533090.240, 3577285.440, 3618323.840, 3656205.440, 3690930.240, 3722498.240, 3750909.440, 3776163.840, 3798261.440, 3817202.240, 3832986.240, 3845613.440, 3855083.840, 3861397.440, 3864554.240, 3864554.240, 3861397.440, 3855083.840, 3845613.440, 3832986.240, 3817202.240, 3798261.440, 3776163.840, 3750909.440, 3722498.240, 3690930.240, 3656205.440, 3618323.840, 3577285.440, 3533090.240, 3485738.240, 3435229.440, 3381563.840, 3324741.440, 3264762.240, 3201626.240, 3135333.440, 3065883.840, 2993277.440, 2917514.240, 2838594.240, 2756517.440, 2671283.840, 2582893.440, 2491346.240, 2396642.240, 2298781.440, 2197763.840, 2093589.440, 1986258.240, 1875770.240, 1762125.440, 1645323.840, 1525365.440, 1402250.240, 1275978.240, 1146549.440, 1013963.840, 878221.442, 739322.305, 597267.406, 452067.059, 303793.171, 152777.046,    0.000,
   0.000, 158391.009, 314956.387, 468678.759, 619214.649, 766489.508, 910492.642, 1051223.040, 1188680.640, 1322865.440, 1453777.440, 1581416.640, 1705783.040, 1826876.640, 1944697.440, 2059245.440, 2170520.640, 2278523.040, 2383252.640, 2484709.440, 2582893.440, 2677804.640, 2769443.040, 2857808.640, 2942901.440, 3024721.440, 3103268.640, 3178543.040, 3250544.640, 3319273.440, 3384729.440, 3446912.640, 3505823.040, 3561460.640, 3613825.440, 3662917.440, 3708736.640, 3751283.040, 3790556.640, 3826557.440, 3859285.440, 3888740.640, 3914923.040, 3937832.640, 3957469.440, 3973833.440, 3986924.640, 3996743.040, 4003288.640, 4006561.440, 4006561.440, 4003288.640, 3996743.040, 3986924.640, 3973833.440, 3957469.440, 3937832.640, 3914923.040, 3888740.640, 3859285.440, 3826557.440, 3790556.640, 3751283.040, 3708736.640, 3662917.440, 3613825.440, 3561460.640, 3505823.040, 3446912.640, 3384729.440, 3319273.440, 3250544.640, 3178543.040, 3103268.640, 3024721.440, 2942901.440, 2857808.640, 2769443.040, 2677804.640, 2582893.440, 2484709.440, 2383252.640, 2278523.040, 2170520.640, 2059245.440, 1944697.440, 1826876.640, 1705783.040, 1581416.640, 1453777.440, 1322865.440, 1188680.640, 1051223.040, 910492.642, 766489.508, 619214.649, 468678.759, 314956.387, 158391.009,    0.000,
   0.000, 163811.388, 325734.665, 484717.642, 640405.090, 792719.910, 941651.042, 1087197.440, 1229359.040, 1368135.840, 1503527.840, 1635535.040, 1764157.440, 1889395.040, 2011247.840, 2129715.840, 2244799.040, 2356497.440, 2464811.040, 2569739.840, 2671283.840, 2769443.040, 2864217.440, 2955607.040, 3043611.840, 3128231.840, 3209467.040, 3287317.440, 3361783.040, 3432863.840, 3500559.840, 3564871.040, 3625797.440, 3683339.040, 3737495.840, 3788267.840, 3835655.040, 3879657.440, 3920275.040, 3957507.840, 3991355.840, 4021819.040, 4048897.440, 4072591.040, 4092899.840, 4109823.840, 4123363.040, 4133517.440, 4140287.040, 4143671.840, 4143671.840, 4140287.040, 4133517.440, 4123363.040, 4109823.840, 4092899.840, 4072591.040, 4048897.440, 4021819.040, 3991355.840, 3957507.840, 3920275.040, 3879657.440, 3835655.040, 3788267.840, 3737495.840, 3683339.040, 3625797.440, 3564871.040, 3500559.840, 3432863.840, 3361783.040, 3287317.440, 3209467.040, 3128231.840, 3043611.840, 2955607.040, 2864217.440, 2769443.040, 2671283.840, 2569739.840, 2464811.040, 2356497.440, 2244799.040, 2129715.840, 2011247.840, 1889395.040, 1764157.440, 1635535.040, 1503527.840, 1368135.840, 1229359.040, 1087197.440, 941651.042, 792719.910, 640405.090, 484717.642, 325734.665, 163811.388,    0.000,
   0.000, 169038.181, 336128.004, 500183.708, 660838.730, 818013.512, 971696.642, 1121887.040, 1268584.640, 1411789.440, 1551501.440, 1687720.640, 1820447.040, 1949680.640, 2075421.440, 2197669.440, 2316424.640, 2431687.040, 2543456.640, 2651733.440, 2756517.440, 2857808.640, 2955607.040, 3049912.640, 3140725.440, 3228045.440, 3311872.640, 3392207.040, 3469048.640, 3542397.440, 3612253.440, 3678616.640, 3741487.040, 3800864.640, 3856749.440, 3909141.440, 3958040.640, 4003447.040, 4045360.640, 4083781.440, 4118709.440, 4150144.640, 4178087.040, 4202536.640, 4223493.440, 4240957.440, 4254928.640, 4265407.040, 4272392.640, 4275885.440, 4275885.440, 4272392.640, 4265407.040, 4254928.640, 4240957.440, 4223493.440, 4202536.640, 4178087.040, 4150144.640, 4118709.440, 4083781.440, 4045360.640, 4003447.040, 3958040.640, 3909141.440, 3856749.440, 3800864.640, 3741487.040, 3678616.640, 3612253.440, 3542397.440, 3469048.640, 3392207.040, 3311872.640, 3228045.440, 3140725.440, 3049912.640, 2955607.040, 2857808.640, 2756517.440, 2651733.440, 2543456.640, 2431687.040, 2316424.640, 2197669.440, 2075421.440, 1949680.640, 1820447.040, 1687720.640, 1551501.440, 1411789.440, 1268584.640, 1121887.040, 971696.642, 818013.512, 660838.730, 500183.708, 336128.004, 169038.181,    0.000,
   0.000, 174071.389, 346136.405, 515076.957, 680515.568, 842370.314, 1000629.442, 1155291.840, 1306357.440, 1453826.240, 1597698.240, 1737973.440, 1874651.840, 2007733.440, 2137218.240, 2263106.240, 2385397.440, 2504091.840, 2619189.440, 2730690.240, 2838594.240, 2942901.440, 3043611.840, 3140725.440, 3234242.240, 3324162.240, 3410485.440, 3493211.840, 3572341.440, 3647874.240, 3719810.240, 3788149.440, 3852891.840, 3914037.440, 3971586.240, 4025538.240, 4075893.440, 4122651.840, 4165813.440, 4205378.240, 4241346.240, 4273717.440, 4302491.840, 4327669.440, 4349250.240, 4367234.240, 4381621.440, 4392411.840, 4399605.440, 4403202.240, 4403202.240, 4399605.440, 4392411.840, 4381621.440, 4367234.240, 4349250.240, 4327669.440, 4302491.840, 4273717.440, 4241346.240, 4205378.240, 4165813.440, 4122651.840, 4075893.440, 4025538.240, 3971586.240, 3914037.440, 3852891.840, 3788149.440, 3719810.240, 3647874.240, 3572341.440, 3493211.840, 3410485.440, 3324162.240, 3234242.240, 3140725.440, 3043611.840, 2942901.440, 2838594.240, 2730690.240, 2619189.440, 2504091.840, 2385397.440, 2263106.240, 2137218.240, 2007733.440, 1874651.840, 1737973.440, 1597698.240, 1453826.240, 1306357.440, 1155291.840, 1000629.442, 842370.314, 680515.568, 515076.957, 346136.405, 174071.389,    0.000,
   0.000, 178911.013, 355759.867, 529397.388, 699435.605, 865790.316, 1028449.443, 1187411.840, 1342677.440, 1494246.240, 1642118.240, 1786293.440, 1926771.840, 2063553.440, 2196638.240, 2326026.240, 2451717.440, 2573711.840, 2692009.440, 2806610.240, 2917514.240, 3024721.440, 3128231.840, 3228045.440, 3324162.240, 3416582.240, 3505305.440, 3590331.840, 3671661.440, 3749294.240, 3823230.240, 3893469.440, 3960011.840, 4022857.440, 4082006.240, 4137458.240, 4189213.440, 4237271.840, 4281633.440, 4322298.240, 4359266.240, 4392537.440, 4422111.840, 4447989.440, 4470170.240, 4488654.240, 4503441.440, 4514531.840, 4521925.440, 4525622.240, 4525622.240, 4521925.440, 4514531.840, 4503441.440, 4488654.240, 4470170.240, 4447989.440, 4422111.840, 4392537.440, 4359266.240, 4322298.240, 4281633.440, 4237271.840, 4189213.440, 4137458.240, 4082006.240, 4022857.440, 3960011.840, 3893469.440, 3823230.240, 3749294.240, 3671661.440, 3590331.840, 3505305.440, 3416582.240, 3324162.240, 3228045.440, 3128231.840, 3024721.440, 2917514.240, 2806610.240, 2692009.440, 2573711.840, 2451717.440, 2326026.240, 2196638.240, 2063553.440, 1926771.840, 1786293.440, 1642118.240, 1494246.240, 1342677.440, 1187411.840, 1028449.443, 865790.316, 699435.605, 529397.388, 355759.867, 178911.013,    0.000,
   0.000, 183557.051, 364998.391, 543145.002, 717598.841, 888273.518, 1055156.643, 1218247.040, 1377544.640, 1533049.440, 1684761.440, 1832680.640, 1976807.040, 2117140.640, 2253681.440, 2386429.440, 2515384.640, 2640547.040, 2761916.640, 2879493.440, 2993277.440, 3103268.640, 3209467.040, 3311872.640, 3410485.440, 3505305.440, 3596332.640, 3683567.040, 3767008.640, 3846657.440, 3922513.440, 3994576.640, 4062847.040, 4127324.640, 4188009.440, 4244901.440, 4298000.640, 4347307.040, 4392820.640, 4434541.440, 4472469.440, 4506604.640, 4536947.040, 4563496.640, 4586253.440, 4605217.440, 4620388.640, 4631767.040, 4639352.640, 4643145.440, 4643145.440, 4639352.640, 4631767.040, 4620388.640, 4605217.440, 4586253.440, 4563496.640, 4536947.040, 4506604.640, 4472469.440, 4434541.440, 4392820.640, 4347307.040, 4298000.640, 4244901.440, 4188009.440, 4127324.640, 4062847.040, 3994576.640, 3922513.440, 3846657.440, 3767008.640, 3683567.040, 3596332.640, 3505305.440, 3410485.440, 3311872.640, 3209467.040, 3103268.640, 2993277.440, 2879493.440, 2761916.640, 2640547.040, 2515384.640, 2386429.440, 2253681.440, 2117140.640, 1976807.040, 1832680.640, 1684761.440, 1533049.440, 1377544.640, 1218247.040, 1055156.643, 888273.518, 717598.841, 543145.002, 364998.391, 183557.051,    0.000,
   0.000, 188009.505, 373851.976, 556319.798, 735005.275, 909819.920, 1080751.043, 1247797.440, 1410959.040, 1570235.840, 1725627.840, 1877135.040, 2024757.440, 2168495.040, 2308347.840, 2444315.840, 2576399.040, 2704597.440, 2828911.040, 2949339.840, 3065883.840, 3178543.040, 3287317.440, 3392207.040, 3493211.840, 3590331.840, 3683567.040, 3772917.440, 3858383.040, 3939963.840, 4017659.840, 4091471.040, 4161397.440, 4227439.040, 4289595.840, 4347867.840, 4402255.040, 4452757.440, 4499375.040, 4542107.840, 4580955.840, 4615919.040, 4646997.440, 4674191.040, 4697499.840, 4716923.840, 4732463.040, 4744117.440, 4751887.040, 4755771.840, 4755771.840, 4751887.040, 4744117.440, 4732463.040, 4716923.840, 4697499.840, 4674191.040, 4646997.440, 4615919.040, 4580955.840, 4542107.840, 4499375.040, 4452757.440, 4402255.040, 4347867.840, 4289595.840, 4227439.040, 4161397.440, 4091471.040, 4017659.840, 3939963.840, 3858383.040, 3772917.440, 3683567.040, 3590331.840, 3493211.840, 3392207.040, 3287317.440, 3178543.040, 3065883.840, 2949339.840, 2828911.040, 2704597.440, 2576399.040, 2444315.840, 2308347.840, 2168495.040, 2024757.440, 1877135.040, 1725627.840, 1570235.840, 1410959.040, 1247797.440, 1080751.043, 909819.920, 735005.275, 556319.798, 373851.976, 188009.505,    0.000,
   0.000, 192268.374, 382320.623, 568921.778, 751654.907, 930429.522, 1105232.643, 1276063.040, 1442920.640, 1605805.440, 1764717.440, 1919656.640, 2070623.040, 2217616.640, 2360637.440, 2499685.440, 2634760.640, 2765863.040, 2892992.640, 3016149.440, 3135333.440, 3250544.640, 3361783.040, 3469048.640, 3572341.440, 3671661.440, 3767008.640, 3858383.040, 3945784.640, 4029213.440, 4108669.440, 4184152.640, 4255663.040, 4323200.640, 4386765.440, 4446357.440, 4501976.640, 4553623.040, 4601296.640, 4644997.440, 4684725.440, 4720480.640, 4752263.040, 4780072.640, 4803909.440, 4823773.440, 4839664.640, 4851583.040, 4859528.640, 4863501.440, 4863501.440, 4859528.640, 4851583.040, 4839664.640, 4823773.440, 4803909.440, 4780072.640, 4752263.040, 4720480.640, 4684725.440, 4644997.440, 4601296.640, 4553623.040, 4501976.640, 4446357.440, 4386765.440, 4323200.640, 4255663.040, 4184152.640, 4108669.440, 4029213.440, 3945784.640, 3858383.040, 3767008.640, 3671661.440, 3572341.440, 3469048.640, 3361783.040, 3250544.640, 3135333.440, 3016149.440, 2892992.640, 2765863.040, 2634760.640, 2499685.440, 2360637.440, 2217616.640, 2070623.040, 1919656.640, 1764717.440, 1605805.440, 1442920.640, 1276063.040, 1105232.643, 930429.522, 751654.907, 568921.778, 382320.623, 192268.374,    0.000,
   0.000, 196333.657, 390404.331, 580950.940, 767547.738, 950102.324, 1128601.443, 1303043.840, 1473429.440, 1639758.240, 1802030.240, 1960245.440, 2114403.840, 2264505.440, 2410550.240, 2552538.240, 2690469.440, 2824343.840, 2954161.440, 3079922.240, 3201626.240, 3319273.440, 3432863.840, 3542397.440, 3647874.240, 3749294.240, 3846657.440, 3939963.840, 4029213.440, 4114406.240, 4195542.240, 4272621.440, 4345643.840, 4414609.440, 4479518.240, 4540370.240, 4597165.440, 4649903.840, 4698585.440, 4743210.240, 4783778.240, 4820289.440, 4852743.840, 4881141.440, 4905482.240, 4925766.240, 4941993.440, 4954163.840, 4962277.440, 4966334.240, 4966334.240, 4962277.440, 4954163.840, 4941993.440, 4925766.240, 4905482.240, 4881141.440, 4852743.840, 4820289.440, 4783778.240, 4743210.240, 4698585.440, 4649903.840, 4597165.440, 4540370.240, 4479518.240, 4414609.440, 4345643.840, 4272621.440, 4195542.240, 4114406.240, 4029213.440, 3939963.840, 3846657.440, 3749294.240, 3647874.240, 3542397.440, 3432863.840, 3319273.440, 3201626.240, 3079922.240, 2954161.440, 2824343.840, 2690469.440, 2552538.240, 2410550.240, 2264505.440, 2114403.840, 1960245.440, 1802030.240, 1639758.240, 1473429.440, 1303043.840, 1128601.443, 950102.324, 767547.738, 580950.940, 390404.331, 196333.657,    0.000,
   0.000, 200205.356, 398103.101, 592407.285, 782683.768, 968838.325, 1150857.443, 1328739.840, 1502485.440, 1672094.240, 1837566.240, 1998901.440, 2156099.840, 2309161.440, 2458086.240, 2602874.240, 2743525.440, 2880039.840, 3012417.440, 3140658.240, 3264762.240, 3384729.440, 3500559.840, 3612253.440, 3719810.240, 3823230.240, 3922513.440, 4017659.840, 4108669.440, 4195542.240, 4278278.240, 4356877.440, 4431339.840, 4501665.440, 4567854.240, 4629906.240, 4687821.440, 4741599.840, 4791241.440, 4836746.240, 4878114.240, 4915345.440, 4948439.840, 4977397.440, 5002218.240, 5022902.240, 5039449.440, 5051859.840, 5060133.440, 5064270.240, 5064270.240, 5060133.440, 5051859.840, 5039449.440, 5022902.240, 5002218.240, 4977397.440, 4948439.840, 4915345.440, 4878114.240, 4836746.240, 4791241.440, 4741599.840, 4687821.440, 4629906.240, 4567854.240, 4501665.440, 4431339.840, 4356877.440, 4278278.240, 4195542.240, 4108669.440, 4017659.840, 3922513.440, 3823230.240, 3719810.240, 3612253.440, 3500559.840, 3384729.440, 3264762.240, 3140658.240, 3012417.440, 2880039.840, 2743525.440, 2602874.240, 2458086.240, 2309161.440, 2156099.840, 1998901.440, 1837566.240, 1672094.240, 1502485.440, 1328739.840, 1150857.443, 968838.325, 782683.768, 592407.285, 398103.101, 200205.356,    0.000,
