   0.000,    0.000,    0.000,    0.000,    0.000,    0.000,    0.000,    0.000,    0.000,    0.000,    0.000,    0.000,    0.000,    0.000,    0.000,    0.000,    0.000,    0.000,    0.000,    0.000,    0.000,    0.000,    0.000,    0.000,    0.000,    0.000,    0.000,    0.000,    0.000,    0.000,    0.000,    0.000,    0.000,    0.000,    0.000,    0.000,    0.000,    0.000,    0.000,    0.000,    0.000,    0.000,    0.000,    0.000,    0.000,    0.000,    0.000,    0.000,    0.000,    0.000,    0.000,    0.000,    0.000,    0.000,    0.000,    0.000,    0.000,    0.000,    0.000,    0.000,    0.000,    0.000,    0.000,    0.000,    0.000,    0.000,    0.000,    0.000,    0.000,    0.000,    0.000,    0.000,    0.000,    0.000,    0.000,    0.000,    0.000,    0.000,    0.000,    0.000,    0.000,    0.000,    0.000,    0.000,    0.000,    0.000,    0.000,    0.000,    0.000,    0.000,    0.000,    0.000,    0.000,    0.000,    0.000,    0.000,    0.000,    0.000,    0.000,    0.000,
   0.000, 8707.151, 17372.699, 25958.249, 34431.095, 42765.505, 50942.773, 58950.321, 66780.321, 74428.257, 81891.715, 89169.491, 96261.031, 103166.096, 109884.589, 116416.476, 122761.743, 128920.386, 134892.404, 140677.797, 146276.564, 151688.705, 156914.221, 161953.112, 166805.376, 171471.016, 175950.029, 180242.417, 184348.180, 188267.317, 191999.828, 195545.714, 198904.974, 202077.609, 205063.618, 207863.002, 210475.760, 212901.892, 215141.399, 217194.280, 219060.536, 220740.166, 222233.171, 223539.550, 224659.303, 225592.431, 226338.933, 226898.810, 227272.061, 227458.686, 227458.686, 227272.061, 226898.810, 226338.933, 225592.431, 224659.303, 223539.550, 222233.171, 220740.166, 219060.536, 217194.280, 215141.399, 212901.892, 210475.760, 207863.002, 205063.618, 202077.609, 198904.974, 195545.714, 191999.828, 188267.317, 184348.180, 180242.417, 175950.029, 171471.016, 166805.376, 161953.112, 156914.221, 151688.705, 146276.564, 140677.797, 134892.404, 128920.386, 122761.743, 116416.476, 109884.589, 103166.096, 96261.031, 89169.491, 81891.715, 74428.257, 66780.321, 58950.321, 50942.773, 42765.505, 34431.095, 25958.249, 17372.699, 8707.151,    0.000,
   0.000, 17372.699, 34662.389, 51792.467, 68697.672, 85326.666, 101642.124, 117618.953, 133241.534, 148500.857, 163392.103, 177912.875, 192062.064, 205839.194, 219244.074, 232276.630, 244936.840, 257224.694, 269140.189, 280683.325, 291854.103, 302652.521, 313078.579, 323132.279, 332813.619, 342122.600, 351059.222, 359623.484, 367815.388, 375634.932, 383082.117, 390156.942, 396859.409, 403189.516, 409147.264, 414732.652, 419945.682, 424786.352, 429254.663, 433350.614, 437074.207, 440425.440, 443404.314, 446010.829, 448244.984, 450106.780, 451596.217, 452713.295, 453458.013, 453830.373, 453830.373, 453458.013, 452713.295, 451596.217, 450106.780, 448244.984, 446010.829, 443404.314, 440425.440, 437074.207, 433350.614, 429254.663, 424786.352, 419945.682, 414732.652, 409147.264, 403189.516, 396859.409, 390156.942, 383082.117, 375634.932, 367815.388, 359623.484, 351059.222, 342122.600, 332813.619, 323132.279, 313078.579, 302652.521, 291854.103, 280683.325, 269140.189, 257224.694, 244936.840, 232276.630, 219244.074, 205839.194, 192062.064, 177912.875, 163392.103, 148500.857, 133241.534, 117618.953, 101642.124, 85326.666, 68697.672, 51792.467, 34662.389, 17372.699,    0.000,
   0.000, 25958.249, 51792.467, 77388.188, 102647.903, 127494.899, 151873.409, 175745.937, 199089.148, 221889.580, 244140.031, 265836.920, 286978.591, 307564.333, 327593.859, 347067.063, 365983.905, 384344.375, 402148.469, 419396.185, 436087.523, 452222.484, 467801.066, 482823.270, 497289.097, 511198.546, 524551.616, 537348.309, 549588.624, 561272.560, 572400.119, 582971.300, 592986.103, 602444.528, 611346.575, 619692.244, 627481.535, 634714.449, 641390.984, 647511.141, 653074.921, 658082.322, 662533.346, 666427.991, 669766.259, 672548.149, 674773.660, 676442.794, 677555.550, 678111.928, 678111.928, 677555.550, 676442.794, 674773.660, 672548.149, 669766.259, 666427.991, 662533.346, 658082.322, 653074.921, 647511.141, 641390.984, 634714.449, 627481.535, 619692.244, 611346.575, 602444.528, 592986.103, 582971.300, 572400.119, 561272.560, 549588.624, 537348.309, 524551.616, 511198.546, 497289.097, 482823.270, 467801.066, 452222.484, 436087.523, 419396.185, 402148.469, 384344.375, 365983.905, 347067.063, 327593.859, 307564.333, 286978.591, 265836.920, 244140.031, 221889.580, 199089.148, 175745.937, 151873.409, 127494.899, 102647.903, 77388.188, 51792.467, 25958.249,    0.000,
   0.000, 34431.095, 68697.672, 102647.903, 136152.448, 169109.557, 201445.259, 233109.824, 264072.298, 294314.828, 323827.861, 352606.649, 380648.995, 407953.955, 434521.149, 460350.436, 485441.765, 509795.121, 533410.498, 556287.895, 578427.312, 599828.748, 620492.204, 640417.679, 659605.173, 678054.687, 695766.220, 712739.773, 728975.345, 744472.937, 759232.548, 773254.179, 786537.829, 799083.498, 810891.187, 821960.896, 832292.624, 841886.371, 850742.137, 858859.924, 866239.729, 872881.554, 878785.399, 883951.263, 888379.146, 892069.049, 895020.971, 897234.913, 898710.874, 899448.854, 899448.854, 898710.874, 897234.913, 895020.971, 892069.049, 888379.146, 883951.263, 878785.399, 872881.554, 866239.729, 858859.924, 850742.137, 841886.371, 832292.624, 821960.896, 810891.187, 799083.498, 786537.829, 773254.179, 759232.548, 744472.937, 728975.345, 712739.773, 695766.220, 678054.687, 659605.173, 640417.679, 620492.204, 599828.748, 578427.312, 556287.895, 533410.498, 509795.121, 485441.765, 460350.436, 434521.149, 407953.955, 380648.995, 352606.649, 323827.861, 294314.828, 264072.298, 233109.824, 201445.259, 169109.557, 136152.448, 102647.903, 68697.672, 34431.095,    0.000,
   0.000, 42765.505, 85326.666, 127494.899, 169109.557, 210044.258, 250207.131, 289536.405, 327993.637, 365556.654, 402213.591, 437958.550, 472788.806, 506703.184, 539701.214, 571782.718, 602947.636, 633195.947, 662527.645, 690942.727, 718441.195, 745023.047, 770688.283, 795436.903, 819268.908, 842184.298, 864183.072, 885265.230, 905430.773, 924679.700, 943012.012, 960427.708, 976926.788, 992509.253, 1007175.102, 1020924.336, 1033756.954, 1045672.957, 1056672.344, 1066755.115, 1075921.271, 1084170.811, 1091503.736, 1097920.045, 1103419.738, 1108002.816, 1111669.278, 1114419.125, 1116252.356, 1117168.972, 1117168.972, 1116252.356, 1114419.125, 1111669.278, 1108002.816, 1103419.738, 1097920.045, 1091503.736, 1084170.811, 1075921.271, 1066755.115, 1056672.344, 1045672.957, 1033756.954, 1020924.336, 1007175.102, 992509.253, 976926.788, 960427.708, 943012.012, 924679.700, 905430.773, 885265.230, 864183.072, 842184.298, 819268.908, 795436.903, 770688.283, 745023.047, 718441.195, 690942.727, 662527.645, 633195.947, 602947.636, 571782.718, 539701.214, 506703.184, 472788.806, 437958.550, 402213.591, 365556.654, 327993.637, 289536.405, 250207.131, 210044.258, 169109.557, 127494.899, 85326.666, 42765.505,    0.000,
   0.000, 50942.773, 101642.124, 151873.409, 201445.259, 250207.131, 298049.583, 344899.037, 390709.703, 435455.167, 479121.298, 521701.071, 563191.238, 603590.402, 642898.003, 681113.829, 718237.807, 754269.913, 789210.140, 823058.486, 855814.950, 887479.531, 918052.231, 947533.048, 975921.984, 1003219.037, 1029424.208, 1054537.497, 1078558.904, 1101488.428, 1123326.071, 1144071.831, 1163725.709, 1182287.706, 1199757.820, 1216136.052, 1231422.401, 1245616.869, 1258719.455, 1270730.158, 1281648.979, 1291475.918, 1300210.975, 1307854.150, 1314405.443, 1319864.854, 1324232.382, 1327508.029, 1329691.793, 1330783.675, 1330783.675, 1329691.793, 1327508.029, 1324232.382, 1319864.854, 1314405.443, 1307854.150, 1300210.975, 1291475.918, 1281648.979, 1270730.158, 1258719.455, 1245616.869, 1231422.401, 1216136.052, 1199757.820, 1182287.706, 1163725.709, 1144071.831, 1123326.071, 1101488.428, 1078558.904, 1054537.497, 1029424.208, 1003219.037, 975921.984, 947533.048, 918052.231, 887479.531, 855814.950, 823058.486, 789210.140, 754269.913, 718237.807, 681113.829, 642898.003, 603590.402, 563191.238, 521701.071, 479121.298, 435455.167, 390709.703, 344899.037, 298049.583, 250207.131, 201445.259, 151873.409, 101642.124, 50942.773,    0.000,
   0.000, 58950.321, 117618.953, 175745.937, 233109.824, 289536.405, 344899.037, 399112.582, 452124.048, 503902.877, 554432.714, 603705.432, 651717.274, 698466.621, 743952.826, 788175.645, 831134.993, 872830.843, 913263.184, 952432.016, 990337.338, 1026979.149, 1062357.449, 1096472.238, 1129323.517, 1160911.285, 1191235.542, 1220296.289, 1248093.525, 1274627.250, 1299897.464, 1323904.168, 1346647.361, 1368127.043, 1388343.215, 1407295.875, 1424985.025, 1441410.665, 1456572.793, 1470471.411, 1483106.519, 1494478.115, 1504586.201, 1513430.776, 1521011.840, 1527329.394, 1532383.437, 1536173.969, 1538700.990, 1539964.501, 1539964.501, 1538700.990, 1536173.969, 1532383.437, 1527329.394, 1521011.840, 1513430.776, 1504586.201, 1494478.115, 1483106.519, 1470471.411, 1456572.793, 1441410.665, 1424985.025, 1407295.875, 1388343.215, 1368127.043, 1346647.361, 1323904.168, 1299897.464, 1274627.250, 1248093.525, 1220296.289, 1191235.542, 1160911.285, 1129323.517, 1096472.238, 1062357.449, 1026979.149, 990337.338, 952432.016, 913263.184, 872830.843, 831134.993, 788175.645, 743952.826, 698466.621, 651717.274, 603705.432, 554432.714, 503902.877, 452124.048, 399112.582, 344899.037, 289536.405, 233109.824, 175745.937, 117618.953, 58950.321,    0.000,
   0.000, 66780.321, 133241.534, 199089.148, 264072.298, 327993.637, 390709.703, 452124.048, 512176.649, 570832.886, 628074.236, 683891.492, 738280.397, 791239.121, 842766.928, 892863.543, 941528.869, 988762.875, 1034565.551, 1078936.894, 1121876.904, 1163385.580, 1203462.923, 1242108.932, 1279323.607, 1315106.948, 1349458.956, 1382379.631, 1413868.971, 1443926.978, 1472553.652, 1499748.991, 1525512.997, 1549845.669, 1572747.008, 1594217.013, 1614255.684, 1632863.022, 1650039.026, 1665783.696, 1680097.033, 1692979.036, 1704429.705, 1714449.041, 1723037.043, 1730193.711, 1735919.046, 1740213.047, 1743075.714, 1744507.048, 1744507.048, 1743075.714, 1740213.047, 1735919.046, 1730193.711, 1723037.043, 1714449.041, 1704429.705, 1692979.036, 1680097.033, 1665783.696, 1650039.026, 1632863.022, 1614255.684, 1594217.013, 1572747.008, 1549845.669, 1525512.997, 1499748.991, 1472553.652, 1443926.978, 1413868.971, 1382379.631, 1349458.956, 1315106.948, 1279323.607, 1242108.932, 1203462.923, 1163385.580, 1121876.904, 1078936.894, 1034565.551, 988762.875, 941528.869, 892863.543, 842766.928, 791239.121, 738280.397, 683891.492, 628074.236, 570832.886, 512176.649, 452124.048, 390709.703, 327993.637, 264072.298, 199089.148, 133241.534, 66780.321,    0.000,
   0.000, 74428.257, 148500.857, 221889.580, 294314.828, 365556.654, 435455.167, 503902.877, 570832.886, 636206.613, 700003.415, 762213.029, 822830.715, 881854.430, 939283.355, 995117.183, 1049355.808, 1101999.193, 1153047.328, 1202500.209, 1250357.837, 1296620.211, 1341287.330, 1384359.195, 1425835.806, 1465717.162, 1504003.265, 1540694.113, 1575789.706, 1609290.046, 1641195.131, 1671504.962, 1700219.539, 1727338.861, 1752862.929, 1776791.743, 1799125.303, 1819863.608, 1839006.660, 1856554.456, 1872506.999, 1886864.287, 1899626.321, 1910793.101, 1920364.627, 1928340.898, 1934721.915, 1939507.678, 1942698.187, 1944293.441, 1944293.441, 1942698.187, 1939507.678, 1934721.915, 1928340.898, 1920364.627, 1910793.101, 1899626.321, 1886864.287, 1872506.999, 1856554.456, 1839006.660, 1819863.608, 1799125.303, 1776791.743, 1752862.929, 1727338.861, 1700219.539, 1671504.962, 1641195.131, 1609290.046, 1575789.706, 1540694.113, 1504003.265, 1465717.162, 1425835.806, 1384359.195, 1341287.330, 1296620.211, 1250357.837, 1202500.209, 1153047.328, 1101999.193, 1049355.808, 995117.183, 939283.355, 881854.430, 822830.715, 762213.029, 700003.415, 636206.613, 570832.886, 503902.877, 435455.167, 365556.654, 294314.828, 221889.580, 148500.857, 74428.257,    0.000,
   0.000, 81891.715, 163392.103, 244140.031, 323827.861, 402213.591, 479121.298, 554432.714, 628074.236, 700003.415, 770197.537, 838645.315, 905341.531, 970283.937, 1033471.634, 1094904.283, 1154581.767, 1212504.047, 1268671.110, 1323082.953, 1375739.577, 1426640.979, 1475787.161, 1523178.122, 1568813.862, 1612694.382, 1654819.680, 1695189.758, 1733804.615, 1770664.252, 1805768.667, 1839117.862, 1870711.836, 1900550.589, 1928634.121, 1954962.433, 1979535.524, 2002353.394, 2023416.043, 2042723.472, 2060275.680, 2076072.667, 2090114.433, 2102400.978, 2112932.303, 2121708.407, 2128729.290, 2133994.952, 2137505.394, 2139260.615, 2139260.615, 2137505.394, 2133994.952, 2128729.290, 2121708.407, 2112932.303, 2102400.978, 2090114.433, 2076072.667, 2060275.680, 2042723.472, 2023416.043, 2002353.394, 1979535.524, 1954962.433, 1928634.121, 1900550.589, 1870711.836, 1839117.862, 1805768.667, 1770664.252, 1733804.615, 1695189.758, 1654819.680, 1612694.382, 1568813.862, 1523178.122, 1475787.161, 1426640.979, 1375739.577, 1323082.953, 1268671.110, 1212504.047, 1154581.767, 1094904.283, 1033471.634, 970283.937, 905341.531, 838645.315, 770197.537, 700003.415, 628074.236, 554432.714, 479121.298, 402213.591, 323827.861, 244140.031, 163392.103, 81891.715,    0.000,
   0.000, 89169.491, 177912.875, 265836.920, 352606.649, 437958.550, 521701.071, 603705.432, 683891.492, 762213.029, 838645.315, 913176.058, 985799.576, 1056513.424, 1125316.620, 1192208.798, 1257189.828, 1320259.669, 1381418.307, 1440665.740, 1498001.965, 1553426.982, 1606940.792, 1658543.395, 1708234.790, 1756014.977, 1801883.957, 1845841.730, 1887888.295, 1928023.652, 1966247.802, 2002560.745, 2036962.480, 2069453.007, 2100032.327, 2128700.440, 2155457.345, 2180303.043, 2203237.533, 2224260.815, 2243372.890, 2260573.758, 2275863.418, 2289241.870, 2300709.115, 2310265.153, 2317909.983, 2323643.605, 2327466.020, 2329377.228, 2329377.228, 2327466.020, 2323643.605, 2317909.983, 2310265.153, 2300709.115, 2289241.870, 2275863.418, 2260573.758, 2243372.890, 2224260.815, 2203237.533, 2180303.043, 2155457.345, 2128700.440, 2100032.327, 2069453.007, 2036962.480, 2002560.745, 1966247.802, 1928023.652, 1887888.295, 1845841.730, 1801883.957, 1756014.977, 1708234.790, 1658543.395, 1606940.792, 1553426.982, 1498001.965, 1440665.740, 1381418.307, 1320259.669, 1257189.828, 1192208.798, 1125316.620, 1056513.424, 985799.576, 913176.058, 838645.315, 762213.029, 683891.492, 603705.432, 521701.071, 437958.550, 352606.649, 265836.920, 177912.875, 89169.491,    0.000,
   0.000, 96261.031, 192062.064, 286978.591, 380648.995, 472788.806, 563191.238, 651717.274, 738280.397, 822830.715, 905341.531, 985799.576, 1064198.718, 1140536.317, 1214811.313, 1287023.311, 1357172.171, 1425257.848, 1491280.328, 1555239.607, 1617135.683, 1676968.557, 1734738.229, 1790444.698, 1844087.964, 1895668.028, 1945184.889, 1992638.548, 2038029.004, 2081356.258, 2122620.309, 2161821.157, 2198958.803, 2234033.247, 2267044.488, 2297992.526, 2326877.362, 2353698.995, 2378457.425, 2401152.654, 2421784.679, 2440353.502, 2456859.122, 2471301.540, 2483680.756, 2493996.768, 2502249.579, 2508439.186, 2512565.591, 2514628.794, 2514628.794, 2512565.591, 2508439.186, 2502249.579, 2493996.768, 2483680.756, 2471301.540, 2456859.122, 2440353.502, 2421784.679, 2401152.654, 2378457.425, 2353698.995, 2326877.362, 2297992.526, 2267044.488, 2234033.247, 2198958.803, 2161821.157, 2122620.309, 2081356.258, 2038029.004, 1992638.548, 1945184.889, 1895668.028, 1844087.964, 1790444.698, 1734738.229, 1676968.557, 1617135.683, 1555239.607, 1491280.328, 1425257.848, 1357172.171, 1287023.311, 1214811.313, 1140536.317, 1064198.718, 985799.576, 905341.531, 822830.715, 738280.397, 651717.274, 563191.238, 472788.806, 380648.995, 286978.591, 192062.064, 96261.031,    0.000,
   0.000, 103166.096, 205839.194, 307564.333, 407953.955, 506703.184, 603590.402, 698466.621, 791239.121, 881854.430, 970283.937, 1056513.424, 1140536.317, 1222349.787, 1301952.700, 1379344.631, 1454525.430, 1527495.049, 1598253.474, 1666800.698, 1733136.723, 1797261.547, 1859175.170, 1918877.592, 1976368.813, 2031648.834, 2084717.653, 2135575.272, 2184221.690, 2230656.907, 2274880.924, 2316893.739, 2356695.354, 2394285.768, 2429664.981, 2462832.993, 2493789.805, 2522535.415, 2549069.825, 2573393.034, 2595505.042, 2615405.850, 2633095.456, 2648573.862, 2661841.067, 2672897.071, 2681741.874, 2688375.477, 2692797.879, 2695009.079, 2695009.079, 2692797.879, 2688375.477, 2681741.874, 2672897.071, 2661841.067, 2648573.862, 2633095.456, 2615405.850, 2595505.042, 2573393.034, 2549069.825, 2522535.415, 2493789.805, 2462832.993, 2429664.981, 2394285.768, 2356695.354, 2316893.739, 2274880.924, 2230656.907, 2184221.690, 2135575.272, 2084717.653, 2031648.834, 1976368.813, 1918877.592, 1859175.170, 1797261.547, 1733136.723, 1666800.698, 1598253.474, 1527495.049, 1454525.430, 1379344.631, 1301952.700, 1222349.787, 1140536.317, 1056513.424, 970283.937, 881854.430, 791239.121, 698466.621, 603590.402, 506703.184, 407953.955, 307564.333, 205839.194, 103166.096,    0.000,
   0.000, 109884.589, 219244.074, 327593.859, 434521.149, 539701.214, 642898.003, 743952.826, 842766.928, 939283.355, 1033471.634, 1125316.620, 1214811.313, 1301952.700, 1386739.572, 1469171.477, 1549248.255, 1626969.854, 1702336.260, 1775347.467, 1846003.475, 1914304.282, 1980249.889, 2043840.295, 2105075.502, 2163955.508, 2220480.314, 2274649.920, 2326464.325, 2375923.530, 2423027.535, 2467776.340, 2510169.944, 2550208.349, 2587891.553, 2623219.556, 2656192.360, 2686809.963, 2715072.366, 2740979.569, 2764531.571, 2785728.373, 2804569.975, 2821056.377, 2835187.579, 2846963.580, 2856384.381, 2863449.982, 2868160.382, 2870515.582, 2870515.582, 2868160.382, 2863449.982, 2856384.381, 2846963.580, 2835187.579, 2821056.377, 2804569.975, 2785728.373, 2764531.571, 2740979.569, 2715072.366, 2686809.963, 2656192.360, 2623219.556, 2587891.553, 2550208.349, 2510169.944, 2467776.340, 2423027.535, 2375923.530, 2326464.325, 2274649.920, 2220480.314, 2163955.508, 2105075.502, 2043840.295, 1980249.889, 1914304.282, 1846003.475, 1775347.467, 1702336.260, 1626969.854, 1549248.255, 1469171.477, 1386739.572, 1301952.700, 1214811.313, 1125316.620, 1033471.634, 939283.355, 842766.928, 743952.826, 642898.003, 539701.214, 434521.149, 327593.859, 219244.074, 109884.589,    0.000,
   0.000, 116416.476, 232276.630, 347067.063, 460350.436, 571782.718, 681113.829, 788175.645, 892863.543, 995117.183, 1094904.283, 1192208.798, 1287023.311, 1379344.631, 1469171.477, 1556503.368, 1641340.138, 1723681.732, 1803528.132, 1880879.334, 1955735.336, 2028096.138, 2097961.740, 2165332.141, 2230207.343, 2292587.345, 2352472.147, 2409861.748, 2464756.150, 2517155.351, 2567059.353, 2614468.154, 2659381.755, 2701800.157, 2741723.358, 2779151.359, 2814084.160, 2846521.761, 2876464.162, 2903911.362, 2928863.363, 2951320.164, 2971281.764, 2988748.165, 3003719.365, 3016195.366, 3026176.166, 3033661.766, 3038652.166, 3041147.366, 3041147.366, 3038652.166, 3033661.766, 3026176.166, 3016195.366, 3003719.365, 2988748.165, 2971281.764, 2951320.164, 2928863.363, 2903911.362, 2876464.162, 2846521.761, 2814084.160, 2779151.359, 2741723.358, 2701800.157, 2659381.755, 2614468.154, 2567059.353, 2517155.351, 2464756.150, 2409861.748, 2352472.147, 2292587.345, 2230207.343, 2165332.141, 2097961.740, 2028096.138, 1955735.336, 1880879.334, 1803528.132, 1723681.732, 1641340.138, 1556503.368, 1469171.477, 1379344.631, 1287023.311, 1192208.798, 1094904.283, 995117.183, 892863.543, 788175.645, 681113.829, 571782.718, 460350.436, 347067.063, 232276.630, 116416.476,    0.000,
   0.000, 122761.743, 244936.840, 365983.905, 485441.765, 602947.636, 718237.807, 831134.993, 941528.869, 1049355.808, 1154581.767, 1257189.828, 1357172.171, 1454525.430, 1549248.255, 1641340.138, 1730800.905, 1817630.496, 1901828.895, 1983396.095, 2062332.095, 2138636.895, 2212310.496, 2283352.897, 2351764.097, 2417544.098, 2480692.898, 2541210.498, 2599096.899, 2654352.099, 2706976.100, 2756968.900, 2804330.500, 2849060.901, 2891160.101, 2930628.101, 2967464.901, 3001670.502, 3033244.902, 3062188.102, 3088500.102, 3112180.903, 3133230.503, 3151648.903, 3167436.103, 3180592.103, 3191116.903, 3199010.503, 3204272.903, 3206904.103, 3206904.103, 3204272.903, 3199010.503, 3191116.903, 3180592.103, 3167436.103, 3151648.903, 3133230.503, 3112180.903, 3088500.102, 3062188.102, 3033244.902, 3001670.502, 2967464.901, 2930628.101, 2891160.101, 2849060.901, 2804330.500, 2756968.900, 2706976.100, 2654352.099, 2599096.899, 2541210.498, 2480692.898, 2417544.098, 2351764.097, 2283352.897, 2212310.496, 2138636.895, 2062332.095, 1983396.095, 1901828.895, 1817630.496, 1730800.905, 1641340.138, 1549248.255, 1454525.430, 1357172.171, 1257189.828, 1154581.767, 1049355.808, 941528.869, 831134.993, 718237.807, 602947.636, 485441.765, 365983.905, 244936.840, 122761.743,    0.000,
   0.000, 128920.386, 257224.694, 384344.375, 509795.121, 633195.947, 754269.913, 872830.843, 988762.875, 1101999.193, 1212504.047, 1320259.669, 1425257.848, 1527495.049, 1626969.854, 1723681.732, 1817630.496, 1908816.087, 1997238.484, 2082897.684, 2165793.684, 2245926.484, 2323296.084, 2397902.484, 2469745.684, 2538825.684, 2605142.485, 2668696.085, 2729486.485, 2787513.685, 2842777.685, 2895278.485, 2945016.085, 2991990.485, 3036201.685, 3077649.685, 3116334.485, 3152256.086, 3185414.486, 3215809.686, 3243441.686, 3268310.486, 3290416.086, 3309758.486, 3326337.686, 3340153.686, 3351206.486, 3359496.086, 3365022.486, 3367785.686, 3367785.686, 3365022.486, 3359496.086, 3351206.486, 3340153.686, 3326337.686, 3309758.486, 3290416.086, 3268310.486, 3243441.686, 3215809.686, 3185414.486, 3152256.086, 3116334.485, 3077649.685, 3036201.685, 2991990.485, 2945016.085, 2895278.485, 2842777.685, 2787513.685, 2729486.485, 2668696.085, 2605142.485, 2538825.684, 2469745.684, 2397902.484, 2323296.084, 2245926.484, 2165793.684, 2082897.684, 1997238.484, 1908816.087, 1817630.496, 1723681.732, 1626969.854, 1527495.049, 1425257.848, 1320259.669, 1212504.047, 1101999.193, 988762.875, 872830.843, 754269.913, 633195.947, 509795.121, 384344.375, 257224.694, 128920.386,    0.000,
   0.000, 134892.404, 269140.189, 402148.469, 533410.498, 662527.645, 789210.140, 913263.184, 1034565.551, 1153047.328, 1268671.110, 1381418.307, 1491280.328, 1598253.474, 1702336.260, 1803528.132, 1901828.895, 1997238.484, 2089756.882, 2179384.081, 2266120.081, 2349964.881, 2430918.481, 2508980.881, 2584152.081, 2656432.081, 2725820.881, 2792318.481, 2855924.881, 2916640.081, 2974464.081, 3029396.881, 3081438.481, 3130588.881, 3176848.081, 3220216.081, 3260692.881, 3298278.481, 3332972.881, 3364776.081, 3393688.081, 3419708.881, 3442838.481, 3463076.881, 3480424.081, 3494880.081, 3506444.881, 3515118.481, 3520900.881, 3523792.081, 3523792.081, 3520900.881, 3515118.481, 3506444.881, 3494880.081, 3480424.081, 3463076.881, 3442838.481, 3419708.881, 3393688.081, 3364776.081, 3332972.881, 3298278.481, 3260692.881, 3220216.081, 3176848.081, 3130588.881, 3081438.481, 3029396.881, 2974464.081, 2916640.081, 2855924.881, 2792318.481, 2725820.881, 2656432.081, 2584152.081, 2508980.881, 2430918.481, 2349964.881, 2266120.081, 2179384.081, 2089756.882, 1997238.484, 1901828.895, 1803528.132, 1702336.260, 1598253.474, 1491280.328, 1381418.307, 1268671.110, 1153047.328, 1034565.551, 913263.184, 789210.140, 662527.645, 533410.498, 402148.469, 269140.189, 134892.404,    0.000,
   0.000, 140677.797, 280683.325, 419396.185, 556287.895, 690942.727, 823058.486, 952432.016, 1078936.894, 1202500.209, 1323082.953, 1440665.740, 1555239.607, 1666800.698, 1775347.467, 1880879.334, 1983396.095, 2082897.684, 2179384.081, 2272855.280, 2363311.280, 2450752.080, 2535177.680, 2616588.080, 2694983.280, 2770363.280, 2842728.080, 2912077.680, 2978412.080, 3041731.280, 3102035.280, 3159324.080, 3213597.680, 3264856.080, 3313099.280, 3358327.280, 3400540.080, 3439737.680, 3475920.080, 3509087.280, 3539239.280, 3566376.080, 3590497.680, 3611604.080, 3629695.280, 3644771.280, 3656832.080, 3665877.680, 3671908.080, 3674923.280, 3674923.280, 3671908.080, 3665877.680, 3656832.080, 3644771.280, 3629695.280, 3611604.080, 3590497.680, 3566376.080, 3539239.280, 3509087.280, 3475920.080, 3439737.680, 3400540.080, 3358327.280, 3313099.280, 3264856.080, 3213597.680, 3159324.080, 3102035.280, 3041731.280, 2978412.080, 2912077.680, 2842728.080, 2770363.280, 2694983.280, 2616588.080, 2535177.680, 2450752.080, 2363311.280, 2272855.280, 2179384.081, 2082897.684, 1983396.095, 1880879.334, 1775347.467, 1666800.698, 1555239.607, 1440665.740, 1323082.953, 1202500.209, 1078936.894, 952432.016, 823058.486, 690942.727, 556287.895, 419396.185, 280683.325, 140677.797,    0.000,
   0.000, 146276.564, 291854.103, 436087.523, 578427.312, 718441.195, 855814.950, 990337.338, 1121876.904, 1250357.837, 1375739.577, 1498001.965, 1617135.683, 1733136.723, 1846003.475, 1955735.336, 2062332.095, 2165793.684, 2266120.081, 2363311.280, 2457367.280, 2548288.080, 2636073.680, 2720724.080, 2802239.280, 2880619.280, 2955864.080, 3027973.680, 3096948.080, 3162787.280, 3225491.280, 3285060.080, 3341493.680, 3394792.080, 3444955.280, 3491983.280, 3535876.080, 3576633.680, 3614256.080, 3648743.280, 3680095.280, 3708312.080, 3733393.680, 3755340.080, 3774151.280, 3789827.280, 3802368.080, 3811773.680, 3818044.080, 3821179.280, 3821179.280, 3818044.080, 3811773.680, 3802368.080, 3789827.280, 3774151.280, 3755340.080, 3733393.680, 3708312.080, 3680095.280, 3648743.280, 3614256.080, 3576633.680, 3535876.080, 3491983.280, 3444955.280, 3394792.080, 3341493.680, 3285060.080, 3225491.280, 3162787.280, 3096948.080, 3027973.680, 2955864.080, 2880619.280, 2802239.280, 2720724.080, 2636073.680, 2548288.080, 2457367.280, 2363311.280, 2266120.081, 2165793.684, 2062332.095, 1955735.336, 1846003.475, 1733136.723, 1617135.683, 1498001.965, 1375739.577, 1250357.837, 1121876.904, 990337.338, 855814.950, 718441.195, 578427.312, 436087.523, 291854.103, 146276.564,    0.000,
   0.000, 151688.705, 302652.521, 452222.484, 599828.748, 745023.047, 887479.531, 1026979.149, 1163385.580, 1296620.211, 1426640.979, 1553426.982, 1676968.557, 1797261.547, 1914304.282, 2028096.138, 2138636.895, 2245926.484, 2349964.881, 2450752.080, 2548288.080, 2642572.880, 2733606.480, 2821388.880, 2905920.080, 2987200.080, 3065228.880, 3140006.480, 3211532.880, 3279808.080, 3344832.080, 3406604.880, 3465126.480, 3520396.880, 3572416.080, 3621184.080, 3666700.880, 3708966.480, 3747980.880, 3783744.080, 3816256.080, 3845516.880, 3871526.480, 3894284.880, 3913792.080, 3930048.080, 3943052.880, 3952806.480, 3959308.880, 3962560.080, 3962560.080, 3959308.880, 3952806.480, 3943052.880, 3930048.080, 3913792.080, 3894284.880, 3871526.480, 3845516.880, 3816256.080, 3783744.080, 3747980.880, 3708966.480, 3666700.880, 3621184.080, 3572416.080, 3520396.880, 3465126.480, 3406604.880, 3344832.080, 3279808.080, 3211532.880, 3140006.480, 3065228.880, 2987200.080, 2905920.080, 2821388.880, 2733606.480, 2642572.880, 2548288.080, 2450752.080, 2349964.881, 2245926.484, 2138636.895, 2028096.138, 1914304.282, 1797261.547, 1676968.557, 1553426.982, 1426640.979, 1296620.211, 1163385.580, 1026979.149, 887479.531, 745023.047, 599828.748, 452222.484, 302652.521, 151688.705,    0.000,
   0.000, 156914.221, 313078.579, 467801.066, 620492.204, 770688.283, 918052.231, 1062357.449, 1203462.923, 1341287.330, 1475787.161, 1606940.792, 1734738.229, 1859175.170, 1980249.889, 2097961.740, 2212310.496, 2323296.084, 2430918.481, 2535177.680, 2636073.680, 2733606.480, 2827776.080, 2918582.480, 3006025.680, 3090105.680, 3170822.480, 3248176.080, 3322166.480, 3392793.680, 3460057.680, 3523958.480, 3584496.080, 3641670.480, 3695481.680, 3745929.680, 3793014.480, 3836736.080, 3877094.480, 3914089.680, 3947721.680, 3977990.480, 4004896.080, 4028438.480, 4048617.680, 4065433.680, 4078886.480, 4088976.080, 4095702.480, 4099065.680, 4099065.680, 4095702.480, 4088976.080, 4078886.480, 4065433.680, 4048617.680, 4028438.480, 4004896.080, 3977990.480, 3947721.680, 3914089.680, 3877094.480, 3836736.080, 3793014.480, 3745929.680, 3695481.680, 3641670.480, 3584496.080, 3523958.480, 3460057.680, 3392793.680, 3322166.480, 3248176.080, 3170822.480, 3090105.680, 3006025.680, 2918582.480, 2827776.080, 2733606.480, 2636073.680, 2535177.680, 2430918.481, 2323296.084, 2212310.496, 2097961.740, 1980249.889, 1859175.170, 1734738.229, 1606940.792, 1475787.161, 1341287.330, 1203462.923, 1062357.449, 918052.231, 770688.283, 620492.204, 467801.066, 313078.579, 156914.221,    0.000,
   0.000, 161953.112, 323132.279, 482823.270, 640417.679, 795436.903, 947533.048, 1096472.238, 1242108.932, 1384359.195, 1523178.122, 1658543.395, 1790444.698, 1918877.592, 2043840.295, 2165332.141, 2283352.897, 2397902.484, 2508980.881, 2616588.080, 2720724.080, 2821388.880, 2918582.480, 3012304.880, 3102556.080, 3189336.080, 3272644.880, 3352482.480, 3428848.880, 3501744.080, 3571168.080, 3637120.880, 3699602.480, 3758612.880, 3814152.080, 3866220.080, 3914816.880, 3959942.480, 4001596.880, 4039780.080, 4074492.080, 4105732.880, 4133502.480, 4157800.880, 4178628.080, 4195984.080, 4209868.880, 4220282.480, 4227224.880, 4230696.080, 4230696.080, 4227224.880, 4220282.480, 4209868.880, 4195984.080, 4178628.080, 4157800.880, 4133502.480, 4105732.880, 4074492.080, 4039780.080, 4001596.880, 3959942.480, 3914816.880, 3866220.080, 3814152.080, 3758612.880, 3699602.480, 3637120.880, 3571168.080, 3501744.080, 3428848.880, 3352482.480, 3272644.880, 3189336.080, 3102556.080, 3012304.880, 2918582.480, 2821388.880, 2720724.080, 2616588.080, 2508980.881, 2397902.484, 2283352.897, 2165332.141, 2043840.295, 1918877.592, 1790444.698, 1658543.395, 1523178.122, 1384359.195, 1242108.932, 1096472.238, 947533.048, 795436.903, 640417.679, 482823.270, 323132.279, 161953.112,    0.000,
   0.000, 166805.376, 332813.619, 497289.097, 659605.173, 819268.908, 975921.984, 1129323.517, 1279323.607, 1425835.806, 1568813.862, 1708234.790, 1844087.964, 1976368.813, 2105075.502, 2230207.343, 2351764.097, 2469745.684, 2584152.081, 2694983.280, 2802239.280, 2905920.080, 3006025.680, 3102556.080, 3195511.280, 3284891.280, 3370696.080, 3452925.680, 3531580.080, 3606659.280, 3678163.280, 3746092.080, 3810445.680, 3871224.080, 3928427.280, 3982055.280, 4032108.080, 4078585.680, 4121488.080, 4160815.280, 4196567.280, 4228744.080, 4257345.680, 4282372.080, 4303823.280, 4321699.280, 4336000.080, 4346725.680, 4353876.080, 4357451.280, 4357451.280, 4353876.080, 4346725.680, 4336000.080, 4321699.280, 4303823.280, 4282372.080, 4257345.680, 4228744.080, 4196567.280, 4160815.280, 4121488.080, 4078585.680, 4032108.080, 3982055.280, 3928427.280, 3871224.080, 3810445.680, 3746092.080, 3678163.280, 3606659.280, 3531580.080, 3452925.680, 3370696.080, 3284891.280, 3195511.280, 3102556.080, 3006025.680, 2905920.080, 2802239.280, 2694983.280, 2584152.081, 2469745.684, 2351764.097, 2230207.343, 2105075.502, 1976368.813, 1844087.964, 1708234.790, 1568813.862, 1425835.806, 1279323.607, 1129323.517, 975921.984, 819268.908, 659605.173, 497289.097, 332813.619, 166805.376,    0.000,
   0.000, 171471.016, 342122.600, 511198.546, 678054.687, 842184.298, 1003219.037, 1160911.285, 1315106.948, 1465717.162, 1612694.382, 1756014.977, 1895668.028, 2031648.834, 2163955.508, 2292587.345, 2417544.098, 2538825.684, 2656432.081, 2770363.280, 2880619.280, 2987200.080, 3090105.680, 3189336.080, 3284891.280, 3376771.280, 3464976.080, 3549505.680, 3630360.080, 3707539.280, 3781043.280, 3850872.080, 3917025.680, 3979504.080, 4038307.280, 4093435.280, 4144888.080, 4192665.680, 4236768.080, 4277195.280, 4313947.280, 4347024.080, 4376425.680, 4402152.080, 4424203.280, 4442579.280, 4457280.080, 4468305.680, 4475656.080, 4479331.280, 4479331.280, 4475656.080, 4468305.680, 4457280.080, 4442579.280, 4424203.280, 4402152.080, 4376425.680, 4347024.080, 4313947.280, 4277195.280, 4236768.080, 4192665.680, 4144888.080, 4093435.280, 4038307.280, 3979504.080, 3917025.680, 3850872.080, 3781043.280, 3707539.280, 3630360.080, 3549505.680, 3464976.080, 3376771.280, 3284891.280, 3189336.080, 3090105.680, 2987200.080, 2880619.280, 2770363.280, 2656432.081, 2538825.684, 2417544.098, 2292587.345, 2163955.508, 2031648.834, 1895668.028, 1756014.977, 1612694.382, 1465717.162, 1315106.948, 1160911.285, 1003219.037, 842184.298, 678054.687, 511198.546, 342122.600, 171471.016,    0.000,
   0.000, 175950.029, 351059.222, 524551.616, 695766.220, 864183.072, 1029424.208, 1191235.542, 1349458.956, 1504003.265, 1654819.680, 1801883.957, 1945184.889, 2084717.653, 2220480.314, 2352472.147, 2480692.898, 2605142.485, 2725820.881, 2842728.080, 2955864.080, 3065228.880, 3170822.480, 3272644.880, 3370696.080, 3464976.080, 3555484.880, 3642222.480, 3725188.880, 3804384.080, 3879808.080, 3951460.880, 4019342.480, 4083452.880, 4143792.080, 4200360.080, 4253156.880, 4302182.480, 4347436.880, 4388920.080, 4426632.080, 4460572.880, 4490742.480, 4517140.880, 4539768.080, 4558624.080, 4573708.880, 4585022.480, 4592564.880, 4596336.080, 4596336.080, 4592564.880, 4585022.480, 4573708.880, 4558624.080, 4539768.080, 4517140.880, 4490742.480, 4460572.880, 4426632.080, 4388920.080, 4347436.880, 4302182.480, 4253156.880, 4200360.080, 4143792.080, 4083452.880, 4019342.480, 3951460.880, 3879808.080, 3804384.080, 3725188.880, 3642222.480, 3555484.880, 3464976.080, 3370696.080, 3272644.880, 3170822.480, 3065228.880, 2955864.080, 2842728.080, 2725820.881, 2605142.485, 2480692.898, 2352472.147, 2220480.314, 2084717.653, 1945184.889, 1801883.957, 1654819.680, 1504003.265, 1349458.956, 1191235.542, 1029424.208, 864183.072, 695766.220, 524551.616, 351059.222, 175950.029,    0.000,
   0.000, 180242.417, 359623.484, 537348.309, 712739.773, 885265.230, 1054537.497, 1220296.289, 1382379.631, 1540694.113, 1695189.758, 1845841.730, 1992638.548, 2135575.272, 2274649.920, 2409861.748, 2541210.498, 2668696.085, 2792318.481, 2912077.680, 3027973.680, 3140006.480, 3248176.080, 3352482.480, 3452925.680, 3549505.680, 3642222.480, 3731076.080, 3816066.480, 3897193.680, 3974457.680, 4047858.480, 4117396.080, 4183070.480, 4244881.680, 4302829.680, 4356914.480, 4407136.080, 4453494.480, 4495989.680, 4534621.680, 4569390.480, 4600296.080, 4627338.480, 4650517.680, 4669833.680, 4685286.480, 4696876.080, 4704602.480, 4708465.680, 4708465.680, 4704602.480, 4696876.080, 4685286.480, 4669833.680, 4650517.680, 4627338.480, 4600296.080, 4569390.480, 4534621.680, 4495989.680, 4453494.480, 4407136.080, 4356914.480, 4302829.680, 4244881.680, 4183070.480, 4117396.080, 4047858.480, 3974457.680, 3897193.680, 3816066.480, 3731076.080, 3642222.480, 3549505.680, 3452925.680, 3352482.480, 3248176.080, 3140006.480, 3027973.680, 2912077.680, 2792318.481, 2668696.085, 2541210.498, 2409861.748, 2274649.920, 2135575.272, 1992638.548, 1845841.730, 1695189.758, 1540694.113, 1382379.631, 1220296.289, 1054537.497, 885265.230, 712739.773, 537348.309, 359623.484, 180242.417,    0.000,
   0.000, 184348.180, 367815.388, 549588.624, 728975.345, 905430.773, 1078558.904, 1248093.525, 1413868.971, 1575789.706, 1733804.615, 1887888.295, 2038029.004, 2184221.690, 2326464.325, 2464756.150, 2599096.899, 2729486.485, 2855924.881, 2978412.080, 3096948.080, 3211532.880, 3322166.480, 3428848.880, 3531580.080, 3630360.080, 3725188.880, 3816066.480, 3902992.880, 3985968.080, 4064992.080, 4140064.880, 4211186.480, 4278356.880, 4341576.080, 4400844.080, 4456160.880, 4507526.480, 4554940.880, 4598404.080, 4637916.080, 4673476.880, 4705086.480, 4732744.880, 4756452.080, 4776208.080, 4792012.880, 4803866.480, 4811768.880, 4815720.080, 4815720.080, 4811768.880, 4803866.480, 4792012.880, 4776208.080, 4756452.080, 4732744.880, 4705086.480, 4673476.880, 4637916.080, 4598404.080, 4554940.880, 4507526.480, 4456160.880, 4400844.080, 4341576.080, 4278356.880, 4211186.480, 4140064.880, 4064992.080, 3985968.080, 3902992.880, 3816066.480, 3725188.880, 3630360.080, 3531580.080, 3428848.880, 3322166.480, 3211532.880, 3096948.080, 2978412.080, 2855924.881, 2729486.485, 2599096.899, 2464756.150, 2326464.325, 2184221.690, 2038029.004, 1887888.295, 1733804.615, 1575789.706, 1413868.971, 1248093.525, 1078558.904, 905430.773, 728975.345, 549588.624, 367815.388, 184348.180,    0.000,
   0.000, 188267.317, 375634.932, 561272.560, 744472.937, 924679.700, 1101488.428, 1274627.250, 1443926.978, 1609290.046, 1770664.252, 1928023.652, 2081356.258, 2230656.907, 2375923.530, 2517155.351, 2654352.099, 2787513.685, 2916640.081, 3041731.280, 3162787.280, 3279808.080, 3392793.680, 3501744.080, 3606659.280, 3707539.280, 3804384.080, 3897193.680, 3985968.080, 4070707.280, 4151411.280, 4228080.080, 4300713.680, 4369312.080, 4433875.280, 4494403.280, 4550896.080, 4603353.680, 4651776.080, 4696163.280, 4736515.280, 4772832.080, 4805113.680, 4833360.080, 4857571.280, 4877747.280, 4893888.080, 4905993.680, 4914064.080, 4918099.280, 4918099.280, 4914064.080, 4905993.680, 4893888.080, 4877747.280, 4857571.280, 4833360.080, 4805113.680, 4772832.080, 4736515.280, 4696163.280, 4651776.080, 4603353.680, 4550896.080, 4494403.280, 4433875.280, 4369312.080, 4300713.680, 4228080.080, 4151411.280, 4070707.280, 3985968.080, 3897193.680, 3804384.080, 3707539.280, 3606659.280, 3501744.080, 3392793.680, 3279808.080, 3162787.280, 3041731.280, 2916640.081, 2787513.685, 2654352.099, 2517155.351, 2375923.530, 2230656.907, 2081356.258, 1928023.652, 1770664.252, 1609290.046, 1443926.978, 1274627.250, 1101488.428, 924679.700, 744472.937, 561272.560, 375634.932, 188267.317,    0.000,
   0.000, 191999.828, 383082.117, 572400.119, 759232.548, 943012.012, 1123326.071, 1299897.464, 1472553.652, 1641195.131, 1805768.667, 1966247.802, 2122620.309, 2274880.924, 2423027.535, 2567059.353, 2706976.100, 2842777.685, 2974464.081, 3102035.280, 3225491.280, 3344832.080, 3460057.680, 3571168.080, 3678163.280, 3781043.280, 3879808.080, 3974457.680, 4064992.080, 4151411.280, 4233715.280, 4311904.080, 4385977.680, 4455936.080, 4521779.280, 4583507.280, 4641120.080, 4694617.680, 4744000.080, 4789267.280, 4830419.280, 4867456.080, 4900377.680, 4929184.080, 4953875.280, 4974451.280, 4990912.080, 5003257.680, 5011488.080, 5015603.280, 5015603.280, 5011488.080, 5003257.680, 4990912.080, 4974451.280, 4953875.280, 4929184.080, 4900377.680, 4867456.080, 4830419.280, 4789267.280, 4744000.080, 4694617.680, 4641120.080, 4583507.280, 4521779.280, 4455936.080, 4385977.680, 4311904.080, 4233715.280, 4151411.280, 4064992.080, 3974457.680, 3879808.080, 3781043.280, 3678163.280, 3571168.080, 3460057.680, 3344832.080, 3225491.280, 3102035.280, 2974464.081, 2842777.685, 2706976.100, 2567059.353, 2423027.535, 2274880.924, 2122620.309, 1966247.802, 1805768.667, 1641195.131, 1472553.652, 1299897.464, 1123326.071, 943012.012, 759232.548, 572400.119, 383082.117, 191999.828,    0.000,
