   0.000,    0.000,    0.000,    0.000,    0.000,    0.000,    0.000,    0.000,    0.000,    0.000,    0.000,    0.000,    0.000,    0.000,    0.000,    0.000,    0.000,    0.000,    0.000,    0.000,    0.000,    0.000,    0.000,    0.000,    0.000,    0.000,    0.000,    0.000,    0.000,    0.000,    0.000,    0.000,    0.000,    0.000,    0.000,    0.000,    0.000,    0.000,    0.000,    0.000,    0.000,    0.000,    0.000,    0.000,    0.000,    0.000,    0.000,    0.000,    0.000,    0.000,    0.000,    0.000,    0.000,    0.000,    0.000,    0.000,    0.000,    0.000,    0.000,    0.000,    0.000,    0.000,    0.000,    0.000,    0.000,    0.000,    0.000,    0.000,    0.000,    0.000,    0.000,    0.000,    0.000,    0.000,    0.000,    0.000,    0.000,    0.000,    0.000,    0.000,    0.000,    0.000,    0.000,    0.000,    0.000,    0.000,    0.000,    0.000,    0.000,    0.000,    0.000,    0.000,    0.000,    0.000,    0.000,    0.000,    0.000,    0.000,    0.000,    0.000,
   0.000, 9564.800, 18953.600, 28146.800, 37144.400, 45946.400, 54552.800, 62963.600, 71178.800, 79198.400, 87022.400, 94650.800, 102083.600, 109320.800, 116362.400, 123208.400, 129858.800, 136313.600, 142572.800, 148636.400, 154504.400, 160176.800, 165653.600, 170934.800, 176020.400, 180910.400, 185604.800, 190103.600, 194406.800, 198514.400, 202426.400, 206142.800, 209663.600, 212988.800, 216118.400, 219052.400, 221790.800, 224333.600, 226680.800, 228832.400, 230788.400, 232548.800, 234113.600, 235482.800, 236656.400, 237634.400, 238416.800, 239003.600, 239394.800, 239590.400, 239590.400, 239394.800, 239003.600, 238416.800, 237634.400, 236656.400, 235482.800, 234113.600, 232548.800, 230788.400, 228832.400, 226680.800, 224333.600, 221790.800, 219052.400, 216118.400, 212988.800, 209663.600, 206142.800, 202426.400, 198514.400, 194406.800, 190103.600, 185604.800, 180910.400, 176020.400, 170934.800, 165653.600, 160176.800, 154504.400, 148636.400, 142572.800, 136313.600, 129858.800, 123208.400, 116362.400, 109320.800, 102083.600, 94650.800, 87022.400, 79198.400, 71178.800, 62963.600, 54552.800, 45946.400, 37144.400, 28146.800, 18953.600, 9564.800,    0.000,
   0.000, 18953.600, 37558.400, 55775.600, 73605.200, 91047.200, 108101.600, 124768.400, 141047.600, 156939.200, 172443.200, 187559.600, 202288.400, 216629.600, 230583.200, 244149.200, 257327.600, 270118.400, 282521.600, 294537.200, 306165.200, 317405.600, 328258.400, 338723.600, 348801.200, 358491.200, 367793.600, 376708.400, 385235.600, 393375.200, 401127.200, 408491.600, 415468.400, 422057.600, 428259.200, 434073.200, 439499.600, 444538.400, 449189.600, 453453.200, 457329.200, 460817.600, 463918.400, 466631.600, 468957.200, 470895.200, 472445.600, 473608.400, 474383.600, 474771.200, 474771.200, 474383.600, 473608.400, 472445.600, 470895.200, 468957.200, 466631.600, 463918.400, 460817.600, 457329.200, 453453.200, 449189.600, 444538.400, 439499.600, 434073.200, 428259.200, 422057.600, 415468.400, 408491.600, 401127.200, 393375.200, 385235.600, 376708.400, 367793.600, 358491.200, 348801.200, 338723.600, 328258.400, 317405.600, 306165.200, 294537.200, 282521.600, 270118.400, 257327.600, 244149.200, 230583.200, 216629.600, 202288.400, 187559.600, 172443.200, 156939.200, 141047.600, 124768.400, 108101.600, 91047.200, 73605.200, 55775.600, 37558.400, 18953.600,    0.000,
   0.000, 28146.800, 55775.600, 82828.800, 109306.400, 135208.400, 160534.800, 185285.600, 209460.800, 233060.400, 256084.400, 278532.800, 300405.600, 321702.800, 342424.400, 362570.400, 382140.800, 401135.600, 419554.800, 437398.400, 454666.400, 471358.800, 487475.600, 503016.800, 517982.400, 532372.400, 546186.800, 559425.600, 572088.800, 584176.400, 595688.400, 606624.800, 616985.600, 626770.800, 635980.400, 644614.400, 652672.800, 660155.600, 667062.800, 673394.400, 679150.400, 684330.800, 688935.600, 692964.800, 696418.400, 699296.400, 701598.800, 703325.600, 704476.800, 705052.400, 705052.400, 704476.800, 703325.600, 701598.800, 699296.400, 696418.400, 692964.800, 688935.600, 684330.800, 679150.400, 673394.400, 667062.800, 660155.600, 652672.800, 644614.400, 635980.400, 626770.800, 616985.600, 606624.800, 595688.400, 584176.400, 572088.800, 559425.600, 546186.800, 532372.400, 517982.400, 503016.800, 487475.600, 471358.800, 454666.400, 437398.400, 419554.800, 401135.600, 382140.800, 362570.400, 342424.400, 321702.800, 300405.600, 278532.800, 256084.400, 233060.400, 209460.800, 185285.600, 160534.800, 135208.400, 109306.400, 82828.800, 55775.600, 28146.800,    0.000,
   0.000, 37144.400, 73605.200, 109306.400, 144248.000, 178430.000, 211852.400, 244515.200, 276418.400, 307562.000, 337946.000, 367570.400, 396435.200, 424540.400, 451886.000, 478472.000, 504298.400, 529365.200, 553672.400, 577220.000, 600008.000, 622036.400, 643305.200, 663814.400, 683564.000, 702554.000, 720784.400, 738255.200, 754966.400, 770918.000, 786110.000, 800542.400, 814215.200, 827128.400, 839282.000, 850676.000, 861310.400, 871185.200, 880300.400, 888656.000, 896252.000, 903088.400, 909165.200, 914482.400, 919040.000, 922838.000, 925876.400, 928155.200, 929674.400, 930434.000, 930434.000, 929674.400, 928155.200, 925876.400, 922838.000, 919040.000, 914482.400, 909165.200, 903088.400, 896252.000, 888656.000, 880300.400, 871185.200, 861310.400, 850676.000, 839282.000, 827128.400, 814215.200, 800542.400, 786110.000, 770918.000, 754966.400, 738255.200, 720784.400, 702554.000, 683564.000, 663814.400, 643305.200, 622036.400, 600008.000, 577220.000, 553672.400, 529365.200, 504298.400, 478472.000, 451886.000, 424540.400, 396435.200, 367570.400, 337946.000, 307562.000, 276418.400, 244515.200, 211852.400, 178430.000, 144248.000, 109306.400, 73605.200, 37144.400,    0.000,
   0.000, 45946.400, 91047.200, 135208.400, 178430.000, 220712.000, 262054.400, 302457.200, 341920.400, 380444.000, 418028.000, 454672.400, 490377.200, 525142.400, 558968.000, 591854.000, 623800.400, 654807.200, 684874.400, 714002.000, 742190.000, 769438.400, 795747.200, 821116.400, 845546.000, 869036.000, 891586.400, 913197.200, 933868.400, 953600.000, 972392.000, 990244.400, 1007157.200, 1023130.400, 1038164.000, 1052258.000, 1065412.400, 1077627.200, 1088902.400, 1099238.000, 1108634.000, 1117090.400, 1124607.200, 1131184.400, 1136822.000, 1141520.000, 1145278.400, 1148097.200, 1149976.400, 1150916.000, 1150916.000, 1149976.400, 1148097.200, 1145278.400, 1141520.000, 1136822.000, 1131184.400, 1124607.200, 1117090.400, 1108634.000, 1099238.000, 1088902.400, 1077627.200, 1065412.400, 1052258.000, 1038164.000, 1023130.400, 1007157.200, 990244.400, 972392.000, 953600.000, 933868.400, 913197.200, 891586.400, 869036.000, 845546.000, 821116.400, 795747.200, 769438.400, 742190.000, 714002.000, 684874.400, 654807.200, 623800.400, 591854.000, 558968.000, 525142.400, 490377.200, 454672.400, 418028.000, 380444.000, 341920.400, 302457.200, 262054.400, 220712.000, 178430.000, 135208.400, 91047.200, 45946.400,    0.000,
   0.000, 54552.800, 108101.600, 160534.800, 211852.400, 262054.400, 311140.800, 359111.600, 405966.800, 451706.400, 496330.400, 539838.800, 582231.600, 623508.800, 663670.400, 702716.400, 740646.800, 777461.600, 813160.800, 847744.400, 881212.400, 913564.800, 944801.600, 974922.800, 1003928.400, 1031818.400, 1058592.800, 1084251.600, 1108794.800, 1132222.400, 1154534.400, 1175730.800, 1195811.600, 1214776.800, 1232626.400, 1249360.400, 1264978.800, 1279481.600, 1292868.800, 1305140.400, 1316296.400, 1326336.800, 1335261.600, 1343070.800, 1349764.400, 1355342.400, 1359804.800, 1363151.600, 1365382.800, 1366498.400, 1366498.400, 1365382.800, 1363151.600, 1359804.800, 1355342.400, 1349764.400, 1343070.800, 1335261.600, 1326336.800, 1316296.400, 1305140.400, 1292868.800, 1279481.600, 1264978.800, 1249360.400, 1232626.400, 1214776.800, 1195811.600, 1175730.800, 1154534.400, 1132222.400, 1108794.800, 1084251.600, 1058592.800, 1031818.400, 1003928.400, 974922.800, 944801.600, 913564.800, 881212.400, 847744.400, 813160.800, 777461.600, 740646.800, 702716.400, 663670.400, 623508.800, 582231.600, 539838.800, 496330.400, 451706.400, 405966.800, 359111.600, 311140.800, 262054.400, 211852.400, 160534.800, 108101.600, 54552.800,    0.000,
   0.000, 62963.600, 124768.400, 185285.600, 244515.200, 302457.200, 359111.600, 414478.400, 468557.600, 521349.200, 572853.200, 623069.600, 671998.400, 719639.600, 765993.200, 811059.200, 854837.600, 897328.400, 938531.600, 978447.200, 1017075.200, 1054415.600, 1090468.400, 1125233.600, 1158711.200, 1190901.200, 1221803.600, 1251418.400, 1279745.600, 1306785.200, 1332537.200, 1357001.600, 1380178.400, 1402067.600, 1422669.200, 1441983.200, 1460009.600, 1476748.400, 1492199.600, 1506363.200, 1519239.200, 1530827.600, 1541128.400, 1550141.600, 1557867.200, 1564305.200, 1569455.600, 1573318.400, 1575893.600, 1577181.200, 1577181.200, 1575893.600, 1573318.400, 1569455.600, 1564305.200, 1557867.200, 1550141.600, 1541128.400, 1530827.600, 1519239.200, 1506363.200, 1492199.600, 1476748.400, 1460009.600, 1441983.200, 1422669.200, 1402067.600, 1380178.400, 1357001.600, 1332537.200, 1306785.200, 1279745.600, 1251418.400, 1221803.600, 1190901.200, 1158711.200, 1125233.600, 1090468.400, 1054415.600, 1017075.200, 978447.200, 938531.600, 897328.400, 854837.600, 811059.200, 765993.200, 719639.600, 671998.400, 623069.600, 572853.200, 521349.200, 468557.600, 414478.400, 359111.600, 302457.200, 244515.200, 185285.600, 124768.400, 62963.600,    0.000,
   0.000, 71178.800, 141047.600, 209460.800, 276418.400, 341920.400, 405966.800, 468557.600, 529692.800, 589372.400, 647596.400, 704364.800, 759677.600, 813534.800, 865936.400, 916882.400, 966372.800, 1014407.600, 1060986.800, 1106110.400, 1149778.400, 1191990.800, 1232747.600, 1272048.800, 1309894.400, 1346284.400, 1381218.800, 1414697.600, 1446720.800, 1477288.400, 1506400.400, 1534056.800, 1560257.600, 1585002.800, 1608292.400, 1630126.400, 1650504.800, 1669427.600, 1686894.800, 1702906.400, 1717462.400, 1730562.800, 1742207.600, 1752396.800, 1761130.400, 1768408.400, 1774230.800, 1778597.600, 1781508.800, 1782964.400, 1782964.400, 1781508.800, 1778597.600, 1774230.800, 1768408.400, 1761130.400, 1752396.800, 1742207.600, 1730562.800, 1717462.400, 1702906.400, 1686894.800, 1669427.600, 1650504.800, 1630126.400, 1608292.400, 1585002.800, 1560257.600, 1534056.800, 1506400.400, 1477288.400, 1446720.800, 1414697.600, 1381218.800, 1346284.400, 1309894.400, 1272048.800, 1232747.600, 1191990.800, 1149778.400, 1106110.400, 1060986.800, 1014407.600, 966372.800, 916882.400, 865936.400, 813534.800, 759677.600, 704364.800, 647596.400, 589372.400, 529692.800, 468557.600, 405966.800, 341920.400, 276418.400, 209460.800, 141047.600, 71178.800,    0.000,
   0.000, 79198.400, 156939.200, 233060.400, 307562.000, 380444.000, 451706.400, 521349.200, 589372.400, 655776.000, 720560.000, 783724.400, 845269.200, 905194.400, 963500.000, 1020186.000, 1075252.400, 1128699.200, 1180526.400, 1230734.000, 1279322.000, 1326290.400, 1371639.200, 1415368.400, 1457478.000, 1497968.000, 1536838.400, 1574089.200, 1609720.400, 1643732.000, 1676124.000, 1706896.400, 1736049.200, 1763582.400, 1789496.000, 1813790.000, 1836464.400, 1857519.200, 1876954.400, 1894770.000, 1910966.000, 1925542.400, 1938499.200, 1949836.400, 1959554.000, 1967652.000, 1974130.400, 1978989.200, 1982228.400, 1983848.000, 1983848.000, 1982228.400, 1978989.200, 1974130.400, 1967652.000, 1959554.000, 1949836.400, 1938499.200, 1925542.400, 1910966.000, 1894770.000, 1876954.400, 1857519.200, 1836464.400, 1813790.000, 1789496.000, 1763582.400, 1736049.200, 1706896.400, 1676124.000, 1643732.000, 1609720.400, 1574089.200, 1536838.400, 1497968.000, 1457478.000, 1415368.400, 1371639.200, 1326290.400, 1279322.000, 1230734.000, 1180526.400, 1128699.200, 1075252.400, 1020186.000, 963500.000, 905194.400, 845269.200, 783724.400, 720560.000, 655776.000, 589372.400, 521349.200, 451706.400, 380444.000, 307562.000, 233060.400, 156939.200, 79198.400,    0.000,
   0.000, 87022.400, 172443.200, 256084.400, 337946.000, 418028.000, 496330.400, 572853.200, 647596.400, 720560.000, 791744.000, 861148.400, 928773.200, 994618.400, 1058684.000, 1120970.000, 1181476.400, 1240203.200, 1297150.400, 1352318.000, 1405706.000, 1457314.400, 1507143.200, 1555192.400, 1601462.000, 1645952.000, 1688662.400, 1729593.200, 1768744.400, 1806116.000, 1841708.000, 1875520.400, 1907553.200, 1937806.400, 1966280.000, 1992974.000, 2017888.400, 2041023.200, 2062378.400, 2081954.000, 2099750.000, 2115766.400, 2130003.200, 2142460.400, 2153138.000, 2162036.000, 2169154.400, 2174493.200, 2178052.400, 2179832.000, 2179832.000, 2178052.400, 2174493.200, 2169154.400, 2162036.000, 2153138.000, 2142460.400, 2130003.200, 2115766.400, 2099750.000, 2081954.000, 2062378.400, 2041023.200, 2017888.400, 1992974.000, 1966280.000, 1937806.400, 1907553.200, 1875520.400, 1841708.000, 1806116.000, 1768744.400, 1729593.200, 1688662.400, 1645952.000, 1601462.000, 1555192.400, 1507143.200, 1457314.400, 1405706.000, 1352318.000, 1297150.400, 1240203.200, 1181476.400, 1120970.000, 1058684.000, 994618.400, 928773.200, 861148.400, 791744.000, 720560.000, 647596.400, 572853.200, 496330.400, 418028.000, 337946.000, 256084.400, 172443.200, 87022.400,    0.000,
   0.000, 94650.800, 187559.600, 278532.800, 367570.400, 454672.400, 539838.800, 623069.600, 704364.800, 783724.400, 861148.400, 936636.800, 1010189.600, 1081806.800, 1151488.400, 1219234.400, 1285044.800, 1348919.600, 1410858.800, 1470862.400, 1528930.400, 1585062.800, 1639259.600, 1691520.800, 1741846.400, 1790236.400, 1836690.800, 1881209.600, 1923792.800, 1964440.400, 2003152.400, 2039928.800, 2074769.600, 2107674.800, 2138644.400, 2167678.400, 2194776.800, 2219939.600, 2243166.800, 2264458.400, 2283814.400, 2301234.800, 2316719.600, 2330268.800, 2341882.400, 2351560.400, 2359302.800, 2365109.600, 2368980.800, 2370916.400, 2370916.400, 2368980.800, 2365109.600, 2359302.800, 2351560.400, 2341882.400, 2330268.800, 2316719.600, 2301234.800, 2283814.400, 2264458.400, 2243166.800, 2219939.600, 2194776.800, 2167678.400, 2138644.400, 2107674.800, 2074769.600, 2039928.800, 2003152.400, 1964440.400, 1923792.800, 1881209.600, 1836690.800, 1790236.400, 1741846.400, 1691520.800, 1639259.600, 1585062.800, 1528930.400, 1470862.400, 1410858.800, 1348919.600, 1285044.800, 1219234.400, 1151488.400, 1081806.800, 1010189.600, 936636.800, 861148.400, 783724.400, 704364.800, 623069.600, 539838.800, 454672.400, 367570.400, 278532.800, 187559.600, 94650.800,    0.000,
   0.000, 102083.600, 202288.400, 300405.600, 396435.200, 490377.200, 582231.600, 671998.400, 759677.600, 845269.200, 928773.200, 1010189.600, 1089518.400, 1166759.600, 1241913.200, 1314979.200, 1385957.600, 1454848.400, 1521651.600, 1586367.200, 1648995.200, 1709535.600, 1767988.400, 1824353.600, 1878631.200, 1930821.200, 1980923.600, 2028938.400, 2074865.600, 2118705.200, 2160457.200, 2200121.600, 2237698.400, 2273187.600, 2306589.200, 2337903.200, 2367129.600, 2394268.400, 2419319.600, 2442283.200, 2463159.200, 2481947.600, 2498648.400, 2513261.600, 2525787.200, 2536225.200, 2544575.600, 2550838.400, 2555013.600, 2557101.200, 2557101.200, 2555013.600, 2550838.400, 2544575.600, 2536225.200, 2525787.200, 2513261.600, 2498648.400, 2481947.600, 2463159.200, 2442283.200, 2419319.600, 2394268.400, 2367129.600, 2337903.200, 2306589.200, 2273187.600, 2237698.400, 2200121.600, 2160457.200, 2118705.200, 2074865.600, 2028938.400, 1980923.600, 1930821.200, 1878631.200, 1824353.600, 1767988.400, 1709535.600, 1648995.200, 1586367.200, 1521651.600, 1454848.400, 1385957.600, 1314979.200, 1241913.200, 1166759.600, 1089518.400, 1010189.600, 928773.200, 845269.200, 759677.600, 671998.400, 582231.600, 490377.200, 396435.200, 300405.600, 202288.400, 102083.600,    0.000,
   0.000, 109320.800, 216629.600, 321702.800, 424540.400, 525142.400, 623508.800, 719639.600, 813534.800, 905194.400, 994618.400, 1081806.800, 1166759.600, 1249476.800, 1329958.400, 1408204.400, 1484214.800, 1557989.600, 1629528.800, 1698832.400, 1765900.400, 1830732.800, 1893329.600, 1953690.800, 2011816.400, 2067706.400, 2121360.800, 2172779.600, 2221962.800, 2268910.400, 2313622.400, 2356098.800, 2396339.600, 2434344.800, 2470114.400, 2503648.400, 2534946.800, 2564009.600, 2590836.800, 2615428.400, 2637784.400, 2657904.800, 2675789.600, 2691438.800, 2704852.400, 2716030.400, 2724972.800, 2731679.600, 2736150.800, 2738386.400, 2738386.400, 2736150.800, 2731679.600, 2724972.800, 2716030.400, 2704852.400, 2691438.800, 2675789.600, 2657904.800, 2637784.400, 2615428.400, 2590836.800, 2564009.600, 2534946.800, 2503648.400, 2470114.400, 2434344.800, 2396339.600, 2356098.800, 2313622.400, 2268910.400, 2221962.800, 2172779.600, 2121360.800, 2067706.400, 2011816.400, 1953690.800, 1893329.600, 1830732.800, 1765900.400, 1698832.400, 1629528.800, 1557989.600, 1484214.800, 1408204.400, 1329958.400, 1249476.800, 1166759.600, 1081806.800, 994618.400, 905194.400, 813534.800, 719639.600, 623508.800, 525142.400, 424540.400, 321702.800, 216629.600, 109320.800,    0.000,
   0.000, 116362.400, 230583.200, 342424.400, 451886.000, 558968.000, 663670.400, 765993.200, 865936.400, 963500.000, 1058684.000, 1151488.400, 1241913.200, 1329958.400, 1415624.000, 1498910.000, 1579816.400, 1658343.200, 1734490.400, 1808258.000, 1879646.000, 1948654.400, 2015283.200, 2079532.400, 2141402.000, 2200892.000, 2258002.400, 2312733.200, 2365084.400, 2415056.000, 2462648.000, 2507860.400, 2550693.200, 2591146.400, 2629220.000, 2664914.000, 2698228.400, 2729163.200, 2757718.400, 2783894.000, 2807690.000, 2829106.400, 2848143.200, 2864800.400, 2879078.000, 2890976.000, 2900494.400, 2907633.200, 2912392.400, 2914772.000, 2914772.000, 2912392.400, 2907633.200, 2900494.400, 2890976.000, 2879078.000, 2864800.400, 2848143.200, 2829106.400, 2807690.000, 2783894.000, 2757718.400, 2729163.200, 2698228.400, 2664914.000, 2629220.000, 2591146.400, 2550693.200, 2507860.400, 2462648.000, 2415056.000, 2365084.400, 2312733.200, 2258002.400, 2200892.000, 2141402.000, 2079532.400, 2015283.200, 1948654.400, 1879646.000, 1808258.000, 1734490.400, 1658343.200, 1579816.400, 1498910.000, 1415624.000, 1329958.400, 1241913.200, 1151488.400, 1058684.000, 963500.000, 865936.400, 765993.200, 663670.400, 558968.000, 451886.000, 342424.400, 230583.200, 116362.400,    0.000,
   0.000, 123208.400, 244149.200, 362570.400, 478472.000, 591854.000, 702716.400, 811059.200, 916882.400, 1020186.000, 1120970.000, 1219234.400, 1314979.200, 1408204.400, 1498910.000, 1587096.000, 1672762.400, 1755909.200, 1836536.400, 1914644.000, 1990232.000, 2063300.400, 2133849.200, 2201878.400, 2267388.000, 2330378.000, 2390848.400, 2448799.200, 2504230.400, 2557142.000, 2607534.000, 2655406.400, 2700759.200, 2743592.400, 2783906.000, 2821700.000, 2856974.400, 2889729.200, 2919964.400, 2947680.000, 2972876.000, 2995552.400, 3015709.200, 3033346.400, 3048464.000, 3061062.000, 3071140.400, 3078699.200, 3083738.400, 3086258.000, 3086258.000, 3083738.400, 3078699.200, 3071140.400, 3061062.000, 3048464.000, 3033346.400, 3015709.200, 2995552.400, 2972876.000, 2947680.000, 2919964.400, 2889729.200, 2856974.400, 2821700.000, 2783906.000, 2743592.400, 2700759.200, 2655406.400, 2607534.000, 2557142.000, 2504230.400, 2448799.200, 2390848.400, 2330378.000, 2267388.000, 2201878.400, 2133849.200, 2063300.400, 1990232.000, 1914644.000, 1836536.400, 1755909.200, 1672762.400, 1587096.000, 1498910.000, 1408204.400, 1314979.200, 1219234.400, 1120970.000, 1020186.000, 916882.400, 811059.200, 702716.400, 591854.000, 478472.000, 362570.400, 244149.200, 123208.400,    0.000,
   0.000, 129858.800, 257327.600, 382140.800, 504298.400, 623800.400, 740646.800, 854837.600, 966372.800, 1075252.400, 1181476.400, 1285044.800, 1385957.600, 1484214.800, 1579816.400, 1672762.400, 1763052.800, 1850687.600, 1935666.800, 2017990.400, 2097658.400, 2174670.800, 2249027.600, 2320728.800, 2389774.400, 2456164.400, 2519898.800, 2580977.600, 2639400.800, 2695168.400, 2748280.400, 2798736.800, 2846537.600, 2891682.800, 2934172.400, 2974006.400, 3011184.800, 3045707.600, 3077574.800, 3106786.400, 3133342.400, 3157242.800, 3178487.600, 3197076.800, 3213010.400, 3226288.400, 3236910.800, 3244877.600, 3250188.800, 3252844.400, 3252844.400, 3250188.800, 3244877.600, 3236910.800, 3226288.400, 3213010.400, 3197076.800, 3178487.600, 3157242.800, 3133342.400, 3106786.400, 3077574.800, 3045707.600, 3011184.800, 2974006.400, 2934172.400, 2891682.800, 2846537.600, 2798736.800, 2748280.400, 2695168.400, 2639400.800, 2580977.600, 2519898.800, 2456164.400, 2389774.400, 2320728.800, 2249027.600, 2174670.800, 2097658.400, 2017990.400, 1935666.800, 1850687.600, 1763052.800, 1672762.400, 1579816.400, 1484214.800, 1385957.600, 1285044.800, 1181476.400, 1075252.400, 966372.800, 854837.600, 740646.800, 623800.400, 504298.400, 382140.800, 257327.600, 129858.800,    0.000,
   0.000, 136313.600, 270118.400, 401135.600, 529365.200, 654807.200, 777461.600, 897328.400, 1014407.600, 1128699.200, 1240203.200, 1348919.600, 1454848.400, 1557989.600, 1658343.200, 1755909.200, 1850687.600, 1942678.400, 2031881.600, 2118297.200, 2201925.200, 2282765.600, 2360818.400, 2436083.600, 2508561.200, 2578251.200, 2645153.600, 2709268.400, 2770595.600, 2829135.200, 2884887.200, 2937851.600, 2988028.400, 3035417.600, 3080019.200, 3121833.200, 3160859.600, 3197098.400, 3230549.600, 3261213.200, 3289089.200, 3314177.600, 3336478.400, 3355991.600, 3372717.200, 3386655.200, 3397805.600, 3406168.400, 3411743.600, 3414531.200, 3414531.200, 3411743.600, 3406168.400, 3397805.600, 3386655.200, 3372717.200, 3355991.600, 3336478.400, 3314177.600, 3289089.200, 3261213.200, 3230549.600, 3197098.400, 3160859.600, 3121833.200, 3080019.200, 3035417.600, 2988028.400, 2937851.600, 2884887.200, 2829135.200, 2770595.600, 2709268.400, 2645153.600, 2578251.200, 2508561.200, 2436083.600, 2360818.400, 2282765.600, 2201925.200, 2118297.200, 2031881.600, 1942678.400, 1850687.600, 1755909.200, 1658343.200, 1557989.600, 1454848.400, 1348919.600, 1240203.200, 1128699.200, 1014407.600, 897328.400, 777461.600, 654807.200, 529365.200, 401135.600, 270118.400, 136313.600,    0.000,
   0.000, 142572.800, 282521.600, 419554.800, 553672.400, 684874.400, 813160.800, 938531.600, 1060986.800, 1180526.400, 1297150.400, 1410858.800, 1521651.600, 1629528.800, 1734490.400, 1836536.400, 1935666.800, 2031881.600, 2125180.800, 2215564.400, 2303032.400, 2387584.800, 2469221.600, 2547942.800, 2623748.400, 2696638.400, 2766612.800, 2833671.600, 2897814.800, 2959042.400, 3017354.400, 3072750.800, 3125231.600, 3174796.800, 3221446.400, 3265180.400, 3305998.800, 3343901.600, 3378888.800, 3410960.400, 3440116.400, 3466356.800, 3489681.600, 3510090.800, 3527584.400, 3542162.400, 3553824.800, 3562571.600, 3568402.800, 3571318.400, 3571318.400, 3568402.800, 3562571.600, 3553824.800, 3542162.400, 3527584.400, 3510090.800, 3489681.600, 3466356.800, 3440116.400, 3410960.400, 3378888.800, 3343901.600, 3305998.800, 3265180.400, 3221446.400, 3174796.800, 3125231.600, 3072750.800, 3017354.400, 2959042.400, 2897814.800, 2833671.600, 2766612.800, 2696638.400, 2623748.400, 2547942.800, 2469221.600, 2387584.800, 2303032.400, 2215564.400, 2125180.800, 2031881.600, 1935666.800, 1836536.400, 1734490.400, 1629528.800, 1521651.600, 1410858.800, 1297150.400, 1180526.400, 1060986.800, 938531.600, 813160.800, 684874.400, 553672.400, 419554.800, 282521.600, 142572.800,    0.000,
   0.000, 148636.400, 294537.200, 437398.400, 577220.000, 714002.000, 847744.400, 978447.200, 1106110.400, 1230734.000, 1352318.000, 1470862.400, 1586367.200, 1698832.400, 1808258.000, 1914644.000, 2017990.400, 2118297.200, 2215564.400, 2309792.000, 2400980.000, 2489128.400, 2574237.200, 2656306.400, 2735336.000, 2811326.000, 2884276.400, 2954187.200, 3021058.400, 3084890.000, 3145682.000, 3203434.400, 3258147.200, 3309820.400, 3358454.000, 3404048.000, 3446602.400, 3486117.200, 3522592.400, 3556028.000, 3586424.000, 3613780.400, 3638097.200, 3659374.400, 3677612.000, 3692810.000, 3704968.400, 3714087.200, 3720166.400, 3723206.000, 3723206.000, 3720166.400, 3714087.200, 3704968.400, 3692810.000, 3677612.000, 3659374.400, 3638097.200, 3613780.400, 3586424.000, 3556028.000, 3522592.400, 3486117.200, 3446602.400, 3404048.000, 3358454.000, 3309820.400, 3258147.200, 3203434.400, 3145682.000, 3084890.000, 3021058.400, 2954187.200, 2884276.400, 2811326.000, 2735336.000, 2656306.400, 2574237.200, 2489128.400, 2400980.000, 2309792.000, 2215564.400, 2118297.200, 2017990.400, 1914644.000, 1808258.000, 1698832.400, 1586367.200, 1470862.400, 1352318.000, 1230734.000, 1106110.400, 978447.200, 847744.400, 714002.000, 577220.000, 437398.400, 294537.200, 148636.400,    0.000,
   0.000, 154504.400, 306165.200, 454666.400, 600008.000, 742190.000, 881212.400, 1017075.200, 1149778.400, 1279322.000, 1405706.000, 1528930.400, 1648995.200, 1765900.400, 1879646.000, 1990232.000, 2097658.400, 2201925.200, 2303032.400, 2400980.000, 2495768.000, 2587396.400, 2675865.200, 2761174.400, 2843324.000, 2922314.000, 2998144.400, 3070815.200, 3140326.400, 3206678.000, 3269870.000, 3329902.400, 3386775.200, 3440488.400, 3491042.000, 3538436.000, 3582670.400, 3623745.200, 3661660.400, 3696416.000, 3728012.000, 3756448.400, 3781725.200, 3803842.400, 3822800.000, 3838598.000, 3851236.400, 3860715.200, 3867034.400, 3870194.000, 3870194.000, 3867034.400, 3860715.200, 3851236.400, 3838598.000, 3822800.000, 3803842.400, 3781725.200, 3756448.400, 3728012.000, 3696416.000, 3661660.400, 3623745.200, 3582670.400, 3538436.000, 3491042.000, 3440488.400, 3386775.200, 3329902.400, 3269870.000, 3206678.000, 3140326.400, 3070815.200, 2998144.400, 2922314.000, 2843324.000, 2761174.400, 2675865.200, 2587396.400, 2495768.000, 2400980.000, 2303032.400, 2201925.200, 2097658.400, 1990232.000, 1879646.000, 1765900.400, 1648995.200, 1528930.400, 1405706.000, 1279322.000, 1149778.400, 1017075.200, 881212.400, 742190.000, 600008.000, 454666.400, 306165.200, 154504.400,    0.000,
   0.000, 160176.800, 317405.600, 471358.800, 622036.400, 769438.400, 913564.800, 1054415.600, 1191990.800, 1326290.400, 1457314.400, 1585062.800, 1709535.600, 1830732.800, 1948654.400, 2063300.400, 2174670.800, 2282765.600, 2387584.800, 2489128.400, 2587396.400, 2682388.800, 2774105.600, 2862546.800, 2947712.400, 3029602.400, 3108216.800, 3183555.600, 3255618.800, 3324406.400, 3389918.400, 3452154.800, 3511115.600, 3566800.800, 3619210.400, 3668344.400, 3714202.800, 3756785.600, 3796092.800, 3832124.400, 3864880.400, 3894360.800, 3920565.600, 3943494.800, 3963148.400, 3979526.400, 3992628.800, 4002455.600, 4009006.800, 4012282.400, 4012282.400, 4009006.800, 4002455.600, 3992628.800, 3979526.400, 3963148.400, 3943494.800, 3920565.600, 3894360.800, 3864880.400, 3832124.400, 3796092.800, 3756785.600, 3714202.800, 3668344.400, 3619210.400, 3566800.800, 3511115.600, 3452154.800, 3389918.400, 3324406.400, 3255618.800, 3183555.600, 3108216.800, 3029602.400, 2947712.400, 2862546.800, 2774105.600, 2682388.800, 2587396.400, 2489128.400, 2387584.800, 2282765.600, 2174670.800, 2063300.400, 1948654.400, 1830732.800, 1709535.600, 1585062.800, 1457314.400, 1326290.400, 1191990.800, 1054415.600, 913564.800, 769438.400, 622036.400, 471358.800, 317405.600, 160176.800,    0.000,
   0.000, 165653.600, 328258.400, 487475.600, 643305.200, 795747.200, 944801.600, 1090468.400, 1232747.600, 1371639.200, 1507143.200, 1639259.600, 1767988.400, 1893329.600, 2015283.200, 2133849.200, 2249027.600, 2360818.400, 2469221.600, 2574237.200, 2675865.200, 2774105.600, 2868958.400, 2960423.600, 3048501.200, 3133191.200, 3214493.600, 3292408.400, 3366935.600, 3438075.200, 3505827.200, 3570191.600, 3631168.400, 3688757.600, 3742959.200, 3793773.200, 3841199.600, 3885238.400, 3925889.600, 3963153.200, 3997029.200, 4027517.600, 4054618.400, 4078331.600, 4098657.200, 4115595.200, 4129145.600, 4139308.400, 4146083.600, 4149471.200, 4149471.200, 4146083.600, 4139308.400, 4129145.600, 4115595.200, 4098657.200, 4078331.600, 4054618.400, 4027517.600, 3997029.200, 3963153.200, 3925889.600, 3885238.400, 3841199.600, 3793773.200, 3742959.200, 3688757.600, 3631168.400, 3570191.600, 3505827.200, 3438075.200, 3366935.600, 3292408.400, 3214493.600, 3133191.200, 3048501.200, 2960423.600, 2868958.400, 2774105.600, 2675865.200, 2574237.200, 2469221.600, 2360818.400, 2249027.600, 2133849.200, 2015283.200, 1893329.600, 1767988.400, 1639259.600, 1507143.200, 1371639.200, 1232747.600, 1090468.400, 944801.600, 795747.200, 643305.200, 487475.600, 328258.400, 165653.600,    0.000,
   0.000, 170934.800, 338723.600, 503016.800, 663814.400, 821116.400, 974922.800, 1125233.600, 1272048.800, 1415368.400, 1555192.400, 1691520.800, 1824353.600, 1953690.800, 2079532.400, 2201878.400, 2320728.800, 2436083.600, 2547942.800, 2656306.400, 2761174.400, 2862546.800, 2960423.600, 3054804.800, 3145690.400, 3233080.400, 3316974.800, 3397373.600, 3474276.800, 3547684.400, 3617596.400, 3684012.800, 3746933.600, 3806358.800, 3862288.400, 3914722.400, 3963660.800, 4009103.600, 4051050.800, 4089502.400, 4124458.400, 4155918.800, 4183883.600, 4208352.800, 4229326.400, 4246804.400, 4260786.800, 4271273.600, 4278264.800, 4281760.400, 4281760.400, 4278264.800, 4271273.600, 4260786.800, 4246804.400, 4229326.400, 4208352.800, 4183883.600, 4155918.800, 4124458.400, 4089502.400, 4051050.800, 4009103.600, 3963660.800, 3914722.400, 3862288.400, 3806358.800, 3746933.600, 3684012.800, 3617596.400, 3547684.400, 3474276.800, 3397373.600, 3316974.800, 3233080.400, 3145690.400, 3054804.800, 2960423.600, 2862546.800, 2761174.400, 2656306.400, 2547942.800, 2436083.600, 2320728.800, 2201878.400, 2079532.400, 1953690.800, 1824353.600, 1691520.800, 1555192.400, 1415368.400, 1272048.800, 1125233.600, 974922.800, 821116.400, 663814.400, 503016.800, 338723.600, 170934.800,    0.000,
   0.000, 176020.400, 348801.200, 517982.400, 683564.000, 845546.000, 1003928.400, 1158711.200, 1309894.400, 1457478.000, 1601462.000, 1741846.400, 1878631.200, 2011816.400, 2141402.000, 2267388.000, 2389774.400, 2508561.200, 2623748.400, 2735336.000, 2843324.000, 2947712.400, 3048501.200, 3145690.400, 3239280.000, 3329270.000, 3415660.400, 3498451.200, 3577642.400, 3653234.000, 3725226.000, 3793618.400, 3858411.200, 3919604.400, 3977198.000, 4031192.000, 4081586.400, 4128381.200, 4171576.400, 4211172.000, 4247168.000, 4279564.400, 4308361.200, 4333558.400, 4355156.000, 4373154.000, 4387552.400, 4398351.200, 4405550.400, 4409150.000, 4409150.000, 4405550.400, 4398351.200, 4387552.400, 4373154.000, 4355156.000, 4333558.400, 4308361.200, 4279564.400, 4247168.000, 4211172.000, 4171576.400, 4128381.200, 4081586.400, 4031192.000, 3977198.000, 3919604.400, 3858411.200, 3793618.400, 3725226.000, 3653234.000, 3577642.400, 3498451.200, 3415660.400, 3329270.000, 3239280.000, 3145690.400, 3048501.200, 2947712.400, 2843324.000, 2735336.000, 2623748.400, 2508561.200, 2389774.400, 2267388.000, 2141402.000, 2011816.400, 1878631.200, 1741846.400, 1601462.000, 1457478.000, 1309894.400, 1158711.200, 1003928.400, 845546.000, 683564.000, 517982.400, 348801.200, 176020.400,    0.000,
   0.000, 180910.400, 358491.200, 532372.400, 702554.000, 869036.000, 1031818.400, 1190901.200, 1346284.400, 1497968.000, 1645952.000, 1790236.400, 1930821.200, 2067706.400, 2200892.000, 2330378.000, 2456164.400, 2578251.200, 2696638.400, 2811326.000, 2922314.000, 3029602.400, 3133191.200, 3233080.400, 3329270.000, 3421760.000, 3510550.400, 3595641.200, 3677032.400, 3754724.000, 3828716.000, 3899008.400, 3965601.200, 4028494.400, 4087688.000, 4143182.000, 4194976.400, 4243071.200, 4287466.400, 4328162.000, 4365158.000, 4398454.400, 4428051.200, 4453948.400, 4476146.000, 4494644.000, 4509442.400, 4520541.200, 4527940.400, 4531640.000, 4531640.000, 4527940.400, 4520541.200, 4509442.400, 4494644.000, 4476146.000, 4453948.400, 4428051.200, 4398454.400, 4365158.000, 4328162.000, 4287466.400, 4243071.200, 4194976.400, 4143182.000, 4087688.000, 4028494.400, 3965601.200, 3899008.400, 3828716.000, 3754724.000, 3677032.400, 3595641.200, 3510550.400, 3421760.000, 3329270.000, 3233080.400, 3133191.200, 3029602.400, 2922314.000, 2811326.000, 2696638.400, 2578251.200, 2456164.400, 2330378.000, 2200892.000, 2067706.400, 1930821.200, 1790236.400, 1645952.000, 1497968.000, 1346284.400, 1190901.200, 1031818.400, 869036.000, 702554.000, 532372.400, 358491.200, 180910.400,    0.000,
   0.000, 185604.800, 367793.600, 546186.800, 720784.400, 891586.400, 1058592.800, 1221803.600, 1381218.800, 1536838.400, 1688662.400, 1836690.800, 1980923.600, 2121360.800, 2258002.400, 2390848.400, 2519898.800, 2645153.600, 2766612.800, 2884276.400, 2998144.400, 3108216.800, 3214493.600, 3316974.800, 3415660.400, 3510550.400, 3601644.800, 3688943.600, 3772446.800, 3852154.400, 3928066.400, 4000182.800, 4068503.600, 4133028.800, 4193758.400, 4250692.400, 4303830.800, 4353173.600, 4398720.800, 4440472.400, 4478428.400, 4512588.800, 4542953.600, 4569522.800, 4592296.400, 4611274.400, 4626456.800, 4637843.600, 4645434.800, 4649230.400, 4649230.400, 4645434.800, 4637843.600, 4626456.800, 4611274.400, 4592296.400, 4569522.800, 4542953.600, 4512588.800, 4478428.400, 4440472.400, 4398720.800, 4353173.600, 4303830.800, 4250692.400, 4193758.400, 4133028.800, 4068503.600, 4000182.800, 3928066.400, 3852154.400, 3772446.800, 3688943.600, 3601644.800, 3510550.400, 3415660.400, 3316974.800, 3214493.600, 3108216.800, 2998144.400, 2884276.400, 2766612.800, 2645153.600, 2519898.800, 2390848.400, 2258002.400, 2121360.800, 1980923.600, 1836690.800, 1688662.400, 1536838.400, 1381218.800, 1221803.600, 1058592.800, 891586.400, 720784.400, 546186.800, 367793.600, 185604.800,    0.000,
   0.000, 190103.600, 376708.400, 559425.600, 738255.200, 913197.200, 1084251.600, 1251418.400, 1414697.600, 1574089.200, 1729593.200, 1881209.600, 2028938.400, 2172779.600, 2312733.200, 2448799.200, 2580977.600, 2709268.400, 2833671.600, 2954187.200, 3070815.200, 3183555.600, 3292408.400, 3397373.600, 3498451.200, 3595641.200, 3688943.600, 3778358.400, 3863885.600, 3945525.200, 4023277.200, 4097141.600, 4167118.400, 4233207.600, 4295409.200, 4353723.200, 4408149.600, 4458688.400, 4505339.600, 4548103.200, 4586979.200, 4621967.600, 4653068.400, 4680281.600, 4703607.200, 4723045.200, 4738595.600, 4750258.400, 4758033.600, 4761921.200, 4761921.200, 4758033.600, 4750258.400, 4738595.600, 4723045.200, 4703607.200, 4680281.600, 4653068.400, 4621967.600, 4586979.200, 4548103.200, 4505339.600, 4458688.400, 4408149.600, 4353723.200, 4295409.200, 4233207.600, 4167118.400, 4097141.600, 4023277.200, 3945525.200, 3863885.600, 3778358.400, 3688943.600, 3595641.200, 3498451.200, 3397373.600, 3292408.400, 3183555.600, 3070815.200, 2954187.200, 2833671.600, 2709268.400, 2580977.600, 2448799.200, 2312733.200, 2172779.600, 2028938.400, 1881209.600, 1729593.200, 1574089.200, 1414697.600, 1251418.400, 1084251.600, 913197.200, 738255.200, 559425.600, 376708.400, 190103.600,    0.000,
   0.000, 194406.800, 385235.600, 572088.800, 754966.400, 933868.400, 1108794.800, 1279745.600, 1446720.800, 1609720.400, 1768744.400, 1923792.800, 2074865.600, 2221962.800, 2365084.400, 2504230.400, 2639400.800, 2770595.600, 2897814.800, 3021058.400, 3140326.400, 3255618.800, 3366935.600, 3474276.800, 3577642.400, 3677032.400, 3772446.800, 3863885.600, 3951348.800, 4034836.400, 4114348.400, 4189884.800, 4261445.600, 4329030.800, 4392640.400, 4452274.400, 4507932.800, 4559615.600, 4607322.800, 4651054.400, 4690810.400, 4726590.800, 4758395.600, 4786224.800, 4810078.400, 4829956.400, 4845858.800, 4857785.600, 4865736.800, 4869712.400, 4869712.400, 4865736.800, 4857785.600, 4845858.800, 4829956.400, 4810078.400, 4786224.800, 4758395.600, 4726590.800, 4690810.400, 4651054.400, 4607322.800, 4559615.600, 4507932.800, 4452274.400, 4392640.400, 4329030.800, 4261445.600, 4189884.800, 4114348.400, 4034836.400, 3951348.800, 3863885.600, 3772446.800, 3677032.400, 3577642.400, 3474276.800, 3366935.600, 3255618.800, 3140326.400, 3021058.400, 2897814.800, 2770595.600, 2639400.800, 2504230.400, 2365084.400, 2221962.800, 2074865.600, 1923792.800, 1768744.400, 1609720.400, 1446720.800, 1279745.600, 1108794.800, 933868.400, 754966.400, 572088.800, 385235.600, 194406.800,    0.000,
   0.000, 198514.400, 393375.200, 584176.400, 770918.000, 953600.000, 1132222.400, 1306785.200, 1477288.400, 1643732.000, 1806116.000, 1964440.400, 2118705.200, 2268910.400, 2415056.000, 2557142.000, 2695168.400, 2829135.200, 2959042.400, 3084890.000, 3206678.000, 3324406.400, 3438075.200, 3547684.400, 3653234.000, 3754724.000, 3852154.400, 3945525.200, 4034836.400, 4120088.000, 4201280.000, 4278412.400, 4351485.200, 4420498.400, 4485452.000, 4546346.000, 4603180.400, 4655955.200, 4704670.400, 4749326.000, 4789922.000, 4826458.400, 4858935.200, 4887352.400, 4911710.000, 4932008.000, 4948246.400, 4960425.200, 4968544.400, 4972604.000, 4972604.000, 4968544.400, 4960425.200, 4948246.400, 4932008.000, 4911710.000, 4887352.400, 4858935.200, 4826458.400, 4789922.000, 4749326.000, 4704670.400, 4655955.200, 4603180.400, 4546346.000, 4485452.000, 4420498.400, 4351485.200, 4278412.400, 4201280.000, 4120088.000, 4034836.400, 3945525.200, 3852154.400, 3754724.000, 3653234.000, 3547684.400, 3438075.200, 3324406.400, 3206678.000, 3084890.000, 2959042.400, 2829135.200, 2695168.400, 2557142.000, 2415056.000, 2268910.400, 2118705.200, 1964440.400, 1806116.000, 1643732.000, 1477288.400, 1306785.200, 1132222.400, 953600.000, 770918.000, 584176.400, 393375.200, 198514.400,    0.000,
   0.000, 202426.400, 401127.200, 595688.400, 786110.000, 972392.000, 1154534.400, 1332537.200, 1506400.400, 1676124.000, 1841708.000, 2003152.400, 2160457.200, 2313622.400, 2462648.000, 2607534.000, 2748280.400, 2884887.200, 3017354.400, 3145682.000, 3269870.000, 3389918.400, 3505827.200, 3617596.400, 3725226.000, 3828716.000, 3928066.400, 4023277.200, 4114348.400, 4201280.000, 4284072.000, 4362724.400, 4437237.200, 4507610.400, 4573844.000, 4635938.000, 4693892.400, 4747707.200, 4797382.400, 4842918.000, 4884314.000, 4921570.400, 4954687.200, 4983664.400, 5008502.000, 5029200.000, 5045758.400, 5058177.200, 5066456.400, 5070596.000, 5070596.000, 5066456.400, 5058177.200, 5045758.400, 5029200.000, 5008502.000, 4983664.400, 4954687.200, 4921570.400, 4884314.000, 4842918.000, 4797382.400, 4747707.200, 4693892.400, 4635938.000, 4573844.000, 4507610.400, 4437237.200, 4362724.400, 4284072.000, 4201280.000, 4114348.400, 4023277.200, 3928066.400, 3828716.000, 3725226.000, 3617596.400, 3505827.200, 3389918.400, 3269870.000, 3145682.000, 3017354.400, 2884887.200, 2748280.400, 2607534.000, 2462648.000, 2313622.400, 2160457.200, 2003152.400, 1841708.000, 1676124.000, 1506400.400, 1332537.200, 1154534.400, 972392.000, 786110.000, 595688.400, 401127.200, 202426.400,    0.000,
