   0.000,    0.000,    0.000,    0.000,    0.000,    0.000,    0.000,    0.000,    0.000,    0.000,    0.000,    0.000,    0.000,    0.000,    0.000,    0.000,    0.000,    0.000,    0.000,    0.000,    0.000,    0.000,    0.000,    0.000,    0.000,    0.000,    0.000,    0.000,    0.000,    0.000,    0.000,    0.000,    0.000,    0.000,    0.000,    0.000,    0.000,    0.000,    0.000,    0.000,    0.000,    0.000,    0.000,    0.000,    0.000,    0.000,    0.000,    0.000,    0.000,    0.000,    0.000,    0.000,    0.000,    0.000,    0.000,    0.000,    0.000,    0.000,    0.000,    0.000,    0.000,    0.000,    0.000,    0.000,    0.000,    0.000,    0.000,    0.000,    0.000,    0.000,    0.000,    0.000,    0.000,    0.000,    0.000,    0.000,    0.000,    0.000,    0.000,    0.000,    0.000,    0.000,    0.000,    0.000,    0.000,    0.000,    0.000,    0.000,    0.000,    0.000,    0.000,    0.000,    0.000,    0.000,    0.000,    0.000,    0.000,    0.000,    0.000,    0.000,
   0.000, 9186.394, 18296.510, 27272.271, 36079.662, 44703.125, 53137.017, 61379.695, 69430.768, 77290.163, 84957.867, 92433.878, 99718.197, 106810.823, 113711.757, 120420.998, 126938.546, 133264.402, 139398.565, 145341.036, 151091.814, 156650.899, 162018.292, 167193.992, 172178.000, 176970.315, 181570.937, 185979.867, 190197.104, 194222.649, 198056.501, 201698.660, 205149.127, 208407.901, 211474.983, 214350.372, 217034.069, 219526.072, 221826.384, 223935.002, 225851.928, 227577.162, 229110.702, 230452.551, 231602.706, 232561.169, 233327.940, 233903.017, 234286.403, 234478.095, 234478.095, 234286.403, 233903.017, 233327.940, 232561.169, 231602.706, 230452.551, 229110.702, 227577.162, 225851.928, 223935.002, 221826.384, 219526.072, 217034.069, 214350.372, 211474.983, 208407.901, 205149.127, 201698.660, 198056.501, 194222.649, 190197.104, 185979.867, 181570.937, 176970.315, 172178.000, 167193.992, 162018.292, 156650.899, 151091.814, 145341.036, 139398.565, 133264.402, 126938.546, 120420.998, 113711.757, 106810.823, 99718.197, 92433.878, 84957.867, 77290.163, 69430.768, 61379.695, 53137.017, 44703.125, 36079.662, 27272.271, 18296.510, 9186.394,    0.000,
   0.000, 18296.510, 36441.089, 54318.066, 71859.696, 89034.993, 105832.722, 122249.608, 138284.879, 153938.384, 169210.100, 184100.023, 198608.154, 212734.491, 226479.036, 239841.787, 252822.746, 265421.912, 277639.284, 289474.864, 300928.652, 312000.646, 322690.847, 332999.255, 342925.871, 352470.693, 361633.723, 370414.960, 378814.404, 386832.055, 394467.913, 401721.978, 408594.250, 415084.729, 421193.416, 426920.309, 432265.410, 437228.718, 441810.233, 446009.954, 449827.884, 453264.020, 456318.363, 458990.913, 461281.671, 463190.635, 464717.807, 465863.185, 466626.771, 467008.564, 467008.564, 466626.771, 465863.185, 464717.807, 463190.635, 461281.671, 458990.913, 456318.363, 453264.020, 449827.884, 446009.954, 441810.233, 437228.718, 432265.410, 426920.309, 421193.416, 415084.729, 408594.250, 401721.978, 394467.913, 386832.055, 378814.404, 370414.960, 361633.723, 352470.693, 342925.871, 332999.255, 322690.847, 312000.646, 300928.652, 289474.864, 277639.284, 265421.912, 252822.746, 239841.787, 226479.036, 212734.491, 198608.154, 184100.023, 169210.100, 153938.384, 138284.879, 122249.608, 105832.722, 89034.993, 71859.696, 54318.066, 36441.089, 18296.510,    0.000,
   0.000, 27272.271, 54318.066, 80964.966, 107111.994, 132712.972, 157751.156, 182221.667, 206123.353, 229455.990, 252219.544, 274414.010, 296039.387, 317095.675, 337582.874, 357500.984, 376850.005, 395629.938, 413840.781, 431482.536, 448555.202, 465058.779, 480993.267, 496358.666, 511154.977, 525382.198, 539040.331, 552129.375, 564649.330, 576600.196, 587981.973, 598794.662, 609038.261, 618712.772, 627818.194, 636354.527, 644321.771, 651719.926, 658548.992, 664808.970, 670499.858, 675621.658, 680174.369, 684157.991, 687572.524, 690417.968, 692694.324, 694401.590, 695539.768, 696108.857, 696108.857, 695539.768, 694401.590, 692694.324, 690417.968, 687572.524, 684157.991, 680174.369, 675621.658, 670499.858, 664808.970, 658548.992, 651719.926, 644321.771, 636354.527, 627818.194, 618712.772, 609038.261, 598794.662, 587981.973, 576600.196, 564649.330, 552129.375, 539040.331, 525382.198, 511154.977, 496358.666, 480993.267, 465058.779, 448555.202, 431482.536, 413840.781, 395629.938, 376850.005, 357500.984, 337582.874, 317095.675, 296039.387, 274414.010, 252219.544, 229455.990, 206123.353, 182221.667, 157751.156, 132712.972, 107111.994, 80964.966, 54318.066, 27272.271,    0.000,
   0.000, 36079.662, 71859.696, 107111.994, 141702.977, 175571.561, 208695.597, 241068.636, 272689.153, 303556.852, 333671.687, 363033.652, 391642.746, 419498.969, 446602.322, 472952.803, 498550.414, 523395.153, 547487.022, 570826.020, 593412.147, 615245.403, 636325.788, 656653.302, 676227.945, 695049.718, 713118.619, 730434.650, 746997.810, 762808.099, 777865.517, 792170.064, 805721.740, 818520.545, 830566.479, 841859.543, 852399.735, 862187.057, 871221.508, 879503.088, 887031.797, 893807.635, 899830.602, 905100.698, 909617.924, 913382.278, 916393.762, 918652.374, 920158.116, 920910.987, 920910.987, 920158.116, 918652.374, 916393.762, 913382.278, 909617.924, 905100.698, 899830.602, 893807.635, 887031.797, 879503.088, 871221.508, 862187.057, 852399.735, 841859.543, 830566.479, 818520.545, 805721.740, 792170.064, 777865.517, 762808.099, 746997.810, 730434.650, 713118.619, 695049.718, 676227.945, 656653.302, 636325.788, 615245.403, 593412.147, 570826.020, 547487.022, 523395.153, 498550.414, 472952.803, 446602.322, 419498.969, 391642.746, 363033.652, 333671.687, 303556.852, 272689.153, 241068.636, 208695.597, 175571.561, 141702.977, 107111.994, 71859.696, 36079.662,    0.000,
   0.000, 44703.125, 89034.993, 132712.972, 175571.561, 217535.081, 258576.098, 298686.621, 337864.760, 376110.151, 413422.735, 449802.506, 485249.463, 519763.604, 553344.931, 585993.444, 617709.142, 648492.025, 678342.093, 707259.347, 735243.786, 762295.411, 788414.221, 813600.216, 837853.397, 861173.763, 883561.314, 905016.051, 925537.973, 945127.080, 963783.373, 981506.851, 998297.515, 1014155.364, 1029080.398, 1043072.618, 1056132.023, 1068258.613, 1079452.389, 1089713.350, 1099041.496, 1107436.828, 1114899.345, 1121429.047, 1127025.935, 1131690.008, 1135421.267, 1138219.711, 1140085.340, 1141018.155, 1141018.155, 1140085.340, 1138219.711, 1135421.267, 1131690.008, 1127025.935, 1121429.047, 1114899.345, 1107436.828, 1099041.496, 1089713.350, 1079452.389, 1068258.613, 1056132.023, 1043072.618, 1029080.398, 1014155.364, 998297.515, 981506.851, 963783.373, 945127.080, 925537.973, 905016.051, 883561.314, 861173.763, 837853.397, 813600.216, 788414.221, 762295.411, 735243.786, 707259.347, 678342.093, 648492.025, 617709.142, 585993.444, 553344.931, 519763.604, 485249.463, 449802.506, 413422.735, 376110.151, 337864.760, 298686.621, 258576.098, 217535.081, 175571.561, 132712.972, 89034.993, 44703.125,    0.000,
   0.000, 53137.017, 105832.722, 157751.156, 208695.597, 258576.098, 307360.050, 355037.957, 401607.573, 447068.466, 491420.567, 534663.866, 576798.362, 617824.056, 657740.947, 696549.036, 734248.322, 770838.806, 806320.487, 840693.366, 873957.442, 906112.716, 937159.187, 967096.856, 995925.722, 1023645.785, 1050257.046, 1075759.504, 1100153.160, 1123438.013, 1145614.064, 1166681.312, 1186639.758, 1205489.401, 1223230.242, 1239862.280, 1255385.516, 1269799.949, 1283105.579, 1295302.407, 1306390.432, 1316369.655, 1325240.076, 1333001.693, 1339654.509, 1345198.521, 1349633.731, 1352960.139, 1355177.744, 1356286.547, 1356286.547, 1355177.744, 1352960.139, 1349633.731, 1345198.521, 1339654.509, 1333001.693, 1325240.076, 1316369.655, 1306390.432, 1295302.407, 1283105.579, 1269799.949, 1255385.516, 1239862.280, 1223230.242, 1205489.401, 1186639.758, 1166681.312, 1145614.064, 1123438.013, 1100153.160, 1075759.504, 1050257.046, 1023645.785, 995925.722, 967096.856, 937159.187, 906112.716, 873957.442, 840693.366, 806320.487, 770838.806, 734248.322, 696549.036, 657740.947, 617824.056, 576798.362, 534663.866, 491420.567, 447068.466, 401607.573, 355037.957, 307360.050, 258576.098, 208695.597, 157751.156, 105832.722, 53137.017,    0.000,
   0.000, 61379.695, 122249.608, 182221.667, 241068.636, 298686.621, 355037.957, 410111.677, 463905.188, 516417.990, 567650.004, 617601.218, 666271.632, 713661.246, 759770.059, 804598.072, 848145.284, 890411.697, 931397.308, 971102.120, 1009526.131, 1046669.342, 1082531.752, 1117113.362, 1150414.171, 1182434.181, 1213173.390, 1242631.798, 1270809.406, 1297706.214, 1323322.221, 1347657.428, 1370711.835, 1392485.441, 1412978.247, 1432190.253, 1450121.458, 1466771.863, 1482141.467, 1496230.271, 1509038.275, 1520565.478, 1530811.881, 1539777.484, 1547462.286, 1553866.288, 1558989.489, 1562831.890, 1565393.491, 1566674.291, 1566674.291, 1565393.491, 1562831.890, 1558989.489, 1553866.288, 1547462.286, 1539777.484, 1530811.881, 1520565.478, 1509038.275, 1496230.271, 1482141.467, 1466771.863, 1450121.458, 1432190.253, 1412978.247, 1392485.441, 1370711.835, 1347657.428, 1323322.221, 1297706.214, 1270809.406, 1242631.798, 1213173.390, 1182434.181, 1150414.171, 1117113.362, 1082531.752, 1046669.342, 1009526.131, 971102.120, 931397.308, 890411.697, 848145.284, 804598.072, 759770.059, 713661.246, 666271.632, 617601.218, 567650.004, 516417.990, 463905.188, 410111.677, 355037.957, 298686.621, 241068.636, 182221.667, 122249.608, 61379.695,    0.000,
   0.000, 69430.768, 138284.879, 206123.353, 272689.153, 337864.760, 401607.573, 463905.188, 524754.672, 584155.460, 642107.460, 698610.662, 753665.063, 807270.665, 859427.467, 910135.468, 959394.670, 1007205.071, 1053566.673, 1098479.474, 1141943.475, 1183958.677, 1224525.078, 1263642.679, 1301311.480, 1337531.481, 1372302.682, 1405625.083, 1437498.684, 1467923.485, 1496899.486, 1524426.687, 1550505.088, 1575134.689, 1598315.489, 1620047.490, 1640330.691, 1659165.091, 1676550.692, 1692487.492, 1706975.493, 1720014.693, 1731605.093, 1741746.694, 1750439.494, 1757683.494, 1763478.694, 1767825.095, 1770722.695, 1772171.495, 1772171.495, 1770722.695, 1767825.095, 1763478.694, 1757683.494, 1750439.494, 1741746.694, 1731605.093, 1720014.693, 1706975.493, 1692487.492, 1676550.692, 1659165.091, 1640330.691, 1620047.490, 1598315.489, 1575134.689, 1550505.088, 1524426.687, 1496899.486, 1467923.485, 1437498.684, 1405625.083, 1372302.682, 1337531.481, 1301311.480, 1263642.679, 1224525.078, 1183958.677, 1141943.475, 1098479.474, 1053566.673, 1007205.071, 959394.670, 910135.468, 859427.467, 807270.665, 753665.063, 698610.662, 642107.460, 584155.460, 524754.672, 463905.188, 401607.573, 337864.760, 272689.153, 206123.353, 138284.879, 69430.768,    0.000,
   0.000, 77290.163, 153938.384, 229455.990, 303556.852, 376110.151, 447068.466, 516417.990, 584155.460, 650280.244, 714792.242, 777691.442, 838977.842, 898651.443, 956712.243, 1013160.243, 1067995.443, 1121217.843, 1172827.443, 1222824.243, 1271208.244, 1317979.444, 1363137.844, 1406683.444, 1448616.244, 1488936.244, 1527643.444, 1564737.844, 1600219.444, 1634088.245, 1666344.245, 1696987.445, 1726017.845, 1753435.445, 1779240.245, 1803432.245, 1826011.445, 1846977.845, 1866331.445, 1884072.245, 1900200.245, 1914715.445, 1927617.845, 1938907.445, 1948584.245, 1956648.245, 1963099.445, 1967937.845, 1971163.446, 1972776.246, 1972776.246, 1971163.446, 1967937.845, 1963099.445, 1956648.245, 1948584.245, 1938907.445, 1927617.845, 1914715.445, 1900200.245, 1884072.245, 1866331.445, 1846977.845, 1826011.445, 1803432.245, 1779240.245, 1753435.445, 1726017.845, 1696987.445, 1666344.245, 1634088.245, 1600219.444, 1564737.844, 1527643.444, 1488936.244, 1448616.244, 1406683.444, 1363137.844, 1317979.444, 1271208.244, 1222824.243, 1172827.443, 1121217.843, 1067995.443, 1013160.243, 956712.243, 898651.443, 838977.842, 777691.442, 714792.242, 650280.244, 584155.460, 516417.990, 447068.466, 376110.151, 303556.852, 229455.990, 153938.384, 77290.163,    0.000,
   0.000, 84957.867, 169210.100, 252219.544, 333671.687, 413422.735, 491420.567, 567650.004, 642107.460, 714792.242, 785704.240, 854843.440, 922209.840, 987803.440, 1051624.240, 1113672.240, 1173947.440, 1232449.840, 1289179.440, 1344136.240, 1397320.240, 1448731.440, 1498369.840, 1546235.440, 1592328.240, 1636648.240, 1679195.440, 1719969.840, 1758971.440, 1796200.240, 1831656.240, 1865339.440, 1897249.840, 1927387.440, 1955752.240, 1982344.240, 2007163.440, 2030209.840, 2051483.440, 2070984.240, 2088712.240, 2104667.440, 2118849.840, 2131259.440, 2141896.240, 2150760.240, 2157851.440, 2163169.840, 2166715.440, 2168488.240, 2168488.240, 2166715.440, 2163169.840, 2157851.440, 2150760.240, 2141896.240, 2131259.440, 2118849.840, 2104667.440, 2088712.240, 2070984.240, 2051483.440, 2030209.840, 2007163.440, 1982344.240, 1955752.240, 1927387.440, 1897249.840, 1865339.440, 1831656.240, 1796200.240, 1758971.440, 1719969.840, 1679195.440, 1636648.240, 1592328.240, 1546235.440, 1498369.840, 1448731.440, 1397320.240, 1344136.240, 1289179.440, 1232449.840, 1173947.440, 1113672.240, 1051624.240, 987803.440, 922209.840, 854843.440, 785704.240, 714792.242, 642107.460, 567650.004, 491420.567, 413422.735, 333671.687, 252219.544, 169210.100, 84957.867,    0.000,
   0.000, 92433.878, 184100.023, 274414.010, 363033.652, 449802.506, 534663.866, 617601.218, 698610.662, 777691.442, 854843.440, 930066.640, 1003361.040, 1074726.640, 1144163.440, 1211671.440, 1277250.640, 1340901.040, 1402622.640, 1462415.440, 1520279.440, 1576214.640, 1630221.040, 1682298.640, 1732447.440, 1780667.440, 1826958.640, 1871321.040, 1913754.640, 1954259.440, 1992835.440, 2029482.640, 2064201.040, 2096990.640, 2127851.440, 2156783.440, 2183786.640, 2208861.040, 2232006.640, 2253223.440, 2272511.440, 2289870.640, 2305301.040, 2318802.640, 2330375.440, 2340019.440, 2347734.640, 2353521.040, 2357378.640, 2359307.440, 2359307.440, 2357378.640, 2353521.040, 2347734.640, 2340019.440, 2330375.440, 2318802.640, 2305301.040, 2289870.640, 2272511.440, 2253223.440, 2232006.640, 2208861.040, 2183786.640, 2156783.440, 2127851.440, 2096990.640, 2064201.040, 2029482.640, 1992835.440, 1954259.440, 1913754.640, 1871321.040, 1826958.640, 1780667.440, 1732447.440, 1682298.640, 1630221.040, 1576214.640, 1520279.440, 1462415.440, 1402622.640, 1340901.040, 1277250.640, 1211671.440, 1144163.440, 1074726.640, 1003361.040, 930066.640, 854843.440, 777691.442, 698610.662, 617601.218, 534663.866, 449802.506, 363033.652, 274414.010, 184100.023, 92433.878,    0.000,
   0.000, 99718.197, 198608.154, 296039.387, 391642.746, 485249.463, 576798.362, 666271.632, 753665.063, 838977.842, 922209.840, 1003361.040, 1082431.440, 1159421.040, 1234329.840, 1307157.840, 1377905.040, 1446571.440, 1513157.040, 1577661.840, 1640085.840, 1700429.040, 1758691.440, 1814873.040, 1868973.840, 1920993.840, 1970933.040, 2018791.440, 2064569.040, 2108265.840, 2149881.840, 2189417.040, 2226871.440, 2262245.040, 2295537.840, 2326749.840, 2355881.040, 2382931.440, 2407901.040, 2430789.840, 2451597.840, 2470325.040, 2486971.440, 2501537.040, 2514021.840, 2524425.840, 2532749.040, 2538991.440, 2543153.040, 2545233.840, 2545233.840, 2543153.040, 2538991.440, 2532749.040, 2524425.840, 2514021.840, 2501537.040, 2486971.440, 2470325.040, 2451597.840, 2430789.840, 2407901.040, 2382931.440, 2355881.040, 2326749.840, 2295537.840, 2262245.040, 2226871.440, 2189417.040, 2149881.840, 2108265.840, 2064569.040, 2018791.440, 1970933.040, 1920993.840, 1868973.840, 1814873.040, 1758691.440, 1700429.040, 1640085.840, 1577661.840, 1513157.040, 1446571.440, 1377905.040, 1307157.840, 1234329.840, 1159421.040, 1082431.440, 1003361.040, 922209.840, 838977.842, 753665.063, 666271.632, 576798.362, 485249.463, 391642.746, 296039.387, 198608.154, 99718.197,    0.000,
   0.000, 106810.823, 212734.491, 317095.675, 419498.969, 519763.604, 617824.056, 713661.246, 807270.665, 898651.443, 987803.440, 1074726.640, 1159421.040, 1241886.640, 1322123.440, 1400131.440, 1475910.640, 1549461.040, 1620782.640, 1689875.440, 1756739.440, 1821374.640, 1883781.040, 1943958.640, 2001907.440, 2057627.440, 2111118.640, 2162381.040, 2211414.640, 2258219.440, 2302795.440, 2345142.640, 2385261.040, 2423150.640, 2458811.440, 2492243.440, 2523446.640, 2552421.040, 2579166.640, 2603683.440, 2625971.440, 2646030.640, 2663861.040, 2679462.640, 2692835.440, 2703979.440, 2712894.640, 2719581.040, 2724038.640, 2726267.440, 2726267.440, 2724038.640, 2719581.040, 2712894.640, 2703979.440, 2692835.440, 2679462.640, 2663861.040, 2646030.640, 2625971.440, 2603683.440, 2579166.640, 2552421.040, 2523446.640, 2492243.440, 2458811.440, 2423150.640, 2385261.040, 2345142.640, 2302795.440, 2258219.440, 2211414.640, 2162381.040, 2111118.640, 2057627.440, 2001907.440, 1943958.640, 1883781.040, 1821374.640, 1756739.440, 1689875.440, 1620782.640, 1549461.040, 1475910.640, 1400131.440, 1322123.440, 1241886.640, 1159421.040, 1074726.640, 987803.440, 898651.443, 807270.665, 713661.246, 617824.056, 519763.604, 419498.969, 317095.675, 212734.491, 106810.823,    0.000,
   0.000, 113711.757, 226479.036, 337582.874, 446602.322, 553344.931, 657740.947, 759770.059, 859427.467, 956712.243, 1051624.240, 1144163.440, 1234329.840, 1322123.440, 1407544.240, 1490592.240, 1571267.440, 1649569.840, 1725499.440, 1799056.240, 1870240.240, 1939051.440, 2005489.840, 2069555.440, 2131248.240, 2190568.240, 2247515.440, 2302089.840, 2354291.440, 2404120.240, 2451576.240, 2496659.440, 2539369.840, 2579707.440, 2617672.240, 2653264.240, 2686483.440, 2717329.840, 2745803.440, 2771904.240, 2795632.240, 2816987.440, 2835969.840, 2852579.440, 2866816.240, 2878680.240, 2888171.440, 2895289.840, 2900035.440, 2902408.240, 2902408.240, 2900035.440, 2895289.840, 2888171.440, 2878680.240, 2866816.240, 2852579.440, 2835969.840, 2816987.440, 2795632.240, 2771904.240, 2745803.440, 2717329.840, 2686483.440, 2653264.240, 2617672.240, 2579707.440, 2539369.840, 2496659.440, 2451576.240, 2404120.240, 2354291.440, 2302089.840, 2247515.440, 2190568.240, 2131248.240, 2069555.440, 2005489.840, 1939051.440, 1870240.240, 1799056.240, 1725499.440, 1649569.840, 1571267.440, 1490592.240, 1407544.240, 1322123.440, 1234329.840, 1144163.440, 1051624.240, 956712.243, 859427.467, 759770.059, 657740.947, 553344.931, 446602.322, 337582.874, 226479.036, 113711.757,    0.000,
   0.000, 120420.998, 239841.787, 357500.984, 472952.803, 585993.444, 696549.036, 804598.072, 910135.468, 1013160.243, 1113672.240, 1211671.440, 1307157.840, 1400131.440, 1490592.240, 1578540.240, 1663975.440, 1746897.840, 1827307.440, 1905204.240, 1980588.240, 2053459.440, 2123817.840, 2191663.440, 2256996.240, 2319816.240, 2380123.440, 2437917.840, 2493199.440, 2545968.240, 2596224.240, 2643967.440, 2689197.840, 2731915.440, 2772120.240, 2809812.240, 2844991.440, 2877657.840, 2907811.440, 2935452.240, 2960580.240, 2983195.440, 3003297.840, 3020887.440, 3035964.240, 3048528.240, 3058579.440, 3066117.840, 3071143.440, 3073656.240, 3073656.240, 3071143.440, 3066117.840, 3058579.440, 3048528.240, 3035964.240, 3020887.440, 3003297.840, 2983195.440, 2960580.240, 2935452.240, 2907811.440, 2877657.840, 2844991.440, 2809812.240, 2772120.240, 2731915.440, 2689197.840, 2643967.440, 2596224.240, 2545968.240, 2493199.440, 2437917.840, 2380123.440, 2319816.240, 2256996.240, 2191663.440, 2123817.840, 2053459.440, 1980588.240, 1905204.240, 1827307.440, 1746897.840, 1663975.440, 1578540.240, 1490592.240, 1400131.440, 1307157.840, 1211671.440, 1113672.240, 1013160.243, 910135.468, 804598.072, 696549.036, 585993.444, 472952.803, 357500.984, 239841.787, 120420.998,    0.000,
   0.000, 126938.546, 252822.746, 376850.005, 498550.414, 617709.142, 734248.322, 848145.284, 959394.670, 1067995.443, 1173947.440, 1277250.640, 1377905.040, 1475910.640, 1571267.440, 1663975.440, 1754034.640, 1841445.040, 1926206.640, 2008319.440, 2087783.440, 2164598.640, 2238765.040, 2310282.640, 2379151.440, 2445371.440, 2508942.640, 2569865.040, 2628138.640, 2683763.440, 2736739.440, 2787066.640, 2834745.040, 2879774.640, 2922155.440, 2961887.440, 2998970.640, 3033405.040, 3065190.640, 3094327.440, 3120815.440, 3144654.640, 3165845.040, 3184386.640, 3200279.440, 3213523.440, 3224118.640, 3232065.040, 3237362.640, 3240011.440, 3240011.440, 3237362.640, 3232065.040, 3224118.640, 3213523.440, 3200279.440, 3184386.640, 3165845.040, 3144654.640, 3120815.440, 3094327.440, 3065190.640, 3033405.040, 2998970.640, 2961887.440, 2922155.440, 2879774.640, 2834745.040, 2787066.640, 2736739.440, 2683763.440, 2628138.640, 2569865.040, 2508942.640, 2445371.440, 2379151.440, 2310282.640, 2238765.040, 2164598.640, 2087783.440, 2008319.440, 1926206.640, 1841445.040, 1754034.640, 1663975.440, 1571267.440, 1475910.640, 1377905.040, 1277250.640, 1173947.440, 1067995.443, 959394.670, 848145.284, 734248.322, 617709.142, 498550.414, 376850.005, 252822.746, 126938.546,    0.000,
   0.000, 133264.402, 265421.912, 395629.938, 523395.153, 648492.025, 770838.806, 890411.697, 1007205.071, 1121217.843, 1232449.840, 1340901.040, 1446571.440, 1549461.040, 1649569.840, 1746897.840, 1841445.040, 1933211.440, 2022197.040, 2108401.840, 2191825.840, 2272469.040, 2350331.440, 2425413.040, 2497713.840, 2567233.840, 2633973.040, 2697931.440, 2759109.040, 2817505.840, 2873121.840, 2925957.040, 2976011.440, 3023285.040, 3067777.840, 3109489.840, 3148421.040, 3184571.440, 3217941.040, 3248529.840, 3276337.840, 3301365.040, 3323611.440, 3343077.040, 3359761.840, 3373665.840, 3384789.040, 3393131.440, 3398693.040, 3401473.840, 3401473.840, 3398693.040, 3393131.440, 3384789.040, 3373665.840, 3359761.840, 3343077.040, 3323611.440, 3301365.040, 3276337.840, 3248529.840, 3217941.040, 3184571.440, 3148421.040, 3109489.840, 3067777.840, 3023285.040, 2976011.440, 2925957.040, 2873121.840, 2817505.840, 2759109.040, 2697931.440, 2633973.040, 2567233.840, 2497713.840, 2425413.040, 2350331.440, 2272469.040, 2191825.840, 2108401.840, 2022197.040, 1933211.440, 1841445.040, 1746897.840, 1649569.840, 1549461.040, 1446571.440, 1340901.040, 1232449.840, 1121217.843, 1007205.071, 890411.697, 770838.806, 648492.025, 523395.153, 395629.938, 265421.912, 133264.402,    0.000,
   0.000, 139398.565, 277639.284, 413840.781, 547487.022, 678342.093, 806320.487, 931397.308, 1053566.673, 1172827.443, 1289179.440, 1402622.640, 1513157.040, 1620782.640, 1725499.440, 1827307.440, 1926206.640, 2022197.040, 2115278.640, 2205451.440, 2292715.440, 2377070.640, 2458517.040, 2537054.640, 2612683.440, 2685403.440, 2755214.640, 2822117.040, 2886110.640, 2947195.440, 3005371.440, 3060638.640, 3112997.040, 3162446.640, 3208987.440, 3252619.440, 3293342.640, 3331157.040, 3366062.640, 3398059.440, 3427147.440, 3453326.640, 3476597.040, 3496958.640, 3514411.440, 3528955.440, 3540590.640, 3549317.040, 3555134.640, 3558043.440, 3558043.440, 3555134.640, 3549317.040, 3540590.640, 3528955.440, 3514411.440, 3496958.640, 3476597.040, 3453326.640, 3427147.440, 3398059.440, 3366062.640, 3331157.040, 3293342.640, 3252619.440, 3208987.440, 3162446.640, 3112997.040, 3060638.640, 3005371.440, 2947195.440, 2886110.640, 2822117.040, 2755214.640, 2685403.440, 2612683.440, 2537054.640, 2458517.040, 2377070.640, 2292715.440, 2205451.440, 2115278.640, 2022197.040, 1926206.640, 1827307.440, 1725499.440, 1620782.640, 1513157.040, 1402622.640, 1289179.440, 1172827.443, 1053566.673, 931397.308, 806320.487, 678342.093, 547487.022, 413840.781, 277639.284, 139398.565,    0.000,
   0.000, 145341.036, 289474.864, 431482.536, 570826.020, 707259.347, 840693.366, 971102.120, 1098479.474, 1222824.243, 1344136.240, 1462415.440, 1577661.840, 1689875.440, 1799056.240, 1905204.240, 2008319.440, 2108401.840, 2205451.440, 2299468.240, 2390452.240, 2478403.440, 2563321.840, 2645207.440, 2724060.240, 2799880.240, 2872667.440, 2942421.840, 3009143.440, 3072832.240, 3133488.240, 3191111.440, 3245701.840, 3297259.440, 3345784.240, 3391276.240, 3433735.440, 3473161.840, 3509555.440, 3542916.240, 3573244.240, 3600539.440, 3624801.840, 3646031.440, 3664228.240, 3679392.240, 3691523.440, 3700621.840, 3706687.440, 3709720.240, 3709720.240, 3706687.440, 3700621.840, 3691523.440, 3679392.240, 3664228.240, 3646031.440, 3624801.840, 3600539.440, 3573244.240, 3542916.240, 3509555.440, 3473161.840, 3433735.440, 3391276.240, 3345784.240, 3297259.440, 3245701.840, 3191111.440, 3133488.240, 3072832.240, 3009143.440, 2942421.840, 2872667.440, 2799880.240, 2724060.240, 2645207.440, 2563321.840, 2478403.440, 2390452.240, 2299468.240, 2205451.440, 2108401.840, 2008319.440, 1905204.240, 1799056.240, 1689875.440, 1577661.840, 1462415.440, 1344136.240, 1222824.243, 1098479.474, 971102.120, 840693.366, 707259.347, 570826.020, 431482.536, 289474.864, 145341.036,    0.000,
   0.000, 151091.814, 300928.652, 448555.202, 593412.147, 735243.786, 873957.442, 1009526.131, 1141943.475, 1271208.244, 1397320.240, 1520279.440, 1640085.840, 1756739.440, 1870240.240, 1980588.240, 2087783.440, 2191825.840, 2292715.440, 2390452.240, 2485036.240, 2576467.440, 2664745.840, 2749871.440, 2831844.240, 2910664.240, 2986331.440, 3058845.840, 3128207.440, 3194416.240, 3257472.240, 3317375.440, 3374125.840, 3427723.440, 3478168.240, 3525460.240, 3569599.440, 3610585.840, 3648419.440, 3683100.240, 3714628.240, 3743003.440, 3768225.840, 3790295.440, 3809212.240, 3824976.240, 3837587.440, 3847045.840, 3853351.440, 3856504.240, 3856504.240, 3853351.440, 3847045.840, 3837587.440, 3824976.240, 3809212.240, 3790295.440, 3768225.840, 3743003.440, 3714628.240, 3683100.240, 3648419.440, 3610585.840, 3569599.440, 3525460.240, 3478168.240, 3427723.440, 3374125.840, 3317375.440, 3257472.240, 3194416.240, 3128207.440, 3058845.840, 2986331.440, 2910664.240, 2831844.240, 2749871.440, 2664745.840, 2576467.440, 2485036.240, 2390452.240, 2292715.440, 2191825.840, 2087783.440, 1980588.240, 1870240.240, 1756739.440, 1640085.840, 1520279.440, 1397320.240, 1271208.244, 1141943.475, 1009526.131, 873957.442, 735243.786, 593412.147, 448555.202, 300928.652, 151091.814,    0.000,
   0.000, 156650.899, 312000.646, 465058.779, 615245.403, 762295.411, 906112.716, 1046669.342, 1183958.677, 1317979.444, 1448731.440, 1576214.640, 1700429.040, 1821374.640, 1939051.440, 2053459.440, 2164598.640, 2272469.040, 2377070.640, 2478403.440, 2576467.440, 2671262.640, 2762789.040, 2851046.640, 2936035.440, 3017755.440, 3096206.640, 3171389.040, 3243302.640, 3311947.440, 3377323.440, 3439430.640, 3498269.040, 3553838.640, 3606139.440, 3655171.440, 3700934.640, 3743429.040, 3782654.640, 3818611.440, 3851299.440, 3880718.640, 3906869.040, 3929750.640, 3949363.440, 3965707.440, 3978782.640, 3988589.040, 3995126.640, 3998395.440, 3998395.440, 3995126.640, 3988589.040, 3978782.640, 3965707.440, 3949363.440, 3929750.640, 3906869.040, 3880718.640, 3851299.440, 3818611.440, 3782654.640, 3743429.040, 3700934.640, 3655171.440, 3606139.440, 3553838.640, 3498269.040, 3439430.640, 3377323.440, 3311947.440, 3243302.640, 3171389.040, 3096206.640, 3017755.440, 2936035.440, 2851046.640, 2762789.040, 2671262.640, 2576467.440, 2478403.440, 2377070.640, 2272469.040, 2164598.640, 2053459.440, 1939051.440, 1821374.640, 1700429.040, 1576214.640, 1448731.440, 1317979.444, 1183958.677, 1046669.342, 906112.716, 762295.411, 615245.403, 465058.779, 312000.646, 156650.899,    0.000,
   0.000, 162018.292, 322690.847, 480993.267, 636325.788, 788414.221, 937159.187, 1082531.752, 1224525.078, 1363137.844, 1498369.840, 1630221.040, 1758691.440, 1883781.040, 2005489.840, 2123817.840, 2238765.040, 2350331.440, 2458517.040, 2563321.840, 2664745.840, 2762789.040, 2857451.440, 2948733.040, 3036633.840, 3121153.840, 3202293.040, 3280051.440, 3354429.040, 3425425.840, 3493041.840, 3557277.040, 3618131.440, 3675605.040, 3729697.840, 3780409.840, 3827741.040, 3871691.440, 3912261.040, 3949449.840, 3983257.840, 4013685.040, 4040731.440, 4064397.040, 4084681.840, 4101585.840, 4115109.040, 4125251.440, 4132013.040, 4135393.840, 4135393.840, 4132013.040, 4125251.440, 4115109.040, 4101585.840, 4084681.840, 4064397.040, 4040731.440, 4013685.040, 3983257.840, 3949449.840, 3912261.040, 3871691.440, 3827741.040, 3780409.840, 3729697.840, 3675605.040, 3618131.440, 3557277.040, 3493041.840, 3425425.840, 3354429.040, 3280051.440, 3202293.040, 3121153.840, 3036633.840, 2948733.040, 2857451.440, 2762789.040, 2664745.840, 2563321.840, 2458517.040, 2350331.440, 2238765.040, 2123817.840, 2005489.840, 1883781.040, 1758691.440, 1630221.040, 1498369.840, 1363137.844, 1224525.078, 1082531.752, 937159.187, 788414.221, 636325.788, 480993.267, 322690.847, 162018.292,    0.000,
   0.000, 167193.992, 332999.255, 496358.666, 656653.302, 813600.216, 967096.856, 1117113.362, 1263642.679, 1406683.444, 1546235.440, 1682298.640, 1814873.040, 1943958.640, 2069555.440, 2191663.440, 2310282.640, 2425413.040, 2537054.640, 2645207.440, 2749871.440, 2851046.640, 2948733.040, 3042930.640, 3133639.440, 3220859.440, 3304590.640, 3384833.040, 3461586.640, 3534851.440, 3604627.440, 3670914.640, 3733713.040, 3793022.640, 3848843.440, 3901175.440, 3950018.640, 3995373.040, 4037238.640, 4075615.440, 4110503.440, 4141902.640, 4169813.040, 4194234.640, 4215167.440, 4232611.440, 4246566.640, 4257033.040, 4264010.640, 4267499.440, 4267499.440, 4264010.640, 4257033.040, 4246566.640, 4232611.440, 4215167.440, 4194234.640, 4169813.040, 4141902.640, 4110503.440, 4075615.440, 4037238.640, 3995373.040, 3950018.640, 3901175.440, 3848843.440, 3793022.640, 3733713.040, 3670914.640, 3604627.440, 3534851.440, 3461586.640, 3384833.040, 3304590.640, 3220859.440, 3133639.440, 3042930.640, 2948733.040, 2851046.640, 2749871.440, 2645207.440, 2537054.640, 2425413.040, 2310282.640, 2191663.440, 2069555.440, 1943958.640, 1814873.040, 1682298.640, 1546235.440, 1406683.444, 1263642.679, 1117113.362, 967096.856, 813600.216, 656653.302, 496358.666, 332999.255, 167193.992,    0.000,
   0.000, 172178.000, 342925.871, 511154.977, 676227.945, 837853.397, 995925.722, 1150414.171, 1301311.480, 1448616.244, 1592328.240, 1732447.440, 1868973.840, 2001907.440, 2131248.240, 2256996.240, 2379151.440, 2497713.840, 2612683.440, 2724060.240, 2831844.240, 2936035.440, 3036633.840, 3133639.440, 3227052.240, 3316872.240, 3403099.440, 3485733.840, 3564775.440, 3640224.240, 3712080.240, 3780343.440, 3845013.840, 3906091.440, 3963576.240, 4017468.240, 4067767.440, 4114473.840, 4157587.440, 4197108.240, 4233036.240, 4265371.440, 4294113.840, 4319263.440, 4340820.240, 4358784.240, 4373155.440, 4383933.840, 4391119.440, 4394712.240, 4394712.240, 4391119.440, 4383933.840, 4373155.440, 4358784.240, 4340820.240, 4319263.440, 4294113.840, 4265371.440, 4233036.240, 4197108.240, 4157587.440, 4114473.840, 4067767.440, 4017468.240, 3963576.240, 3906091.440, 3845013.840, 3780343.440, 3712080.240, 3640224.240, 3564775.440, 3485733.840, 3403099.440, 3316872.240, 3227052.240, 3133639.440, 3036633.840, 2936035.440, 2831844.240, 2724060.240, 2612683.440, 2497713.840, 2379151.440, 2256996.240, 2131248.240, 2001907.440, 1868973.840, 1732447.440, 1592328.240, 1448616.244, 1301311.480, 1150414.171, 995925.722, 837853.397, 676227.945, 511154.977, 342925.871, 172178.000,    0.000,
   0.000, 176970.315, 352470.693, 525382.198, 695049.718, 861173.763, 1023645.785, 1182434.181, 1337531.481, 1488936.244, 1636648.240, 1780667.440, 1920993.840, 2057627.440, 2190568.240, 2319816.240, 2445371.440, 2567233.840, 2685403.440, 2799880.240, 2910664.240, 3017755.440, 3121153.840, 3220859.440, 3316872.240, 3409192.240, 3497819.440, 3582753.840, 3663995.440, 3741544.240, 3815400.240, 3885563.440, 3952033.840, 4014811.440, 4073896.240, 4129288.240, 4180987.440, 4228993.840, 4273307.440, 4313928.240, 4350856.240, 4384091.440, 4413633.840, 4439483.440, 4461640.240, 4480104.240, 4494875.440, 4505953.840, 4513339.440, 4517032.240, 4517032.240, 4513339.440, 4505953.840, 4494875.440, 4480104.240, 4461640.240, 4439483.440, 4413633.840, 4384091.440, 4350856.240, 4313928.240, 4273307.440, 4228993.840, 4180987.440, 4129288.240, 4073896.240, 4014811.440, 3952033.840, 3885563.440, 3815400.240, 3741544.240, 3663995.440, 3582753.840, 3497819.440, 3409192.240, 3316872.240, 3220859.440, 3121153.840, 3017755.440, 2910664.240, 2799880.240, 2685403.440, 2567233.840, 2445371.440, 2319816.240, 2190568.240, 2057627.440, 1920993.840, 1780667.440, 1636648.240, 1488936.244, 1337531.481, 1182434.181, 1023645.785, 861173.763, 695049.718, 525382.198, 352470.693, 176970.315,    0.000,
   0.000, 181570.937, 361633.723, 539040.331, 713118.619, 883561.314, 1050257.046, 1213173.390, 1372302.682, 1527643.444, 1679195.440, 1826958.640, 1970933.040, 2111118.640, 2247515.440, 2380123.440, 2508942.640, 2633973.040, 2755214.640, 2872667.440, 2986331.440, 3096206.640, 3202293.040, 3304590.640, 3403099.440, 3497819.440, 3588750.640, 3675893.040, 3759246.640, 3838811.440, 3914587.440, 3986574.640, 4054773.040, 4119182.640, 4179803.440, 4236635.440, 4289678.640, 4338933.040, 4384398.640, 4426075.440, 4463963.440, 4498062.640, 4528373.040, 4554894.640, 4577627.440, 4596571.440, 4611726.640, 4623093.040, 4630670.640, 4634459.440, 4634459.440, 4630670.640, 4623093.040, 4611726.640, 4596571.440, 4577627.440, 4554894.640, 4528373.040, 4498062.640, 4463963.440, 4426075.440, 4384398.640, 4338933.040, 4289678.640, 4236635.440, 4179803.440, 4119182.640, 4054773.040, 3986574.640, 3914587.440, 3838811.440, 3759246.640, 3675893.040, 3588750.640, 3497819.440, 3403099.440, 3304590.640, 3202293.040, 3096206.640, 2986331.440, 2872667.440, 2755214.640, 2633973.040, 2508942.640, 2380123.440, 2247515.440, 2111118.640, 1970933.040, 1826958.640, 1679195.440, 1527643.444, 1372302.682, 1213173.390, 1050257.046, 883561.314, 713118.619, 539040.331, 361633.723, 181570.937,    0.000,
   0.000, 185979.867, 370414.960, 552129.375, 730434.650, 905016.051, 1075759.504, 1242631.798, 1405625.083, 1564737.844, 1719969.840, 1871321.040, 2018791.440, 2162381.040, 2302089.840, 2437917.840, 2569865.040, 2697931.440, 2822117.040, 2942421.840, 3058845.840, 3171389.040, 3280051.440, 3384833.040, 3485733.840, 3582753.840, 3675893.040, 3765151.440, 3850529.040, 3932025.840, 4009641.840, 4083377.040, 4153231.440, 4219205.040, 4281297.840, 4339509.840, 4393841.040, 4444291.440, 4490861.040, 4533549.840, 4572357.840, 4607285.040, 4638331.440, 4665497.040, 4688781.840, 4708185.840, 4723709.040, 4735351.440, 4743113.040, 4746993.840, 4746993.840, 4743113.040, 4735351.440, 4723709.040, 4708185.840, 4688781.840, 4665497.040, 4638331.440, 4607285.040, 4572357.840, 4533549.840, 4490861.040, 4444291.440, 4393841.040, 4339509.840, 4281297.840, 4219205.040, 4153231.440, 4083377.040, 4009641.840, 3932025.840, 3850529.040, 3765151.440, 3675893.040, 3582753.840, 3485733.840, 3384833.040, 3280051.440, 3171389.040, 3058845.840, 2942421.840, 2822117.040, 2697931.440, 2569865.040, 2437917.840, 2302089.840, 2162381.040, 2018791.440, 1871321.040, 1719969.840, 1564737.844, 1405625.083, 1242631.798, 1075759.504, 905016.051, 730434.650, 552129.375, 370414.960, 185979.867,    0.000,
   0.000, 190197.104, 378814.404, 564649.330, 746997.810, 925537.973, 1100153.160, 1270809.406, 1437498.684, 1600219.444, 1758971.440, 1913754.640, 2064569.040, 2211414.640, 2354291.440, 2493199.440, 2628138.640, 2759109.040, 2886110.640, 3009143.440, 3128207.440, 3243302.640, 3354429.040, 3461586.640, 3564775.440, 3663995.440, 3759246.640, 3850529.040, 3937842.640, 4021187.440, 4100563.440, 4175970.640, 4247409.040, 4314878.640, 4378379.440, 4437911.440, 4493474.640, 4545069.040, 4592694.640, 4636351.440, 4676039.440, 4711758.640, 4743509.040, 4771290.640, 4795103.440, 4814947.440, 4830822.640, 4842729.040, 4850666.640, 4854635.440, 4854635.440, 4850666.640, 4842729.040, 4830822.640, 4814947.440, 4795103.440, 4771290.640, 4743509.040, 4711758.640, 4676039.440, 4636351.440, 4592694.640, 4545069.040, 4493474.640, 4437911.440, 4378379.440, 4314878.640, 4247409.040, 4175970.640, 4100563.440, 4021187.440, 3937842.640, 3850529.040, 3759246.640, 3663995.440, 3564775.440, 3461586.640, 3354429.040, 3243302.640, 3128207.440, 3009143.440, 2886110.640, 2759109.040, 2628138.640, 2493199.440, 2354291.440, 2211414.640, 2064569.040, 1913754.640, 1758971.440, 1600219.444, 1437498.684, 1270809.406, 1100153.160, 925537.973, 746997.810, 564649.330, 378814.404, 190197.104,    0.000,
   0.000, 194222.649, 386832.055, 576600.196, 762808.099, 945127.080, 1123438.013, 1297706.214, 1467923.485, 1634088.245, 1796200.240, 1954259.440, 2108265.840, 2258219.440, 2404120.240, 2545968.240, 2683763.440, 2817505.840, 2947195.440, 3072832.240, 3194416.240, 3311947.440, 3425425.840, 3534851.440, 3640224.240, 3741544.240, 3838811.440, 3932025.840, 4021187.440, 4106296.240, 4187352.240, 4264355.440, 4337305.840, 4406203.440, 4471048.240, 4531840.240, 4588579.440, 4641265.840, 4689899.440, 4734480.240, 4775008.240, 4811483.440, 4843905.840, 4872275.440, 4896592.240, 4916856.240, 4933067.440, 4945225.840, 4953331.440, 4957384.240, 4957384.240, 4953331.440, 4945225.840, 4933067.440, 4916856.240, 4896592.240, 4872275.440, 4843905.840, 4811483.440, 4775008.240, 4734480.240, 4689899.440, 4641265.840, 4588579.440, 4531840.240, 4471048.240, 4406203.440, 4337305.840, 4264355.440, 4187352.240, 4106296.240, 4021187.440, 3932025.840, 3838811.440, 3741544.240, 3640224.240, 3534851.440, 3425425.840, 3311947.440, 3194416.240, 3072832.240, 2947195.440, 2817505.840, 2683763.440, 2545968.240, 2404120.240, 2258219.440, 2108265.840, 1954259.440, 1796200.240, 1634088.245, 1467923.485, 1297706.214, 1123438.013, 945127.080, 762808.099, 576600.196, 386832.055, 194222.649,    0.000,
   0.000, 198056.501, 394467.913, 587981.973, 777865.517, 963783.373, 1145614.064, 1323322.221, 1496899.486, 1666344.245, 1831656.240, 1992835.440, 2149881.840, 2302795.440, 2451576.240, 2596224.240, 2736739.440, 2873121.840, 3005371.440, 3133488.240, 3257472.240, 3377323.440, 3493041.840, 3604627.440, 3712080.240, 3815400.240, 3914587.440, 4009641.840, 4100563.440, 4187352.240, 4270008.240, 4348531.440, 4422921.840, 4493179.440, 4559304.240, 4621296.240, 4679155.440, 4732881.840, 4782475.440, 4827936.240, 4869264.240, 4906459.440, 4939521.840, 4968451.440, 4993248.240, 5013912.240, 5030443.440, 5042841.840, 5051107.440, 5055240.240, 5055240.240, 5051107.440, 5042841.840, 5030443.440, 5013912.240, 4993248.240, 4968451.440, 4939521.840, 4906459.440, 4869264.240, 4827936.240, 4782475.440, 4732881.840, 4679155.440, 4621296.240, 4559304.240, 4493179.440, 4422921.840, 4348531.440, 4270008.240, 4187352.240, 4100563.440, 4009641.840, 3914587.440, 3815400.240, 3712080.240, 3604627.440, 3493041.840, 3377323.440, 3257472.240, 3133488.240, 3005371.440, 2873121.840, 2736739.440, 2596224.240, 2451576.240, 2302795.440, 2149881.840, 1992835.440, 1831656.240, 1666344.245, 1496899.486, 1323322.221, 1145614.064, 963783.373, 777865.517, 587981.973, 394467.913, 198056.501,    0.000,
