   0.000,    0.000,    0.000,    0.000,    0.000,    0.000,    0.000,    0.000,    0.000,    0.000,    0.000,    0.000,    0.000,    0.000,    0.000,    0.000,    0.000,    0.000,    0.000,    0.000,    0.000,    0.000,    0.000,    0.000,    0.000,    0.000,    0.000,    0.000,    0.000,    0.000,    0.000,    0.000,    0.000,    0.000,    0.000,    0.000,    0.000,    0.000,    0.000,    0.000,    0.000,    0.000,    0.000,    0.000,    0.000,    0.000,    0.000,    0.000,    0.000,    0.000,    0.000,    0.000,    0.000,    0.000,    0.000,    0.000,    0.000,    0.000,    0.000,    0.000,    0.000,    0.000,    0.000,    0.000,    0.000,    0.000,    0.000,    0.000,    0.000,    0.000,    0.000,    0.000,    0.000,    0.000,    0.000,    0.000,    0.000,    0.000,    0.000,    0.000,    0.000,    0.000,    0.000,    0.000,    0.000,    0.000,    0.000,    0.000,    0.000,    0.000,    0.000,    0.000,    0.000,    0.000,    0.000,    0.000,    0.000,    0.000,    0.000,    0.000,
   0.000, 8468.609, 16903.713, 25273.537, 33549.502, 41707.226, 49726.974, 57593.588, 65296.016, 72826.608, 80180.334, 87354.048, 94345.882, 101154.782, 107780.178, 114221.781, 120479.448, 126553.113, 132442.747, 138148.337, 143669.879, 149007.371, 154160.811, 159130.201, 163915.538, 168516.825, 172934.060, 177167.243, 181216.375, 185081.456, 188762.485, 192259.463, 195572.389, 198701.264, 201646.087, 204406.859, 206983.579, 209376.248, 211584.865, 213609.431, 215449.946, 217106.409, 218578.821, 219867.181, 220971.490, 221891.747, 222627.953, 223180.107, 223548.210, 223732.262, 223732.262, 223548.210, 223180.107, 222627.953, 221891.747, 220971.490, 219867.181, 218578.821, 217106.409, 215449.946, 213609.431, 211584.865, 209376.248, 206983.579, 204406.859, 201646.087, 198701.264, 195572.389, 192259.463, 188762.485, 185081.456, 181216.375, 177167.243, 172934.060, 168516.825, 163915.538, 159130.201, 154160.811, 149007.371, 143669.879, 138148.337, 132442.747, 126553.113, 120479.448, 114221.781, 107780.178, 101154.782, 94345.882, 87354.048, 80180.334, 72826.608, 65296.016, 57593.588, 49726.974, 41707.226, 33549.502, 25273.537, 16903.713, 8468.609,    0.000,
   0.000, 16903.713, 33740.548, 50447.081, 66966.268, 83249.439, 99257.202, 114959.303, 130333.681, 145365.068, 160043.420, 174362.461, 188318.463, 201909.319, 215133.895, 227991.610, 240482.181, 252605.477, 264361.439, 275750.043, 286771.278, 297425.140, 307711.629, 317630.743, 327182.483, 336366.848, 345183.838, 353633.454, 361715.695, 369430.562, 376778.054, 383758.172, 390370.915, 396616.283, 402494.277, 408004.896, 413148.140, 417924.010, 422332.505, 426373.626, 430047.372, 433353.743, 436292.740, 438864.363, 441068.610, 442905.483, 444374.982, 445477.105, 446211.855, 446579.229, 446579.229, 446211.855, 445477.105, 444374.982, 442905.483, 441068.610, 438864.363, 436292.740, 433353.743, 430047.372, 426373.626, 422332.505, 417924.010, 413148.140, 408004.896, 402494.277, 396616.283, 390370.915, 383758.172, 376778.054, 369430.562, 361715.695, 353633.454, 345183.838, 336366.848, 327182.483, 317630.743, 307711.629, 297425.140, 286771.278, 275750.043, 264361.439, 252605.477, 240482.181, 227991.610, 215133.895, 201909.319, 188318.463, 174362.461, 160043.420, 145365.068, 130333.681, 114959.303, 99257.202, 83249.439, 66966.268, 50447.081, 33740.548, 16903.713,    0.000,
   0.000, 25273.537, 50447.081, 75425.805, 100124.415, 124470.146, 148404.100, 171881.041, 194867.989, 217342.112, 239288.396, 260697.459, 281563.724, 301884.041, 321656.716, 340880.881, 359556.112, 377682.213, 395259.095, 412286.723, 428765.081, 444694.164, 460073.969, 474904.496, 489185.743, 502917.713, 516100.403, 528733.815, 540817.947, 552352.802, 563338.377, 573774.673, 583661.691, 592999.430, 601787.891, 610027.072, 617716.975, 624857.599, 631448.944, 637491.010, 642983.798, 647927.307, 652321.537, 656166.489, 659462.161, 662208.555, 664405.670, 666053.506, 667152.064, 667701.343, 667701.343, 667152.064, 666053.506, 664405.670, 662208.555, 659462.161, 656166.489, 652321.537, 647927.307, 642983.798, 637491.010, 631448.944, 624857.599, 617716.975, 610027.072, 601787.891, 592999.430, 583661.691, 573774.673, 563338.377, 552352.802, 540817.947, 528733.815, 516100.403, 502917.713, 489185.743, 474904.496, 460073.969, 444694.164, 428765.081, 412286.723, 395259.095, 377682.213, 359556.112, 340880.881, 321656.716, 301884.041, 281563.724, 260697.459, 239288.396, 217342.112, 194867.989, 171881.041, 148404.100, 124470.146, 100124.415, 75425.805, 50447.081, 25273.537,    0.000,
   0.000, 33549.502, 66966.268, 100124.415, 132910.722, 165228.593, 196999.847, 228164.433, 258678.573, 288511.960, 317644.663, 346064.227, 373763.252, 400737.556, 426984.888, 452504.099, 477294.624, 501356.204, 524688.721, 547292.128, 569166.404, 590311.541, 610727.537, 630414.391, 649372.103, 667600.671, 685100.097, 701870.380, 717911.521, 733223.518, 747806.373, 761660.085, 774784.655, 787180.081, 798846.365, 809783.506, 819991.505, 829470.360, 838220.073, 846240.644, 853532.071, 860094.356, 865927.498, 871031.497, 875406.353, 879052.067, 881968.638, 884156.066, 885614.352, 886343.494, 886343.494, 885614.352, 884156.066, 881968.638, 879052.067, 875406.353, 871031.497, 865927.498, 860094.356, 853532.071, 846240.644, 838220.073, 829470.360, 819991.505, 809783.506, 798846.365, 787180.081, 774784.655, 761660.085, 747806.373, 733223.518, 717911.521, 701870.380, 685100.097, 667600.671, 649372.103, 630414.391, 610727.537, 590311.541, 569166.404, 547292.128, 524688.721, 501356.204, 477294.624, 452504.099, 426984.888, 400737.556, 373763.252, 346064.227, 317644.663, 288511.960, 258678.573, 228164.433, 196999.847, 165228.593, 132910.722, 100124.415, 66966.268, 33549.502,    0.000,
   0.000, 41707.226, 83249.439, 124470.146, 165228.593, 205404.699, 244901.270, 283643.656, 321577.434, 358664.928, 394881.362, 430211.254, 464645.404, 498178.613, 530808.086, 562532.390, 593350.827, 623263.072, 652268.981, 680368.492, 707561.582, 733848.241, 759228.464, 783702.252, 807269.604, 829930.519, 851684.997, 872533.038, 892474.644, 911509.812, 929638.544, 946860.839, 963176.698, 978586.120, 993089.106, 1006685.655, 1019375.767, 1031159.443, 1042036.682, 1052007.484, 1061071.850, 1069229.780, 1076481.273, 1082826.329, 1088264.948, 1092797.131, 1096422.878, 1099142.187, 1100955.061, 1101861.497, 1101861.497, 1100955.061, 1099142.187, 1096422.878, 1092797.131, 1088264.948, 1082826.329, 1076481.273, 1069229.780, 1061071.850, 1052007.484, 1042036.682, 1031159.443, 1019375.767, 1006685.655, 993089.106, 978586.120, 963176.698, 946860.839, 929638.544, 911509.812, 892474.644, 872533.038, 851684.997, 829930.519, 807269.604, 783702.252, 759228.464, 733848.241, 707561.582, 680368.492, 652268.981, 623263.072, 593350.827, 562532.390, 530808.086, 498178.613, 464645.404, 430211.254, 394881.362, 358664.928, 321577.434, 283643.656, 244901.270, 205404.699, 165228.593, 124470.146, 83249.439, 41707.226,    0.000,
   0.000, 49726.974, 99257.202, 148404.100, 196999.847, 244901.270, 291992.487, 338184.496, 383412.408, 427631.305, 470811.647, 512934.975, 553990.322, 593971.490, 632875.146, 670699.581, 707443.964, 743107.907, 777691.238, 811193.885, 843615.818, 874957.026, 905217.505, 934397.253, 962496.270, 989514.556, 1015452.110, 1040308.933, 1064085.024, 1086780.384, 1108395.013, 1128928.910, 1148382.076, 1166754.510, 1184046.213, 1200257.184, 1215387.424, 1229436.933, 1242405.710, 1254293.755, 1265101.070, 1274827.652, 1283473.504, 1291038.624, 1297523.012, 1302926.669, 1307249.595, 1310491.789, 1312653.252, 1313733.984, 1313733.984, 1312653.252, 1310491.789, 1307249.595, 1302926.669, 1297523.012, 1291038.624, 1283473.504, 1274827.652, 1265101.070, 1254293.755, 1242405.710, 1229436.933, 1215387.424, 1200257.184, 1184046.213, 1166754.510, 1148382.076, 1128928.910, 1108395.013, 1086780.384, 1064085.024, 1040308.933, 1015452.110, 989514.556, 962496.270, 934397.253, 905217.505, 874957.026, 843615.818, 811193.885, 777691.238, 743107.907, 707443.964, 670699.581, 632875.146, 593971.490, 553990.322, 512934.975, 470811.647, 427631.305, 383412.408, 338184.496, 291992.487, 244901.270, 196999.847, 148404.100, 99257.202, 49726.974,    0.000,
   0.000, 57593.588, 114959.303, 171881.041, 228164.433, 283643.656, 338184.496, 391683.870, 444066.628, 495280.745, 545292.011, 594079.046, 641629.150, 687935.144, 732993.167, 776801.244, 819358.408, 860664.212, 900718.457, 939521.059, 977071.983, 1013371.217, 1048418.755, 1082214.597, 1114758.741, 1146051.187, 1176091.935, 1204880.986, 1232418.338, 1258703.993, 1283737.950, 1307520.209, 1330050.770, 1351329.634, 1371356.799, 1390132.267, 1407656.037, 1423928.109, 1438948.483, 1452717.159, 1465234.138, 1476499.418, 1486513.001, 1495274.886, 1502785.073, 1509043.562, 1514050.354, 1517805.447, 1520308.843, 1521560.541, 1521560.541, 1520308.843, 1517805.447, 1514050.354, 1509043.562, 1502785.073, 1495274.886, 1486513.001, 1476499.418, 1465234.138, 1452717.159, 1438948.483, 1423928.109, 1407656.037, 1390132.267, 1371356.799, 1351329.634, 1330050.770, 1307520.209, 1283737.950, 1258703.993, 1232418.338, 1204880.986, 1176091.935, 1146051.187, 1114758.741, 1082214.597, 1048418.755, 1013371.217, 977071.983, 939521.059, 900718.457, 860664.212, 819358.408, 776801.244, 732993.167, 687935.144, 641629.150, 594079.046, 545292.011, 495280.745, 444066.628, 391683.870, 338184.496, 283643.656, 228164.433, 171881.041, 114959.303, 57593.588,    0.000,
   0.000, 65296.016, 130333.681, 194867.989, 258678.573, 321577.434, 383412.408, 444066.628, 503454.894, 561518.224, 618217.834, 673529.488, 727438.786, 779937.590, 831021.524, 880688.346, 928936.964, 975766.869, 1021177.835, 1065169.767, 1107742.627, 1148896.399, 1188631.078, 1226946.663, 1263843.152, 1299320.545, 1333378.843, 1366018.045, 1397238.152, 1427039.162, 1455421.077, 1482383.896, 1507927.620, 1532052.247, 1554757.779, 1576044.215, 1595911.556, 1614359.800, 1631388.949, 1646999.002, 1661189.960, 1673961.821, 1685314.587, 1695248.257, 1703762.832, 1710858.311, 1716534.694, 1720791.981, 1723630.172, 1725049.268, 1725049.268, 1723630.172, 1720791.981, 1716534.694, 1710858.311, 1703762.832, 1695248.257, 1685314.587, 1673961.821, 1661189.960, 1646999.002, 1631388.949, 1614359.800, 1595911.556, 1576044.215, 1554757.779, 1532052.247, 1507927.620, 1482383.896, 1455421.077, 1427039.162, 1397238.152, 1366018.045, 1333378.843, 1299320.545, 1263843.152, 1226946.663, 1188631.078, 1148896.399, 1107742.627, 1065169.767, 1021177.835, 975766.869, 928936.964, 880688.346, 831021.524, 779937.590, 727438.786, 673529.488, 618217.834, 561518.224, 503454.894, 444066.628, 383412.408, 321577.434, 258678.573, 194867.989, 130333.681, 65296.016,    0.000,
   0.000, 72826.608, 145365.068, 217342.112, 288511.960, 358664.928, 427631.305, 495280.745, 561518.224, 626277.959, 689516.695, 751207.400, 811334.015, 869887.465, 926862.868, 982257.725, 1036070.817, 1088301.577, 1138949.753, 1188015.239, 1235497.992, 1281397.996, 1325715.243, 1368449.733, 1409601.465, 1449170.437, 1487156.651, 1523560.106, 1558380.802, 1591618.739, 1623273.917, 1653346.336, 1681835.997, 1708742.898, 1734067.041, 1757808.424, 1779967.049, 1800542.915, 1819536.021, 1836946.369, 1852773.958, 1867018.789, 1879680.860, 1890760.172, 1900256.726, 1908170.520, 1914501.556, 1919249.833, 1922415.350, 1923998.109, 1923998.109, 1922415.350, 1919249.833, 1914501.556, 1908170.520, 1900256.726, 1890760.172, 1879680.860, 1867018.789, 1852773.958, 1836946.369, 1819536.021, 1800542.915, 1779967.049, 1757808.424, 1734067.041, 1708742.898, 1681835.997, 1653346.336, 1623273.917, 1591618.739, 1558380.802, 1523560.106, 1487156.651, 1449170.437, 1409601.465, 1368449.733, 1325715.243, 1281397.996, 1235497.992, 1188015.239, 1138949.753, 1088301.577, 1036070.817, 982257.725, 926862.868, 869887.465, 811334.015, 751207.400, 689516.695, 626277.959, 561518.224, 495280.745, 427631.305, 358664.928, 288511.960, 217342.112, 145365.068, 72826.608,    0.000,
   0.000, 80180.334, 160043.420, 239288.396, 317644.663, 394881.362, 470811.647, 545292.011, 618217.834, 689516.695, 759140.970, 827060.899, 893258.804, 957724.692, 1020453.189, 1081441.545, 1140688.416, 1198193.179, 1253955.557, 1307975.433, 1360252.759, 1410787.517, 1459579.701, 1506629.308, 1551936.338, 1595500.789, 1637322.663, 1677401.958, 1715738.675, 1752332.814, 1787184.375, 1820293.359, 1851659.764, 1881283.591, 1909164.839, 1935303.510, 1959699.603, 1982353.118, 2003264.055, 2022432.413, 2039858.194, 2055541.396, 2069482.021, 2081680.067, 2092135.535, 2100848.426, 2107818.738, 2113046.472, 2116531.628, 2118274.206, 2118274.206, 2116531.628, 2113046.472, 2107818.738, 2100848.426, 2092135.535, 2081680.067, 2069482.021, 2055541.396, 2039858.194, 2022432.413, 2003264.055, 1982353.118, 1959699.603, 1935303.510, 1909164.839, 1881283.591, 1851659.764, 1820293.359, 1787184.375, 1752332.814, 1715738.675, 1677401.958, 1637322.663, 1595500.789, 1551936.338, 1506629.308, 1459579.701, 1410787.517, 1360252.759, 1307975.433, 1253955.557, 1198193.179, 1140688.416, 1081441.545, 1020453.189, 957724.692, 893258.804, 827060.899, 759140.970, 689516.695, 618217.834, 545292.011, 470811.647, 394881.362, 317644.663, 239288.396, 160043.420, 80180.334,    0.000,
   0.000, 87354.048, 174362.461, 260697.459, 346064.227, 430211.254, 512934.975, 594079.046, 673529.488, 751207.400, 827060.899, 901057.566, 973178.137, 1043411.730, 1111752.488, 1178197.416, 1242745.051, 1305394.712, 1366146.099, 1424999.083, 1481953.614, 1537009.670, 1590167.246, 1641426.338, 1690786.946, 1738249.069, 1783812.706, 1827477.859, 1869244.528, 1909112.711, 1947082.409, 1983153.622, 2017326.351, 2049600.594, 2079976.353, 2108453.626, 2135032.415, 2159712.719, 2182494.538, 2203377.872, 2222362.721, 2239449.085, 2254636.965, 2267926.359, 2279317.269, 2288809.693, 2296403.633, 2302099.088, 2305896.057, 2307794.542, 2307794.542, 2305896.057, 2302099.088, 2296403.633, 2288809.693, 2279317.269, 2267926.359, 2254636.965, 2239449.085, 2222362.721, 2203377.872, 2182494.538, 2159712.719, 2135032.415, 2108453.626, 2079976.353, 2049600.594, 2017326.351, 1983153.622, 1947082.409, 1909112.711, 1869244.528, 1827477.859, 1783812.706, 1738249.069, 1690786.946, 1641426.338, 1590167.246, 1537009.670, 1481953.614, 1424999.083, 1366146.099, 1305394.712, 1242745.051, 1178197.416, 1111752.488, 1043411.730, 973178.137, 901057.566, 827060.899, 751207.400, 673529.488, 594079.046, 512934.975, 430211.254, 346064.227, 260697.459, 174362.461, 87354.048,    0.000,
   0.000, 94345.882, 188318.463, 281563.724, 373763.252, 464645.404, 553990.322, 641629.150, 727438.786, 811334.015, 893258.804, 973178.137, 1051071.213, 1126926.276, 1200737.003, 1272500.157, 1342214.160, 1409878.276, 1475492.180, 1539055.734, 1600568.883, 1660031.605, 1717443.893, 1772805.743, 1826117.154, 1877378.127, 1926588.661, 1973748.755, 2018858.411, 2061917.628, 2102926.407, 2141884.746, 2178792.646, 2213650.108, 2246457.130, 2277213.714, 2305919.859, 2332575.564, 2357180.831, 2379735.659, 2400240.048, 2418693.999, 2435097.510, 2449450.582, 2461753.216, 2472005.410, 2480207.166, 2486358.483, 2490459.360, 2492509.799, 2492509.799, 2490459.360, 2486358.483, 2480207.166, 2472005.410, 2461753.216, 2449450.582, 2435097.510, 2418693.999, 2400240.048, 2379735.659, 2357180.831, 2332575.564, 2305919.859, 2277213.714, 2246457.130, 2213650.108, 2178792.646, 2141884.746, 2102926.407, 2061917.628, 2018858.411, 1973748.755, 1926588.661, 1877378.127, 1826117.154, 1772805.743, 1717443.893, 1660031.605, 1600568.883, 1539055.734, 1475492.180, 1409878.276, 1342214.160, 1272500.157, 1200737.003, 1126926.276, 1051071.213, 973178.137, 893258.804, 811334.015, 727438.786, 641629.150, 553990.322, 464645.404, 373763.252, 281563.724, 188318.463, 94345.882,    0.000,
   0.000, 101154.782, 201909.319, 301884.041, 400737.556, 498178.613, 593971.490, 687935.144, 779937.590, 869887.465, 957724.692, 1043411.730, 1126926.276, 1208255.726, 1287393.304, 1364335.536, 1439080.732, 1511628.103, 1581977.299, 1650128.175, 1716080.669, 1779834.759, 1841390.436, 1900747.698, 1957906.543, 2012866.971, 2065628.982, 2116192.576, 2164557.753, 2210724.513, 2254692.855, 2296462.781, 2336034.289, 2373407.380, 2408582.054, 2441558.311, 2472336.151, 2500915.573, 2527296.579, 2551479.167, 2573463.339, 2593249.093, 2610836.430, 2626225.350, 2639415.852, 2650407.938, 2659201.606, 2665796.858, 2670193.692, 2672392.109, 2672392.109, 2670193.692, 2665796.858, 2659201.606, 2650407.938, 2639415.852, 2626225.350, 2610836.430, 2593249.093, 2573463.339, 2551479.167, 2527296.579, 2500915.573, 2472336.151, 2441558.311, 2408582.054, 2373407.380, 2336034.289, 2296462.781, 2254692.855, 2210724.513, 2164557.753, 2116192.576, 2065628.982, 2012866.971, 1957906.543, 1900747.698, 1841390.436, 1779834.759, 1716080.669, 1650128.175, 1581977.299, 1511628.103, 1439080.732, 1364335.536, 1287393.304, 1208255.726, 1126926.276, 1043411.730, 957724.692, 869887.465, 779937.590, 687935.144, 593971.490, 498178.613, 400737.556, 301884.041, 201909.319, 101154.782,    0.000,
   0.000, 107780.178, 215133.895, 321656.716, 426984.888, 530808.086, 632875.146, 732993.167, 831021.524, 926862.868, 1020453.189, 1111752.488, 1200737.003, 1287393.304, 1371714.169, 1453695.901, 1533336.696, 1610635.714, 1685592.585, 1758207.150, 1828479.347, 1896409.149, 1961996.550, 2025241.545, 2086144.133, 2144704.314, 2200922.087, 2254797.454, 2306330.413, 2355520.965, 2402369.110, 2446874.847, 2489038.178, 2528859.101, 2566337.617, 2601473.725, 2634267.427, 2664718.721, 2692827.608, 2718594.087, 2742018.160, 2763099.825, 2781839.083, 2798235.933, 2812290.377, 2824002.413, 2833372.042, 2840399.264, 2845084.078, 2847426.485, 2847426.485, 2845084.078, 2840399.264, 2833372.042, 2824002.413, 2812290.377, 2798235.933, 2781839.083, 2763099.825, 2742018.160, 2718594.087, 2692827.608, 2664718.721, 2634267.427, 2601473.725, 2566337.617, 2528859.101, 2489038.178, 2446874.847, 2402369.110, 2355520.965, 2306330.413, 2254797.454, 2200922.087, 2144704.314, 2086144.133, 2025241.545, 1961996.550, 1896409.149, 1828479.347, 1758207.150, 1685592.585, 1610635.714, 1533336.696, 1453695.901, 1371714.169, 1287393.304, 1200737.003, 1111752.488, 1020453.189, 926862.868, 831021.524, 732993.167, 632875.146, 530808.086, 426984.888, 321656.716, 215133.895, 107780.178,    0.000,
   0.000, 114221.781, 227991.610, 340880.881, 452504.099, 562532.390, 670699.581, 776801.244, 880688.346, 982257.725, 1081441.545, 1178197.416, 1272500.157, 1364335.536, 1453695.901, 1540577.332, 1624977.918, 1706896.769, 1786333.493, 1863287.921, 1937759.987, 2009749.665, 2079256.945, 2146281.823, 2210824.299, 2272884.373, 2332462.043, 2389557.311, 2444170.176, 2496300.637, 2545948.696, 2593114.352, 2637797.605, 2679998.455, 2719716.902, 2756952.946, 2791706.587, 2823977.825, 2853766.661, 2881073.093, 2905897.122, 2928238.749, 2948097.972, 2965474.793, 2980369.210, 2992781.225, 3002710.837, 3010158.046, 3015122.852, 3017605.254, 3017605.254, 3015122.852, 3010158.046, 3002710.837, 2992781.225, 2980369.210, 2965474.793, 2948097.972, 2928238.749, 2905897.122, 2881073.093, 2853766.661, 2823977.825, 2791706.587, 2756952.946, 2719716.902, 2679998.455, 2637797.605, 2593114.352, 2545948.696, 2496300.637, 2444170.176, 2389557.311, 2332462.043, 2272884.373, 2210824.299, 2146281.823, 2079256.945, 2009749.665, 1937759.987, 1863287.921, 1786333.493, 1706896.769, 1624977.918, 1540577.332, 1453695.901, 1364335.536, 1272500.157, 1178197.416, 1081441.545, 982257.725, 880688.346, 776801.244, 670699.581, 562532.390, 452504.099, 340880.881, 227991.610, 114221.781,    0.000,
   0.000, 120479.448, 240482.181, 359556.112, 477294.624, 593350.827, 707443.964, 819358.408, 928936.964, 1036070.817, 1140688.416, 1242745.051, 1342214.160, 1439080.732, 1533336.696, 1624977.918, 1714002.381, 1800409.149, 1884197.806, 1965368.175, 2043920.187, 2119853.812, 2193169.041, 2263865.872, 2331944.301, 2397404.330, 2460245.957, 2520469.183, 2578074.009, 2633060.433, 2685428.456, 2735178.077, 2782309.298, 2826822.117, 2868716.536, 2907992.553, 2944650.169, 2978689.384, 3010110.198, 3038912.610, 3065096.622, 3088662.232, 3109609.441, 3127938.249, 3143648.656, 3156740.662, 3167214.266, 3175069.470, 3180306.272, 3182924.673, 3182924.673, 3180306.272, 3175069.470, 3167214.266, 3156740.662, 3143648.656, 3127938.249, 3109609.441, 3088662.232, 3065096.622, 3038912.610, 3010110.198, 2978689.384, 2944650.169, 2907992.553, 2868716.536, 2826822.117, 2782309.298, 2735178.077, 2685428.456, 2633060.433, 2578074.009, 2520469.183, 2460245.957, 2397404.330, 2331944.301, 2263865.872, 2193169.041, 2119853.812, 2043920.187, 1965368.175, 1884197.806, 1800409.149, 1714002.381, 1624977.918, 1533336.696, 1439080.732, 1342214.160, 1242745.051, 1140688.416, 1036070.817, 928936.964, 819358.408, 707443.964, 593350.827, 477294.624, 359556.112, 240482.181, 120479.448,    0.000,
   0.000, 126553.113, 252605.477, 377682.213, 501356.204, 623263.072, 743107.907, 860664.212, 975766.869, 1088301.577, 1198193.179, 1305394.712, 1409878.276, 1511628.103, 1610635.714, 1706896.769, 1800409.149, 1891171.870, 1979184.495, 2064446.839, 2146958.827, 2226720.431, 2303731.641, 2377992.451, 2449502.862, 2518262.873, 2584272.483, 2647531.693, 2708040.502, 2765798.911, 2820806.920, 2873064.528, 2922571.736, 2969328.543, 3013334.950, 3054590.956, 3093096.562, 3128851.768, 3161856.573, 3192110.978, 3219614.982, 3244368.586, 3266371.789, 3285624.592, 3302126.995, 3315878.997, 3326880.599, 3335131.800, 3340632.601, 3343383.001, 3343383.001, 3340632.601, 3335131.800, 3326880.599, 3315878.997, 3302126.995, 3285624.592, 3266371.789, 3244368.586, 3219614.982, 3192110.978, 3161856.573, 3128851.768, 3093096.562, 3054590.956, 3013334.950, 2969328.543, 2922571.736, 2873064.528, 2820806.920, 2765798.911, 2708040.502, 2647531.693, 2584272.483, 2518262.873, 2449502.862, 2377992.451, 2303731.641, 2226720.431, 2146958.827, 2064446.839, 1979184.495, 1891171.870, 1800409.149, 1706896.769, 1610635.714, 1511628.103, 1409878.276, 1305394.712, 1198193.179, 1088301.577, 975766.869, 860664.212, 743107.907, 623263.072, 501356.204, 377682.213, 252605.477, 126553.113,    0.000,
   0.000, 132442.747, 264361.439, 395259.095, 524688.721, 652268.981, 777691.238, 900718.457, 1021177.835, 1138949.753, 1253955.557, 1366146.099, 1475492.180, 1581977.299, 1685592.585, 1786333.493, 1884197.806, 1979184.495, 2071293.102, 2160523.434, 2246875.413, 2330349.009, 2410944.210, 2488661.014, 2563499.417, 2635459.421, 2704541.025, 2770744.228, 2834069.032, 2894515.435, 2952083.438, 3006773.041, 3058584.244, 3107517.046, 3153571.449, 3196747.451, 3237045.053, 3274464.255, 3309005.057, 3340667.459, 3369451.460, 3395357.062, 3418384.263, 3438533.064, 3455803.465, 3470195.466, 3481709.066, 3490344.267, 3496101.067, 3498979.467, 3498979.467, 3496101.067, 3490344.267, 3481709.066, 3470195.466, 3455803.465, 3438533.064, 3418384.263, 3395357.062, 3369451.460, 3340667.459, 3309005.057, 3274464.255, 3237045.053, 3196747.451, 3153571.449, 3107517.046, 3058584.244, 3006773.041, 2952083.438, 2894515.435, 2834069.032, 2770744.228, 2704541.025, 2635459.421, 2563499.417, 2488661.014, 2410944.210, 2330349.009, 2246875.413, 2160523.434, 2071293.102, 1979184.495, 1884197.806, 1786333.493, 1685592.585, 1581977.299, 1475492.180, 1366146.099, 1253955.557, 1138949.753, 1021177.835, 900718.457, 777691.238, 652268.981, 524688.721, 395259.095, 264361.439, 132442.747,    0.000,
   0.000, 138148.337, 275750.043, 412286.723, 547292.128, 680368.492, 811193.885, 939521.059, 1065169.767, 1188015.239, 1307975.433, 1424999.083, 1539055.734, 1650128.175, 1758207.150, 1863287.921, 1965368.175, 2064446.839, 2160523.434, 2253597.760, 2343669.735, 2430739.327, 2514806.526, 2595871.326, 2673933.727, 2748993.729, 2821051.330, 2890106.531, 2956159.332, 3019209.733, 3079257.735, 3136303.336, 3190346.537, 3241387.337, 3289425.738, 3334461.739, 3376495.340, 3415526.540, 3451555.341, 3484581.742, 3514605.742, 3541627.343, 3565646.543, 3586663.344, 3604677.744, 3619689.744, 3631699.344, 3640706.544, 3646711.345, 3649713.745, 3649713.745, 3646711.345, 3640706.544, 3631699.344, 3619689.744, 3604677.744, 3586663.344, 3565646.543, 3541627.343, 3514605.742, 3484581.742, 3451555.341, 3415526.540, 3376495.340, 3334461.739, 3289425.738, 3241387.337, 3190346.537, 3136303.336, 3079257.735, 3019209.733, 2956159.332, 2890106.531, 2821051.330, 2748993.729, 2673933.727, 2595871.326, 2514806.526, 2430739.327, 2343669.735, 2253597.760, 2160523.434, 2064446.839, 1965368.175, 1863287.921, 1758207.150, 1650128.175, 1539055.734, 1424999.083, 1307975.433, 1188015.239, 1065169.767, 939521.059, 811193.885, 680368.492, 547292.128, 412286.723, 275750.043, 138148.337,    0.000,
   0.000, 143669.879, 286771.278, 428765.081, 569166.404, 707561.582, 843615.818, 977071.983, 1107742.627, 1235497.992, 1360252.759, 1481953.614, 1600568.883, 1716080.669, 1828479.347, 1937759.987, 2043920.187, 2146958.827, 2246875.413, 2343669.735, 2437341.708, 2527891.299, 2615318.496, 2699623.296, 2780805.696, 2858865.696, 2933803.297, 3005618.497, 3074311.297, 3139881.698, 3202329.698, 3261655.298, 3317858.499, 3370939.299, 3420897.699, 3467733.700, 3511447.300, 3552038.500, 3589507.300, 3623853.700, 3655077.701, 3683179.301, 3708158.501, 3730015.301, 3748749.701, 3764361.701, 3776851.301, 3786218.501, 3792463.301, 3795585.701, 3795585.701, 3792463.301, 3786218.501, 3776851.301, 3764361.701, 3748749.701, 3730015.301, 3708158.501, 3683179.301, 3655077.701, 3623853.700, 3589507.300, 3552038.500, 3511447.300, 3467733.700, 3420897.699, 3370939.299, 3317858.499, 3261655.298, 3202329.698, 3139881.698, 3074311.297, 3005618.497, 2933803.297, 2858865.696, 2780805.696, 2699623.296, 2615318.496, 2527891.299, 2437341.708, 2343669.735, 2246875.413, 2146958.827, 2043920.187, 1937759.987, 1828479.347, 1716080.669, 1600568.883, 1481953.614, 1360252.759, 1235497.992, 1107742.627, 977071.983, 843615.818, 707561.582, 569166.404, 428765.081, 286771.278, 143669.879,    0.000,
   0.000, 149007.371, 297425.140, 444694.164, 590311.541, 733848.241, 874957.026, 1013371.217, 1148896.399, 1281397.996, 1410787.517, 1537009.670, 1660031.605, 1779834.759, 1896409.149, 2009749.665, 2119853.812, 2226720.431, 2330349.009, 2430739.327, 2527891.299, 2621804.889, 2712480.086, 2799916.885, 2884115.285, 2965075.285, 3042796.885, 3117280.085, 3188524.886, 3256531.286, 3321299.286, 3382828.886, 3441120.086, 3496172.886, 3547987.286, 3596563.286, 3641900.886, 3684000.086, 3722860.886, 3758483.287, 3790867.287, 3820012.887, 3845920.087, 3868588.887, 3888019.287, 3904211.287, 3917164.887, 3926880.087, 3933356.887, 3936595.287, 3936595.287, 3933356.887, 3926880.087, 3917164.887, 3904211.287, 3888019.287, 3868588.887, 3845920.087, 3820012.887, 3790867.287, 3758483.287, 3722860.886, 3684000.086, 3641900.886, 3596563.286, 3547987.286, 3496172.886, 3441120.086, 3382828.886, 3321299.286, 3256531.286, 3188524.886, 3117280.085, 3042796.885, 2965075.285, 2884115.285, 2799916.885, 2712480.086, 2621804.889, 2527891.299, 2430739.327, 2330349.009, 2226720.431, 2119853.812, 2009749.665, 1896409.149, 1779834.759, 1660031.605, 1537009.670, 1410787.517, 1281397.996, 1148896.399, 1013371.217, 874957.026, 733848.241, 590311.541, 444694.164, 297425.140, 149007.371,    0.000,
   0.000, 154160.811, 307711.629, 460073.969, 610727.537, 759228.464, 905217.505, 1048418.755, 1188631.078, 1325715.243, 1459579.701, 1590167.246, 1717443.893, 1841390.436, 1961996.550, 2079256.945, 2193169.041, 2303731.641, 2410944.210, 2514806.526, 2615318.496, 2712480.086, 2806291.283, 2896752.082, 2983862.482, 3067622.482, 3148032.082, 3225091.282, 3298800.082, 3369158.482, 3436166.482, 3499824.082, 3560131.282, 3617088.082, 3670694.482, 3720950.482, 3767856.082, 3811411.282, 3851616.082, 3888470.482, 3921974.482, 3952128.082, 3978931.282, 4002384.082, 4022486.482, 4039238.482, 4052640.082, 4062691.282, 4069392.082, 4072742.482, 4072742.482, 4069392.082, 4062691.282, 4052640.082, 4039238.482, 4022486.482, 4002384.082, 3978931.282, 3952128.082, 3921974.482, 3888470.482, 3851616.082, 3811411.282, 3767856.082, 3720950.482, 3670694.482, 3617088.082, 3560131.282, 3499824.082, 3436166.482, 3369158.482, 3298800.082, 3225091.282, 3148032.082, 3067622.482, 2983862.482, 2896752.082, 2806291.283, 2712480.086, 2615318.496, 2514806.526, 2410944.210, 2303731.641, 2193169.041, 2079256.945, 1961996.550, 1841390.436, 1717443.893, 1590167.246, 1459579.701, 1325715.243, 1188631.078, 1048418.755, 905217.505, 759228.464, 610727.537, 460073.969, 307711.629, 154160.811,    0.000,
   0.000, 159130.201, 317630.743, 474904.496, 630414.391, 783702.252, 934397.253, 1082214.597, 1226946.663, 1368449.733, 1506629.308, 1641426.338, 1772805.743, 1900747.698, 2025241.545, 2146281.823, 2263865.872, 2377992.451, 2488661.014, 2595871.326, 2699623.296, 2799916.885, 2896752.082, 2990128.881, 3080047.281, 3166507.280, 3249508.880, 3329052.080, 3405136.880, 3477763.281, 3546931.281, 3612640.881, 3674892.081, 3733684.881, 3789019.281, 3840895.281, 3889312.881, 3934272.081, 3975772.881, 4013815.281, 4048399.281, 4079524.881, 4107192.081, 4131400.881, 4152151.281, 4169443.281, 4183276.881, 4193652.081, 4200568.881, 4204027.281, 4204027.281, 4200568.881, 4193652.081, 4183276.881, 4169443.281, 4152151.281, 4131400.881, 4107192.081, 4079524.881, 4048399.281, 4013815.281, 3975772.881, 3934272.081, 3889312.881, 3840895.281, 3789019.281, 3733684.881, 3674892.081, 3612640.881, 3546931.281, 3477763.281, 3405136.880, 3329052.080, 3249508.880, 3166507.280, 3080047.281, 2990128.881, 2896752.082, 2799916.885, 2699623.296, 2595871.326, 2488661.014, 2377992.451, 2263865.872, 2146281.823, 2025241.545, 1900747.698, 1772805.743, 1641426.338, 1506629.308, 1368449.733, 1226946.663, 1082214.597, 934397.253, 783702.252, 630414.391, 474904.496, 317630.743, 159130.201,    0.000,
   0.000, 163915.538, 327182.483, 489185.743, 649372.103, 807269.604, 962496.270, 1114758.741, 1263843.152, 1409601.465, 1551936.338, 1690786.946, 1826117.154, 1957906.543, 2086144.133, 2210824.299, 2331944.301, 2449502.862, 2563499.417, 2673933.727, 2780805.696, 2884115.285, 2983862.482, 3080047.281, 3172669.680, 3261729.680, 3347227.280, 3429162.480, 3507535.280, 3582345.680, 3653593.680, 3721279.280, 3785402.480, 3845963.280, 3902961.680, 3956397.680, 4006271.280, 4052582.480, 4095331.280, 4134517.680, 4170141.680, 4202203.280, 4230702.480, 4255639.280, 4277013.680, 4294825.680, 4309075.280, 4319762.480, 4326887.280, 4330449.680, 4330449.680, 4326887.280, 4319762.480, 4309075.280, 4294825.680, 4277013.680, 4255639.280, 4230702.480, 4202203.280, 4170141.680, 4134517.680, 4095331.280, 4052582.480, 4006271.280, 3956397.680, 3902961.680, 3845963.280, 3785402.480, 3721279.280, 3653593.680, 3582345.680, 3507535.280, 3429162.480, 3347227.280, 3261729.680, 3172669.680, 3080047.281, 2983862.482, 2884115.285, 2780805.696, 2673933.727, 2563499.417, 2449502.862, 2331944.301, 2210824.299, 2086144.133, 1957906.543, 1826117.154, 1690786.946, 1551936.338, 1409601.465, 1263843.152, 1114758.741, 962496.270, 807269.604, 649372.103, 489185.743, 327182.483, 163915.538,    0.000,
   0.000, 168516.825, 336366.848, 502917.713, 667600.671, 829930.519, 989514.556, 1146051.187, 1299320.545, 1449170.437, 1595500.789, 1738249.069, 1877378.127, 2012866.971, 2144704.314, 2272884.373, 2397404.330, 2518262.873, 2635459.421, 2748993.729, 2858865.696, 2965075.285, 3067622.482, 3166507.280, 3261729.680, 3353289.680, 3441187.280, 3525422.480, 3605995.280, 3682905.680, 3756153.680, 3825739.280, 3891662.480, 3953923.280, 4012521.680, 4067457.680, 4118731.280, 4166342.480, 4210291.280, 4250577.680, 4287201.680, 4320163.280, 4349462.480, 4375099.280, 4397073.680, 4415385.680, 4430035.280, 4441022.480, 4448347.280, 4452009.680, 4452009.680, 4448347.280, 4441022.480, 4430035.280, 4415385.680, 4397073.680, 4375099.280, 4349462.480, 4320163.280, 4287201.680, 4250577.680, 4210291.280, 4166342.480, 4118731.280, 4067457.680, 4012521.680, 3953923.280, 3891662.480, 3825739.280, 3756153.680, 3682905.680, 3605995.280, 3525422.480, 3441187.280, 3353289.680, 3261729.680, 3166507.280, 3067622.482, 2965075.285, 2858865.696, 2748993.729, 2635459.421, 2518262.873, 2397404.330, 2272884.373, 2144704.314, 2012866.971, 1877378.127, 1738249.069, 1595500.789, 1449170.437, 1299320.545, 1146051.187, 989514.556, 829930.519, 667600.671, 502917.713, 336366.848, 168516.825,    0.000,
   0.000, 172934.060, 345183.838, 516100.403, 685100.097, 851684.997, 1015452.110, 1176091.935, 1333378.843, 1487156.651, 1637322.663, 1783812.706, 1926588.661, 2065628.982, 2200922.087, 2332462.043, 2460245.957, 2584272.483, 2704541.025, 2821051.330, 2933803.297, 3042796.885, 3148032.082, 3249508.880, 3347227.280, 3441187.280, 3531388.880, 3617832.080, 3700516.880, 3779443.280, 3854611.280, 3926020.880, 3993672.080, 4057564.880, 4117699.280, 4174075.280, 4226692.880, 4275552.080, 4320652.880, 4361995.280, 4399579.280, 4433404.880, 4463472.080, 4489780.880, 4512331.280, 4531123.280, 4546156.880, 4557432.080, 4564948.880, 4568707.280, 4568707.280, 4564948.880, 4557432.080, 4546156.880, 4531123.280, 4512331.280, 4489780.880, 4463472.080, 4433404.880, 4399579.280, 4361995.280, 4320652.880, 4275552.080, 4226692.880, 4174075.280, 4117699.280, 4057564.880, 3993672.080, 3926020.880, 3854611.280, 3779443.280, 3700516.880, 3617832.080, 3531388.880, 3441187.280, 3347227.280, 3249508.880, 3148032.082, 3042796.885, 2933803.297, 2821051.330, 2704541.025, 2584272.483, 2460245.957, 2332462.043, 2200922.087, 2065628.982, 1926588.661, 1783812.706, 1637322.663, 1487156.651, 1333378.843, 1176091.935, 1015452.110, 851684.997, 685100.097, 516100.403, 345183.838, 172934.060,    0.000,
   0.000, 177167.243, 353633.454, 528733.815, 701870.380, 872533.038, 1040308.933, 1204880.986, 1366018.045, 1523560.106, 1677401.958, 1827477.859, 1973748.755, 2116192.576, 2254797.454, 2389557.311, 2520469.183, 2647531.693, 2770744.228, 2890106.531, 3005618.497, 3117280.085, 3225091.282, 3329052.080, 3429162.480, 3525422.480, 3617832.080, 3706391.280, 3791100.080, 3871958.480, 3948966.480, 4022124.080, 4091431.280, 4156888.080, 4218494.480, 4276250.480, 4330156.080, 4380211.280, 4426416.080, 4468770.480, 4507274.480, 4541928.080, 4572731.280, 4599684.080, 4622786.480, 4642038.480, 4657440.080, 4668991.280, 4676692.080, 4680542.480, 4680542.480, 4676692.080, 4668991.280, 4657440.080, 4642038.480, 4622786.480, 4599684.080, 4572731.280, 4541928.080, 4507274.480, 4468770.480, 4426416.080, 4380211.280, 4330156.080, 4276250.480, 4218494.480, 4156888.080, 4091431.280, 4022124.080, 3948966.480, 3871958.480, 3791100.080, 3706391.280, 3617832.080, 3525422.480, 3429162.480, 3329052.080, 3225091.282, 3117280.085, 3005618.497, 2890106.531, 2770744.228, 2647531.693, 2520469.183, 2389557.311, 2254797.454, 2116192.576, 1973748.755, 1827477.859, 1677401.958, 1523560.106, 1366018.045, 1204880.986, 1040308.933, 872533.038, 701870.380, 528733.815, 353633.454, 177167.243,    0.000,
   0.000, 181216.375, 361715.695, 540817.947, 717911.521, 892474.644, 1064085.024, 1232418.338, 1397238.152, 1558380.802, 1715738.675, 1869244.528, 2018858.411, 2164557.753, 2306330.413, 2444170.176, 2578074.009, 2708040.502, 2834069.032, 2956159.332, 3074311.297, 3188524.886, 3298800.082, 3405136.880, 3507535.280, 3605995.280, 3700516.880, 3791100.080, 3877744.880, 3960451.280, 4039219.280, 4114048.880, 4184940.080, 4251892.880, 4314907.280, 4373983.280, 4429120.880, 4480320.080, 4527580.880, 4570903.280, 4610287.280, 4645732.880, 4677240.080, 4704808.880, 4728439.280, 4748131.280, 4763884.880, 4775700.080, 4783576.880, 4787515.280, 4787515.280, 4783576.880, 4775700.080, 4763884.880, 4748131.280, 4728439.280, 4704808.880, 4677240.080, 4645732.880, 4610287.280, 4570903.280, 4527580.880, 4480320.080, 4429120.880, 4373983.280, 4314907.280, 4251892.880, 4184940.080, 4114048.880, 4039219.280, 3960451.280, 3877744.880, 3791100.080, 3700516.880, 3605995.280, 3507535.280, 3405136.880, 3298800.082, 3188524.886, 3074311.297, 2956159.332, 2834069.032, 2708040.502, 2578074.009, 2444170.176, 2306330.413, 2164557.753, 2018858.411, 1869244.528, 1715738.675, 1558380.802, 1397238.152, 1232418.338, 1064085.024, 892474.644, 717911.521, 540817.947, 361715.695, 181216.375,    0.000,
   0.000, 185081.456, 369430.562, 552352.802, 733223.518, 911509.812, 1086780.384, 1258703.993, 1427039.162, 1591618.739, 1752332.814, 1909112.711, 2061917.628, 2210724.513, 2355520.965, 2496300.637, 2633060.433, 2765798.911, 2894515.435, 3019209.733, 3139881.698, 3256531.286, 3369158.482, 3477763.281, 3582345.680, 3682905.680, 3779443.280, 3871958.480, 3960451.280, 4044921.680, 4125369.680, 4201795.280, 4274198.480, 4342579.280, 4406937.680, 4467273.680, 4523587.280, 4575878.480, 4624147.280, 4668393.680, 4708617.680, 4744819.280, 4776998.480, 4805155.280, 4829289.680, 4849401.680, 4865491.280, 4877558.480, 4885603.280, 4889625.680, 4889625.680, 4885603.280, 4877558.480, 4865491.280, 4849401.680, 4829289.680, 4805155.280, 4776998.480, 4744819.280, 4708617.680, 4668393.680, 4624147.280, 4575878.480, 4523587.280, 4467273.680, 4406937.680, 4342579.280, 4274198.480, 4201795.280, 4125369.680, 4044921.680, 3960451.280, 3871958.480, 3779443.280, 3682905.680, 3582345.680, 3477763.281, 3369158.482, 3256531.286, 3139881.698, 3019209.733, 2894515.435, 2765798.911, 2633060.433, 2496300.637, 2355520.965, 2210724.513, 2061917.628, 1909112.711, 1752332.814, 1591618.739, 1427039.162, 1258703.993, 1086780.384, 911509.812, 733223.518, 552352.802, 369430.562, 185081.456,    0.000,
   0.000, 188762.485, 376778.054, 563338.377, 747806.373, 929638.544, 1108395.013, 1283737.950, 1455421.077, 1623273.917, 1787184.375, 1947082.409, 2102926.407, 2254692.855, 2402369.110, 2545948.696, 2685428.456, 2820806.920, 2952083.438, 3079257.735, 3202329.698, 3321299.286, 3436166.482, 3546931.281, 3653593.680, 3756153.680, 3854611.280, 3948966.480, 4039219.280, 4125369.680, 4207417.680, 4285363.280, 4359206.480, 4428947.280, 4494585.680, 4556121.680, 4613555.280, 4666886.480, 4716115.280, 4761241.680, 4802265.680, 4839187.280, 4872006.480, 4900723.280, 4925337.680, 4945849.680, 4962259.280, 4974566.480, 4982771.280, 4986873.680, 4986873.680, 4982771.280, 4974566.480, 4962259.280, 4945849.680, 4925337.680, 4900723.280, 4872006.480, 4839187.280, 4802265.680, 4761241.680, 4716115.280, 4666886.480, 4613555.280, 4556121.680, 4494585.680, 4428947.280, 4359206.480, 4285363.280, 4207417.680, 4125369.680, 4039219.280, 3948966.480, 3854611.280, 3756153.680, 3653593.680, 3546931.281, 3436166.482, 3321299.286, 3202329.698, 3079257.735, 2952083.438, 2820806.920, 2685428.456, 2545948.696, 2402369.110, 2254692.855, 2102926.407, 1947082.409, 1787184.375, 1623273.917, 1455421.077, 1283737.950, 1108395.013, 929638.544, 747806.373, 563338.377, 376778.054, 188762.485,    0.000,
