   0.000,    0.000,    0.000,    0.000,    0.000,    0.000,    0.000,    0.000,    0.000,    0.000,    0.000,    0.000,    0.000,    0.000,    0.000,    0.000,    0.000,    0.000,    0.000,    0.000,    0.000,    0.000,    0.000,    0.000,    0.000,    0.000,    0.000,    0.000,    0.000,    0.000,    0.000,    0.000,    0.000,    0.000,    0.000,    0.000,    0.000,    0.000,    0.000,    0.000,    0.000,    0.000,    0.000,    0.000,    0.000,    0.000,    0.000,    0.000,    0.000,    0.000,    0.000,    0.000,    0.000,    0.000,    0.000,    0.000,    0.000,    0.000,    0.000,    0.000,    0.000,    0.000,    0.000,    0.000,    0.000,    0.000,    0.000,    0.000,    0.000,    0.000,    0.000,    0.000,    0.000,    0.000,    0.000,    0.000,    0.000,    0.000,    0.000,    0.000,    0.000,    0.000,    0.000,    0.000,    0.000,    0.000,    0.000,    0.000,    0.000,    0.000,    0.000,    0.000,    0.000,    0.000,    0.000,    0.000,    0.000,    0.000,    0.000,    0.000,
   0.000, 8495.797, 16957.314, 25352.118, 33651.173, 41829.880, 49868.514, 57752.100, 65469.867, 73014.480, 80381.198, 87567.121, 94570.561, 101390.589, 108026.716, 114478.700, 120746.427, 126829.843, 132728.928, 138443.671, 143974.070, 149320.123, 154481.830, 159459.189, 164252.203, 168860.869, 173285.189, 177525.162, 181580.789, 185452.069, 189139.002, 192641.589, 195959.829, 199093.722, 202043.268, 204808.468, 207389.322, 209785.828, 211997.988, 214025.801, 215869.268, 217528.388, 219003.161, 220293.588, 221399.668, 222321.401, 223058.788, 223611.828, 223980.521, 224164.868, 224164.868, 223980.521, 223611.828, 223058.788, 222321.401, 221399.668, 220293.588, 219003.161, 217528.388, 215869.268, 214025.801, 211997.988, 209785.828, 207389.322, 204808.468, 202043.268, 199093.722, 195959.829, 192641.589, 189139.002, 185452.069, 181580.789, 177525.162, 173285.189, 168860.869, 164252.203, 159459.189, 154481.830, 149320.123, 143974.070, 138443.671, 132728.928, 126829.843, 120746.427, 114478.700, 108026.716, 101390.589, 94570.561, 87567.121, 80381.198, 73014.480, 65469.867, 57752.100, 49868.514, 41829.880, 33651.173, 25352.118, 16957.314, 8495.797,    0.000,
   0.000, 16957.314, 33846.207, 50601.940, 67166.562, 83490.973, 99535.804, 115271.161, 130675.551, 145734.328, 160438.036, 174780.881, 188759.498, 202372.030, 215617.504, 228495.434, 241005.593, 253147.875, 264922.237, 276328.661, 287367.140, 298037.671, 308340.253, 318274.885, 327841.569, 337040.303, 345871.087, 354333.922, 362428.808, 370155.745, 377514.732, 384505.770, 391128.858, 397383.997, 403271.187, 408790.427, 413941.718, 418725.060, 423140.452, 427187.895, 430867.389, 434178.933, 437122.528, 439698.174, 441905.870, 443745.617, 445217.414, 446321.262, 447057.161, 447425.110, 447425.110, 447057.161, 446321.262, 445217.414, 443745.617, 441905.870, 439698.174, 437122.528, 434178.933, 430867.389, 427187.895, 423140.452, 418725.060, 413941.718, 408790.427, 403271.187, 397383.997, 391128.858, 384505.770, 377514.732, 370155.745, 362428.808, 354333.922, 345871.087, 337040.303, 327841.569, 318274.885, 308340.253, 298037.671, 287367.140, 276328.661, 264922.237, 253147.875, 241005.593, 228495.434, 215617.504, 202372.030, 188759.498, 174780.881, 160438.036, 145734.328, 130675.551, 115271.161, 99535.804, 83490.973, 67166.562, 50601.940, 33846.207, 16957.314,    0.000,
   0.000, 25352.118, 50601.940, 75652.682, 100417.699, 124823.587, 148811.483, 172336.699, 195367.099, 217880.789, 239863.629, 261306.960, 282205.750, 302557.223, 322359.923, 341613.127, 360316.491, 378469.861, 396073.170, 413126.391, 429629.515, 445582.536, 460985.454, 475838.268, 490140.977, 503893.583, 517096.084, 529748.481, 541850.773, 553402.962, 564405.046, 574857.026, 584758.902, 594110.674, 602912.341, 611163.905, 618865.364, 626016.718, 632617.969, 638669.115, 644170.158, 649121.095, 653521.929, 657372.659, 660673.284, 663423.805, 665624.222, 667274.535, 668374.743, 668924.847, 668924.847, 668374.743, 667274.535, 665624.222, 663423.805, 660673.284, 657372.659, 653521.929, 649121.095, 644170.158, 638669.115, 632617.969, 626016.718, 618865.364, 611163.905, 602912.341, 594110.674, 584758.902, 574857.026, 564405.046, 553402.962, 541850.773, 529748.481, 517096.084, 503893.583, 490140.977, 475838.268, 460985.454, 445582.536, 429629.515, 413126.391, 396073.170, 378469.861, 360316.491, 341613.127, 322359.923, 302557.223, 282205.750, 261306.960, 239863.629, 217880.789, 195367.099, 172336.699, 148811.483, 124823.587, 100417.699, 75652.682, 50601.940, 25352.118,    0.000,
   0.000, 33651.173, 67166.562, 100417.699, 133289.576, 165684.758, 197525.117, 228751.333, 259320.752, 289204.314, 318383.251, 346846.070, 374586.091, 401599.629, 427884.755, 453440.505, 478266.426, 502362.311, 525728.074, 548363.677, 570269.107, 591444.358, 611889.429, 631604.320, 650589.029, 668843.558, 686367.905, 703162.071, 719226.056, 734559.860, 749163.482, 763036.924, 776180.184, 788593.263, 800276.162, 811228.879, 821451.414, 830943.769, 839705.943, 847737.935, 855039.747, 861611.377, 867452.826, 872564.094, 876945.181, 880596.086, 883516.811, 885707.354, 887167.716, 887897.897, 887897.897, 887167.716, 885707.354, 883516.811, 880596.086, 876945.181, 872564.094, 867452.826, 861611.377, 855039.747, 847737.935, 839705.943, 830943.769, 821451.414, 811228.879, 800276.162, 788593.263, 776180.184, 763036.924, 749163.482, 734559.860, 719226.056, 703162.071, 686367.905, 668843.558, 650589.029, 631604.320, 611889.429, 591444.358, 570269.107, 548363.677, 525728.074, 502362.311, 478266.426, 453440.505, 427884.755, 401599.629, 374586.091, 346846.070, 318383.251, 289204.314, 259320.752, 228751.333, 197525.117, 165684.758, 133289.576, 100417.699, 67166.562, 33651.173,    0.000,
   0.000, 41829.880, 83490.973, 124823.587, 165684.758, 205953.374, 245532.315, 284347.846, 322346.947, 359493.496, 395764.164, 431144.665, 465626.696, 499205.679, 531879.212, 563646.102, 594505.782, 624457.996, 653502.637, 681639.658, 708869.043, 735190.785, 760604.882, 785111.333, 808710.137, 831401.295, 853184.807, 874060.673, 894028.892, 913089.465, 931242.392, 948487.672, 964825.306, 980255.294, 994777.635, 1008392.330, 1021099.379, 1032898.781, 1043790.537, 1053774.647, 1062851.110, 1071019.927, 1078281.098, 1084634.622, 1090080.500, 1094618.732, 1098249.317, 1100972.256, 1102787.549, 1103695.195, 1103695.195, 1102787.549, 1100972.256, 1098249.317, 1094618.732, 1090080.500, 1084634.622, 1078281.098, 1071019.927, 1062851.110, 1053774.647, 1043790.537, 1032898.781, 1021099.379, 1008392.330, 994777.635, 980255.294, 964825.306, 948487.672, 931242.392, 913089.465, 894028.892, 874060.673, 853184.807, 831401.295, 808710.137, 785111.333, 760604.882, 735190.785, 708869.043, 681639.658, 653502.637, 624457.996, 594505.782, 563646.102, 531879.212, 499205.679, 465626.696, 431144.665, 395764.164, 359493.496, 322346.947, 284347.846, 245532.315, 205953.374, 165684.758, 124823.587, 83490.973, 41829.880,    0.000,
   0.000, 49868.514, 99535.804, 148811.483, 197525.117, 245532.315, 292717.295, 338992.152, 384293.679, 428578.813, 471819.742, 513999.437, 555107.999, 595139.969, 634092.487, 671964.128, 708754.218, 744462.452, 779088.699, 812632.908, 845095.056, 876475.137, 906773.147, 935989.086, 964122.954, 991174.749, 1017144.473, 1042032.124, 1065837.704, 1088561.213, 1110202.649, 1130762.013, 1150239.306, 1168634.527, 1185947.676, 1202178.753, 1217327.759, 1231394.693, 1244379.554, 1256282.344, 1267103.063, 1276841.709, 1285498.283, 1293072.786, 1299565.217, 1304975.576, 1309303.863, 1312550.079, 1314714.223, 1315796.294, 1315796.294, 1314714.223, 1312550.079, 1309303.863, 1304975.576, 1299565.217, 1293072.786, 1285498.283, 1276841.709, 1267103.063, 1256282.344, 1244379.554, 1231394.693, 1217327.759, 1202178.753, 1185947.676, 1168634.527, 1150239.306, 1130762.013, 1110202.649, 1088561.213, 1065837.704, 1042032.124, 1017144.473, 991174.749, 964122.954, 935989.086, 906773.147, 876475.137, 845095.056, 812632.908, 779088.699, 744462.452, 708754.218, 671964.128, 634092.487, 595139.969, 555107.999, 513999.437, 471819.742, 428578.813, 384293.679, 338992.152, 292717.295, 245532.315, 197525.117, 148811.483, 99535.804, 49868.514,    0.000,
   0.000, 57752.100, 115271.161, 172336.699, 228751.333, 284347.846, 338992.152, 392582.452, 445045.546, 496331.564, 546408.302, 595256.036, 642863.305, 689223.787, 734334.169, 778192.802, 820798.905, 862152.126, 902252.313, 941099.406, 978693.379, 1015034.224, 1050121.939, 1083956.521, 1116537.970, 1147866.287, 1177941.471, 1206763.523, 1234332.442, 1260648.228, 1285710.882, 1309520.402, 1332076.791, 1353380.046, 1373430.169, 1392227.159, 1409771.017, 1426061.741, 1441099.334, 1454883.793, 1467415.120, 1478693.314, 1488718.375, 1497490.304, 1505009.100, 1511274.763, 1516287.294, 1520046.692, 1522552.958, 1523806.090, 1523806.090, 1522552.958, 1520046.692, 1516287.294, 1511274.763, 1505009.100, 1497490.304, 1488718.375, 1478693.314, 1467415.120, 1454883.793, 1441099.334, 1426061.741, 1409771.017, 1392227.159, 1373430.169, 1353380.046, 1332076.791, 1309520.402, 1285710.882, 1260648.228, 1234332.442, 1206763.523, 1177941.471, 1147866.287, 1116537.970, 1083956.521, 1050121.939, 1015034.224, 978693.379, 941099.406, 902252.313, 862152.126, 820798.905, 778192.802, 734334.169, 689223.787, 642863.305, 595256.036, 546408.302, 496331.564, 445045.546, 392582.452, 338992.152, 284347.846, 228751.333, 172336.699, 115271.161, 57752.100,    0.000,
   0.000, 65469.867, 130675.551, 195367.099, 259320.752, 322346.947, 384293.679, 445045.546, 504519.567, 562659.210, 619427.966, 674803.479, 728772.756, 781328.630, 832467.348, 882187.038, 930486.816, 977366.282, 1022825.266, 1066863.697, 1109481.548, 1150678.809, 1190455.476, 1228811.549, 1265747.027, 1301261.910, 1335356.197, 1368029.889, 1399282.985, 1429115.487, 1457527.393, 1484518.704, 1510089.419, 1534239.539, 1556969.064, 1578277.993, 1598166.328, 1616634.067, 1633681.210, 1649307.759, 1663513.712, 1676299.069, 1687663.832, 1697607.999, 1706131.571, 1713234.547, 1718916.928, 1723178.714, 1726019.905, 1727440.500, 1727440.500, 1726019.905, 1723178.714, 1718916.928, 1713234.547, 1706131.571, 1697607.999, 1687663.832, 1676299.069, 1663513.712, 1649307.759, 1633681.210, 1616634.067, 1598166.328, 1578277.993, 1556969.064, 1534239.539, 1510089.419, 1484518.704, 1457527.393, 1429115.487, 1399282.985, 1368029.889, 1335356.197, 1301261.910, 1265747.027, 1228811.549, 1190455.476, 1150678.809, 1109481.548, 1066863.697, 1022825.266, 977366.282, 930486.816, 882187.038, 832467.348, 781328.630, 728772.756, 674803.479, 619427.966, 562659.210, 504519.567, 445045.546, 384293.679, 322346.947, 259320.752, 195367.099, 130675.551, 65469.867,    0.000,
   0.000, 73014.480, 145734.328, 217880.789, 289204.314, 359493.496, 428578.813, 496331.564, 562659.210, 627498.703, 690809.330, 752566.157, 812754.697, 871366.958, 928398.752, 983847.995, 1037713.698, 1089995.417, 1140692.961, 1189806.252, 1237335.260, 1283279.973, 1327640.388, 1370416.502, 1411608.317, 1451215.831, 1489239.044, 1525677.957, 1560532.569, 1593802.881, 1625488.892, 1655590.602, 1684108.012, 1711041.122, 1736389.930, 1760154.439, 1782334.647, 1802930.554, 1821942.160, 1839369.467, 1855212.472, 1869471.177, 1882145.582, 1893235.685, 1902741.489, 1910662.992, 1917000.194, 1921753.095, 1924921.696, 1926505.997, 1926505.997, 1924921.696, 1921753.095, 1917000.194, 1910662.992, 1902741.489, 1893235.685, 1882145.582, 1869471.177, 1855212.472, 1839369.467, 1821942.160, 1802930.554, 1782334.647, 1760154.439, 1736389.930, 1711041.122, 1684108.012, 1655590.602, 1625488.892, 1593802.881, 1560532.569, 1525677.957, 1489239.044, 1451215.831, 1411608.317, 1370416.502, 1327640.388, 1283279.973, 1237335.260, 1189806.252, 1140692.961, 1089995.417, 1037713.698, 983847.995, 928398.752, 871366.958, 812754.697, 752566.157, 690809.330, 627498.703, 562659.210, 496331.564, 428578.813, 359493.496, 289204.314, 217880.789, 145734.328, 73014.480,    0.000,
   0.000, 80381.198, 160438.036, 239863.629, 318383.251, 395764.164, 471819.742, 546408.302, 619427.966, 690809.330, 760507.572, 828495.245, 894756.400, 959282.239, 1022068.153, 1083111.846, 1142412.231, 1199968.820, 1255781.400, 1309849.888, 1362174.248, 1412754.470, 1461590.548, 1508682.481, 1554030.269, 1597633.911, 1639493.407, 1679608.758, 1717979.963, 1754607.022, 1789489.936, 1822628.704, 1854023.326, 1883673.802, 1911580.133, 1937742.318, 1962160.358, 1984834.252, 2005764.000, 2024949.602, 2042391.059, 2058088.370, 2072041.536, 2084250.556, 2094715.430, 2103436.158, 2110412.741, 2115645.178, 2119133.469, 2120877.615, 2120877.615, 2119133.469, 2115645.178, 2110412.741, 2103436.158, 2094715.430, 2084250.556, 2072041.536, 2058088.370, 2042391.059, 2024949.602, 2005764.000, 1984834.252, 1962160.358, 1937742.318, 1911580.133, 1883673.802, 1854023.326, 1822628.704, 1789489.936, 1754607.022, 1717979.963, 1679608.758, 1639493.407, 1597633.911, 1554030.269, 1508682.481, 1461590.548, 1412754.470, 1362174.248, 1309849.888, 1255781.400, 1199968.820, 1142412.231, 1083111.846, 1022068.153, 959282.239, 894756.400, 828495.245, 760507.572, 690809.330, 619427.966, 546408.302, 471819.742, 395764.164, 318383.251, 239863.629, 160438.036, 80381.198,    0.000,
   0.000, 87567.121, 174780.881, 261306.960, 346846.070, 431144.665, 513999.437, 595256.036, 674803.479, 752566.157, 828495.245, 902560.841, 974745.572, 1045039.854, 1113438.665, 1179939.505, 1244541.191, 1307243.188, 1368045.268, 1426947.337, 1483949.359, 1539051.321, 1592253.217, 1643555.046, 1692956.808, 1740458.502, 1786060.128, 1829761.686, 1871563.177, 1911464.600, 1949465.955, 1985567.242, 2019768.462, 2052069.614, 2082470.698, 2110971.715, 2137572.663, 2162273.544, 2185074.357, 2205975.102, 2224975.780, 2242076.390, 2257276.932, 2270577.406, 2281977.813, 2291478.152, 2299078.423, 2304778.626, 2308578.761, 2310478.829, 2310478.829, 2308578.761, 2304778.626, 2299078.423, 2291478.152, 2281977.813, 2270577.406, 2257276.932, 2242076.390, 2224975.780, 2205975.102, 2185074.357, 2162273.544, 2137572.663, 2110971.715, 2082470.698, 2052069.614, 2019768.462, 1985567.242, 1949465.955, 1911464.600, 1871563.177, 1829761.686, 1786060.128, 1740458.502, 1692956.808, 1643555.046, 1592253.217, 1539051.321, 1483949.359, 1426947.337, 1368045.268, 1307243.188, 1244541.191, 1179939.505, 1113438.665, 1045039.854, 974745.572, 902560.841, 828495.245, 752566.157, 674803.479, 595256.036, 513999.437, 431144.665, 346846.070, 261306.960, 174780.881, 87567.121,    0.000,
   0.000, 94570.561, 188759.498, 282205.750, 374586.091, 465626.696, 555107.999, 642863.305, 728772.756, 812754.697, 894756.400, 974745.572, 1052703.451, 1128619.687, 1202488.858, 1274308.262, 1344076.622, 1411793.362, 1477458.234, 1541071.137, 1602632.033, 1662140.906, 1719597.751, 1775002.567, 1828355.353, 1879656.108, 1928904.834, 1976101.529, 2021246.194, 2064338.829, 2105379.434, 2144368.008, 2181304.552, 2216189.066, 2249021.550, 2279802.003, 2308530.426, 2335206.819, 2359831.182, 2382403.515, 2402923.817, 2421392.089, 2437808.331, 2452172.543, 2464484.724, 2474744.875, 2482952.996, 2489109.087, 2493213.147, 2495265.177, 2495265.177, 2493213.147, 2489109.087, 2482952.996, 2474744.875, 2464484.724, 2452172.543, 2437808.331, 2421392.089, 2402923.817, 2382403.515, 2359831.182, 2335206.819, 2308530.426, 2279802.003, 2249021.550, 2216189.066, 2181304.552, 2144368.008, 2105379.434, 2064338.829, 2021246.194, 1976101.529, 1928904.834, 1879656.108, 1828355.353, 1775002.567, 1719597.751, 1662140.906, 1602632.033, 1541071.137, 1477458.234, 1411793.362, 1344076.622, 1274308.262, 1202488.858, 1128619.687, 1052703.451, 974745.572, 894756.400, 812754.697, 728772.756, 642863.305, 555107.999, 465626.696, 374586.091, 282205.750, 188759.498, 94570.561,    0.000,
   0.000, 101390.589, 202372.030, 302557.223, 401599.629, 499205.679, 595139.969, 689223.787, 781328.630, 871366.958, 959282.239, 1045039.854, 1128619.687, 1210010.643, 1289206.909, 1366205.589, 1441005.313, 1513605.463, 1584005.775, 1652206.139, 1718206.515, 1782006.886, 1843607.247, 1903007.596, 1960207.932, 2015208.255, 2068008.566, 2118608.863, 2167009.148, 2213209.419, 2257209.678, 2299009.924, 2338610.157, 2376010.376, 2411210.583, 2444210.777, 2475010.958, 2503611.127, 2530011.282, 2554211.424, 2576211.553, 2596011.670, 2613611.773, 2629011.864, 2642211.941, 2653212.006, 2662012.058, 2668612.097, 2673012.122, 2675212.135, 2675212.135, 2673012.122, 2668612.097, 2662012.058, 2653212.006, 2642211.941, 2629011.864, 2613611.773, 2596011.670, 2576211.553, 2554211.424, 2530011.282, 2503611.127, 2475010.958, 2444210.777, 2411210.583, 2376010.376, 2338610.157, 2299009.924, 2257209.678, 2213209.419, 2167009.148, 2118608.863, 2068008.566, 2015208.255, 1960207.932, 1903007.596, 1843607.247, 1782006.886, 1718206.515, 1652206.139, 1584005.775, 1513605.463, 1441005.313, 1366205.589, 1289206.909, 1210010.643, 1128619.687, 1045039.854, 959282.239, 871366.958, 781328.630, 689223.787, 595139.969, 499205.679, 401599.629, 302557.223, 202372.030, 101390.589,    0.000,
   0.000, 108026.716, 215617.504, 322359.923, 427884.755, 531879.212, 634092.487, 734334.169, 832467.348, 928398.752, 1022068.153, 1113438.665, 1202488.858, 1289206.909, 1373586.625, 1455624.922, 1535320.340, 1612672.220, 1687680.281, 1760344.407, 1830664.553, 1898640.703, 1964272.850, 2027560.993, 2088505.131, 2147105.263, 2203361.391, 2257273.513, 2308841.629, 2358065.741, 2404945.847, 2449481.948, 2491674.043, 2531522.133, 2569026.218, 2604186.298, 2637002.372, 2667474.441, 2695602.505, 2721386.563, 2744826.616, 2765922.664, 2784674.706, 2801082.743, 2815146.775, 2826866.802, 2836242.823, 2843274.839, 2847962.850, 2850306.855, 2850306.855, 2847962.850, 2843274.839, 2836242.823, 2826866.802, 2815146.775, 2801082.743, 2784674.706, 2765922.664, 2744826.616, 2721386.563, 2695602.505, 2667474.441, 2637002.372, 2604186.298, 2569026.218, 2531522.133, 2491674.043, 2449481.948, 2404945.847, 2358065.741, 2308841.629, 2257273.513, 2203361.391, 2147105.263, 2088505.131, 2027560.993, 1964272.850, 1898640.703, 1830664.553, 1760344.407, 1687680.281, 1612672.220, 1535320.340, 1455624.922, 1373586.625, 1289206.909, 1202488.858, 1113438.665, 1022068.153, 928398.752, 832467.348, 734334.169, 634092.487, 531879.212, 427884.755, 322359.923, 215617.504, 108026.716,    0.000,
   0.000, 114478.700, 228495.434, 341613.127, 453440.505, 563646.102, 671964.128, 778192.802, 882187.038, 983847.995, 1083111.846, 1179939.505, 1274308.262, 1366205.589, 1455624.922, 1542562.994, 1627018.257, 1708990.014, 1788477.965, 1865481.989, 1940002.037, 2012038.093, 2081590.150, 2148658.206, 2213242.260, 2275342.313, 2334958.363, 2392090.411, 2446738.456, 2498902.500, 2548582.542, 2595778.582, 2640490.619, 2682718.655, 2722462.688, 2759722.719, 2794498.749, 2826790.776, 2856598.801, 2883922.824, 2908762.845, 2931118.863, 2950990.880, 2968378.895, 2983282.907, 2995702.918, 3005638.926, 3013090.932, 3018058.936, 3020542.938, 3020542.938, 3018058.936, 3013090.932, 3005638.926, 2995702.918, 2983282.907, 2968378.895, 2950990.880, 2931118.863, 2908762.845, 2883922.824, 2856598.801, 2826790.776, 2794498.749, 2759722.719, 2722462.688, 2682718.655, 2640490.619, 2595778.582, 2548582.542, 2498902.500, 2446738.456, 2392090.411, 2334958.363, 2275342.313, 2213242.260, 2148658.206, 2081590.150, 2012038.093, 1940002.037, 1865481.989, 1788477.965, 1708990.014, 1627018.257, 1542562.994, 1455624.922, 1366205.589, 1274308.262, 1179939.505, 1083111.846, 983847.995, 882187.038, 778192.802, 671964.128, 563646.102, 453440.505, 341613.127, 228495.434, 114478.700,    0.000,
   0.000, 120746.427, 241005.593, 360316.491, 478266.426, 594505.782, 708754.218, 820798.905, 930486.816, 1037713.698, 1142412.231, 1244541.191, 1344076.622, 1441005.313, 1535320.340, 1627018.257, 1716097.431, 1802557.128, 1886397.031, 1967617.013, 2046217.022, 2122197.040, 2195557.060, 2266297.081, 2334417.101, 2399917.121, 2462797.140, 2523057.158, 2580697.175, 2635717.192, 2688117.207, 2737897.222, 2785057.237, 2829597.250, 2871517.263, 2910817.274, 2947497.285, 2981557.296, 3012997.305, 3041817.314, 3068017.321, 3091597.329, 3112557.335, 3130897.340, 3146617.345, 3159717.349, 3170197.352, 3178057.355, 3183297.356, 3185917.357, 3185917.357, 3183297.356, 3178057.355, 3170197.352, 3159717.349, 3146617.345, 3130897.340, 3112557.335, 3091597.329, 3068017.321, 3041817.314, 3012997.305, 2981557.296, 2947497.285, 2910817.274, 2871517.263, 2829597.250, 2785057.237, 2737897.222, 2688117.207, 2635717.192, 2580697.175, 2523057.158, 2462797.140, 2399917.121, 2334417.101, 2266297.081, 2195557.060, 2122197.040, 2046217.022, 1967617.013, 1886397.031, 1802557.128, 1716097.431, 1627018.257, 1535320.340, 1441005.313, 1344076.622, 1244541.191, 1142412.231, 1037713.698, 930486.816, 820798.905, 708754.218, 594505.782, 478266.426, 360316.491, 241005.593, 120746.427,    0.000,
   0.000, 126829.843, 253147.875, 378469.861, 502362.311, 624457.996, 744462.452, 862152.126, 977366.282, 1089995.417, 1199968.820, 1307243.188, 1411793.362, 1513605.463, 1612672.220, 1708990.014, 1802557.128, 1893372.791, 1981436.673, 2066748.636, 2149308.629, 2229116.633, 2306172.639, 2380476.646, 2452028.653, 2520828.661, 2586876.667, 2650172.674, 2710716.680, 2768508.686, 2823548.692, 2875836.697, 2925372.702, 2972156.707, 3016188.712, 3057468.716, 3095996.720, 3131772.724, 3164796.727, 3195068.730, 3222588.733, 3247356.736, 3269372.738, 3288636.740, 3305148.742, 3318908.743, 3329916.744, 3338172.745, 3343676.745, 3346428.746, 3346428.746, 3343676.745, 3338172.745, 3329916.744, 3318908.743, 3305148.742, 3288636.740, 3269372.738, 3247356.736, 3222588.733, 3195068.730, 3164796.727, 3131772.724, 3095996.720, 3057468.716, 3016188.712, 2972156.707, 2925372.702, 2875836.697, 2823548.692, 2768508.686, 2710716.680, 2650172.674, 2586876.667, 2520828.661, 2452028.653, 2380476.646, 2306172.639, 2229116.633, 2149308.629, 2066748.636, 1981436.673, 1893372.791, 1802557.128, 1708990.014, 1612672.220, 1513605.463, 1411793.362, 1307243.188, 1199968.820, 1089995.417, 977366.282, 862152.126, 744462.452, 624457.996, 502362.311, 378469.861, 253147.875, 126829.843,    0.000,
   0.000, 132728.928, 264922.237, 396073.170, 525728.074, 653502.637, 779088.699, 902252.313, 1022825.266, 1140692.961, 1255781.400, 1368045.268, 1477458.234, 1584005.775, 1687680.281, 1788477.965, 1886397.031, 1981436.673, 2073596.542, 2162876.498, 2249276.484, 2332796.482, 2413436.483, 2491196.485, 2566076.488, 2638076.490, 2707196.493, 2773436.495, 2836796.497, 2897276.499, 2954876.501, 3009596.503, 3061436.505, 3110396.506, 3156476.508, 3199676.509, 3239996.511, 3277436.512, 3311996.513, 3343676.514, 3372476.515, 3398396.516, 3421436.517, 3441596.518, 3458876.518, 3473276.519, 3484796.519, 3493436.519, 3499196.520, 3502076.520, 3502076.520, 3499196.520, 3493436.519, 3484796.519, 3473276.519, 3458876.518, 3441596.518, 3421436.517, 3398396.516, 3372476.515, 3343676.514, 3311996.513, 3277436.512, 3239996.511, 3199676.509, 3156476.508, 3110396.506, 3061436.505, 3009596.503, 2954876.501, 2897276.499, 2836796.497, 2773436.495, 2707196.493, 2638076.490, 2566076.488, 2491196.485, 2413436.483, 2332796.482, 2249276.484, 2162876.498, 2073596.542, 1981436.673, 1886397.031, 1788477.965, 1687680.281, 1584005.775, 1477458.234, 1368045.268, 1255781.400, 1140692.961, 1022825.266, 902252.313, 779088.699, 653502.637, 525728.074, 396073.170, 264922.237, 132728.928,    0.000,
   0.000, 138443.671, 276328.661, 413126.391, 548363.677, 681639.658, 812632.908, 941099.406, 1066863.697, 1189806.252, 1309849.888, 1426947.337, 1541071.137, 1652206.139, 1760344.407, 1865481.989, 1967617.013, 2066748.636, 2162876.498, 2256000.449, 2346120.433, 2433236.429, 2517348.428, 2598456.429, 2676560.429, 2751660.430, 2823756.431, 2892848.432, 2958936.432, 3022020.433, 3082100.434, 3139176.434, 3193248.435, 3244316.435, 3292380.436, 3337440.436, 3379496.437, 3418548.437, 3454596.438, 3487640.438, 3517680.438, 3544716.439, 3568748.439, 3589776.439, 3607800.439, 3622820.439, 3634836.440, 3643848.440, 3649856.440, 3652860.440, 3652860.440, 3649856.440, 3643848.440, 3634836.440, 3622820.439, 3607800.439, 3589776.439, 3568748.439, 3544716.439, 3517680.438, 3487640.438, 3454596.438, 3418548.437, 3379496.437, 3337440.436, 3292380.436, 3244316.435, 3193248.435, 3139176.434, 3082100.434, 3022020.433, 2958936.432, 2892848.432, 2823756.431, 2751660.430, 2676560.429, 2598456.429, 2517348.428, 2433236.429, 2346120.433, 2256000.449, 2162876.498, 2066748.636, 1967617.013, 1865481.989, 1760344.407, 1652206.139, 1541071.137, 1426947.337, 1309849.888, 1189806.252, 1066863.697, 941099.406, 812632.908, 681639.658, 548363.677, 413126.391, 276328.661, 138443.671,    0.000,
   0.000, 143974.070, 287367.140, 429629.515, 570269.107, 708869.043, 845095.056, 978693.379, 1109481.548, 1237335.260, 1362174.248, 1483949.359, 1602632.033, 1718206.515, 1830664.553, 1940002.037, 2046217.022, 2149308.629, 2249276.484, 2346120.433, 2439840.416, 2530436.411, 2617908.409, 2702256.409, 2783480.409, 2861580.410, 2936556.410, 3008408.410, 3077136.410, 3142740.410, 3205220.411, 3264576.411, 3320808.411, 3373916.411, 3423900.411, 3470760.412, 3514496.412, 3555108.412, 3592596.412, 3626960.412, 3658200.412, 3686316.412, 3711308.412, 3733176.412, 3751920.413, 3767540.413, 3780036.413, 3789408.413, 3795656.413, 3798780.413, 3798780.413, 3795656.413, 3789408.413, 3780036.413, 3767540.413, 3751920.413, 3733176.412, 3711308.412, 3686316.412, 3658200.412, 3626960.412, 3592596.412, 3555108.412, 3514496.412, 3470760.412, 3423900.411, 3373916.411, 3320808.411, 3264576.411, 3205220.411, 3142740.410, 3077136.410, 3008408.410, 2936556.410, 2861580.410, 2783480.409, 2702256.409, 2617908.409, 2530436.411, 2439840.416, 2346120.433, 2249276.484, 2149308.629, 2046217.022, 1940002.037, 1830664.553, 1718206.515, 1602632.033, 1483949.359, 1362174.248, 1237335.260, 1109481.548, 978693.379, 845095.056, 708869.043, 570269.107, 429629.515, 287367.140, 143974.070,    0.000,
   0.000, 149320.123, 298037.671, 445582.536, 591444.358, 735190.785, 876475.137, 1015034.224, 1150678.809, 1283279.973, 1412754.470, 1539051.321, 1662140.906, 1782006.886, 1898640.703, 2012038.093, 2122197.040, 2229116.633, 2332796.482, 2433236.429, 2530436.411, 2624396.405, 2715116.403, 2802596.403, 2886836.403, 2967836.403, 3045596.403, 3120116.403, 3191396.403, 3259436.403, 3324236.403, 3385796.403, 3444116.403, 3499196.403, 3551036.403, 3599636.404, 3644996.404, 3687116.404, 3725996.404, 3761636.404, 3794036.404, 3823196.404, 3849116.404, 3871796.404, 3891236.404, 3907436.404, 3920396.404, 3930116.404, 3936596.404, 3939836.404, 3939836.404, 3936596.404, 3930116.404, 3920396.404, 3907436.404, 3891236.404, 3871796.404, 3849116.404, 3823196.404, 3794036.404, 3761636.404, 3725996.404, 3687116.404, 3644996.404, 3599636.404, 3551036.403, 3499196.403, 3444116.403, 3385796.403, 3324236.403, 3259436.403, 3191396.403, 3120116.403, 3045596.403, 2967836.403, 2886836.403, 2802596.403, 2715116.403, 2624396.405, 2530436.411, 2433236.429, 2332796.482, 2229116.633, 2122197.040, 2012038.093, 1898640.703, 1782006.886, 1662140.906, 1539051.321, 1412754.470, 1283279.973, 1150678.809, 1015034.224, 876475.137, 735190.785, 591444.358, 445582.536, 298037.671, 149320.123,    0.000,
   0.000, 154481.830, 308340.253, 460985.454, 611889.429, 760604.882, 906773.147, 1050121.939, 1190455.476, 1327640.388, 1461590.548, 1592253.217, 1719597.751, 1843607.247, 1964272.850, 2081590.150, 2195557.060, 2306172.639, 2413436.483, 2517348.428, 2617908.409, 2715116.403, 2808972.402, 2899476.401, 2986628.401, 3070428.401, 3150876.401, 3227972.401, 3301716.401, 3372108.401, 3439148.401, 3502836.401, 3563172.401, 3620156.401, 3673788.401, 3724068.401, 3770996.401, 3814572.401, 3854796.401, 3891668.401, 3925188.401, 3955356.401, 3982172.401, 4005636.401, 4025748.401, 4042508.401, 4055916.401, 4065972.401, 4072676.401, 4076028.401, 4076028.401, 4072676.401, 4065972.401, 4055916.401, 4042508.401, 4025748.401, 4005636.401, 3982172.401, 3955356.401, 3925188.401, 3891668.401, 3854796.401, 3814572.401, 3770996.401, 3724068.401, 3673788.401, 3620156.401, 3563172.401, 3502836.401, 3439148.401, 3372108.401, 3301716.401, 3227972.401, 3150876.401, 3070428.401, 2986628.401, 2899476.401, 2808972.402, 2715116.403, 2617908.409, 2517348.428, 2413436.483, 2306172.639, 2195557.060, 2081590.150, 1964272.850, 1843607.247, 1719597.751, 1592253.217, 1461590.548, 1327640.388, 1190455.476, 1050121.939, 906773.147, 760604.882, 611889.429, 460985.454, 308340.253, 154481.830,    0.000,
   0.000, 159459.189, 318274.885, 475838.268, 631604.320, 785111.333, 935989.086, 1083956.521, 1228811.549, 1370416.502, 1508682.481, 1643555.046, 1775002.567, 1903007.596, 2027560.993, 2148658.206, 2266297.081, 2380476.646, 2491196.485, 2598456.429, 2702256.409, 2802596.403, 2899476.401, 2992896.400, 3082856.400, 3169356.400, 3252396.400, 3331976.400, 3408096.400, 3480756.400, 3549956.400, 3615696.400, 3677976.400, 3736796.400, 3792156.400, 3844056.400, 3892496.400, 3937476.400, 3978996.400, 4017056.400, 4051656.400, 4082796.400, 4110476.400, 4134696.400, 4155456.400, 4172756.400, 4186596.400, 4196976.400, 4203896.400, 4207356.400, 4207356.400, 4203896.400, 4196976.400, 4186596.400, 4172756.400, 4155456.400, 4134696.400, 4110476.400, 4082796.400, 4051656.400, 4017056.400, 3978996.400, 3937476.400, 3892496.400, 3844056.400, 3792156.400, 3736796.400, 3677976.400, 3615696.400, 3549956.400, 3480756.400, 3408096.400, 3331976.400, 3252396.400, 3169356.400, 3082856.400, 2992896.400, 2899476.401, 2802596.403, 2702256.409, 2598456.429, 2491196.485, 2380476.646, 2266297.081, 2148658.206, 2027560.993, 1903007.596, 1775002.567, 1643555.046, 1508682.481, 1370416.502, 1228811.549, 1083956.521, 935989.086, 785111.333, 631604.320, 475838.268, 318274.885, 159459.189,    0.000,
   0.000, 164252.203, 327841.569, 490140.977, 650589.029, 808710.137, 964122.954, 1116537.970, 1265747.027, 1411608.317, 1554030.269, 1692956.808, 1828355.353, 1960207.932, 2088505.131, 2213242.260, 2334417.101, 2452028.653, 2566076.488, 2676560.429, 2783480.409, 2886836.403, 2986628.401, 3082856.400, 3175520.400, 3264620.400, 3350156.400, 3432128.400, 3510536.400, 3585380.400, 3656660.400, 3724376.400, 3788528.400, 3849116.400, 3906140.400, 3959600.400, 4009496.400, 4055828.400, 4098596.400, 4137800.400, 4173440.400, 4205516.400, 4234028.400, 4258976.400, 4280360.400, 4298180.400, 4312436.400, 4323128.400, 4330256.400, 4333820.400, 4333820.400, 4330256.400, 4323128.400, 4312436.400, 4298180.400, 4280360.400, 4258976.400, 4234028.400, 4205516.400, 4173440.400, 4137800.400, 4098596.400, 4055828.400, 4009496.400, 3959600.400, 3906140.400, 3849116.400, 3788528.400, 3724376.400, 3656660.400, 3585380.400, 3510536.400, 3432128.400, 3350156.400, 3264620.400, 3175520.400, 3082856.400, 2986628.401, 2886836.403, 2783480.409, 2676560.429, 2566076.488, 2452028.653, 2334417.101, 2213242.260, 2088505.131, 1960207.932, 1828355.353, 1692956.808, 1554030.269, 1411608.317, 1265747.027, 1116537.970, 964122.954, 808710.137, 650589.029, 490140.977, 327841.569, 164252.203,    0.000,
   0.000, 168860.869, 337040.303, 503893.583, 668843.558, 831401.295, 991174.749, 1147866.287, 1301261.910, 1451215.831, 1597633.911, 1740458.502, 1879656.108, 2015208.255, 2147105.263, 2275342.313, 2399917.121, 2520828.661, 2638076.490, 2751660.430, 2861580.410, 2967836.403, 3070428.401, 3169356.400, 3264620.400, 3356220.400, 3444156.400, 3528428.400, 3609036.400, 3685980.400, 3759260.400, 3828876.400, 3894828.400, 3957116.400, 4015740.400, 4070700.400, 4121996.400, 4169628.400, 4213596.400, 4253900.400, 4290540.400, 4323516.400, 4352828.400, 4378476.400, 4400460.400, 4418780.400, 4433436.400, 4444428.400, 4451756.400, 4455420.400, 4455420.400, 4451756.400, 4444428.400, 4433436.400, 4418780.400, 4400460.400, 4378476.400, 4352828.400, 4323516.400, 4290540.400, 4253900.400, 4213596.400, 4169628.400, 4121996.400, 4070700.400, 4015740.400, 3957116.400, 3894828.400, 3828876.400, 3759260.400, 3685980.400, 3609036.400, 3528428.400, 3444156.400, 3356220.400, 3264620.400, 3169356.400, 3070428.401, 2967836.403, 2861580.410, 2751660.430, 2638076.490, 2520828.661, 2399917.121, 2275342.313, 2147105.263, 2015208.255, 1879656.108, 1740458.502, 1597633.911, 1451215.831, 1301261.910, 1147866.287, 991174.749, 831401.295, 668843.558, 503893.583, 337040.303, 168860.869,    0.000,
   0.000, 173285.189, 345871.087, 517096.084, 686367.905, 853184.807, 1017144.473, 1177941.471, 1335356.197, 1489239.044, 1639493.407, 1786060.128, 1928904.834, 2068008.566, 2203361.391, 2334958.363, 2462797.140, 2586876.667, 2707196.493, 2823756.431, 2936556.410, 3045596.403, 3150876.401, 3252396.400, 3350156.400, 3444156.400, 3534396.400, 3620876.400, 3703596.400, 3782556.400, 3857756.400, 3929196.400, 3996876.400, 4060796.400, 4120956.400, 4177356.400, 4229996.400, 4278876.400, 4323996.400, 4365356.400, 4402956.400, 4436796.400, 4466876.400, 4493196.400, 4515756.400, 4534556.400, 4549596.400, 4560876.400, 4568396.400, 4572156.400, 4572156.400, 4568396.400, 4560876.400, 4549596.400, 4534556.400, 4515756.400, 4493196.400, 4466876.400, 4436796.400, 4402956.400, 4365356.400, 4323996.400, 4278876.400, 4229996.400, 4177356.400, 4120956.400, 4060796.400, 3996876.400, 3929196.400, 3857756.400, 3782556.400, 3703596.400, 3620876.400, 3534396.400, 3444156.400, 3350156.400, 3252396.400, 3150876.401, 3045596.403, 2936556.410, 2823756.431, 2707196.493, 2586876.667, 2462797.140, 2334958.363, 2203361.391, 2068008.566, 1928904.834, 1786060.128, 1639493.407, 1489239.044, 1335356.197, 1177941.471, 1017144.473, 853184.807, 686367.905, 517096.084, 345871.087, 173285.189,    0.000,
   0.000, 177525.162, 354333.922, 529748.481, 703162.071, 874060.673, 1042032.124, 1206763.523, 1368029.889, 1525677.957, 1679608.758, 1829761.686, 1976101.529, 2118608.863, 2257273.513, 2392090.411, 2523057.158, 2650172.674, 2773436.495, 2892848.432, 3008408.410, 3120116.403, 3227972.401, 3331976.400, 3432128.400, 3528428.400, 3620876.400, 3709472.400, 3794216.400, 3875108.400, 3952148.400, 4025336.400, 4094672.400, 4160156.400, 4221788.400, 4279568.400, 4333496.400, 4383572.400, 4429796.400, 4472168.400, 4510688.400, 4545356.400, 4576172.400, 4603136.400, 4626248.400, 4645508.400, 4660916.400, 4672472.400, 4680176.400, 4684028.400, 4684028.400, 4680176.400, 4672472.400, 4660916.400, 4645508.400, 4626248.400, 4603136.400, 4576172.400, 4545356.400, 4510688.400, 4472168.400, 4429796.400, 4383572.400, 4333496.400, 4279568.400, 4221788.400, 4160156.400, 4094672.400, 4025336.400, 3952148.400, 3875108.400, 3794216.400, 3709472.400, 3620876.400, 3528428.400, 3432128.400, 3331976.400, 3227972.401, 3120116.403, 3008408.410, 2892848.432, 2773436.495, 2650172.674, 2523057.158, 2392090.411, 2257273.513, 2118608.863, 1976101.529, 1829761.686, 1679608.758, 1525677.957, 1368029.889, 1206763.523, 1042032.124, 874060.673, 703162.071, 529748.481, 354333.922, 177525.162,    0.000,
   0.000, 181580.789, 362428.808, 541850.773, 719226.056, 894028.892, 1065837.704, 1234332.442, 1399282.985, 1560532.569, 1717979.963, 1871563.177, 2021246.194, 2167009.148, 2308841.629, 2446738.456, 2580697.175, 2710716.680, 2836796.497, 2958936.432, 3077136.410, 3191396.403, 3301716.401, 3408096.400, 3510536.400, 3609036.400, 3703596.400, 3794216.400, 3880896.400, 3963636.400, 4042436.400, 4117296.400, 4188216.400, 4255196.400, 4318236.400, 4377336.400, 4432496.400, 4483716.400, 4530996.400, 4574336.400, 4613736.400, 4649196.400, 4680716.400, 4708296.400, 4731936.400, 4751636.400, 4767396.400, 4779216.400, 4787096.400, 4791036.400, 4791036.400, 4787096.400, 4779216.400, 4767396.400, 4751636.400, 4731936.400, 4708296.400, 4680716.400, 4649196.400, 4613736.400, 4574336.400, 4530996.400, 4483716.400, 4432496.400, 4377336.400, 4318236.400, 4255196.400, 4188216.400, 4117296.400, 4042436.400, 3963636.400, 3880896.400, 3794216.400, 3703596.400, 3609036.400, 3510536.400, 3408096.400, 3301716.401, 3191396.403, 3077136.410, 2958936.432, 2836796.497, 2710716.680, 2580697.175, 2446738.456, 2308841.629, 2167009.148, 2021246.194, 1871563.177, 1717979.963, 1560532.569, 1399282.985, 1234332.442, 1065837.704, 894028.892, 719226.056, 541850.773, 362428.808, 181580.789,    0.000,
   0.000, 185452.069, 370155.745, 553402.962, 734559.860, 913089.465, 1088561.213, 1260648.228, 1429115.487, 1593802.881, 1754607.022, 1911464.600, 2064338.829, 2213209.419, 2358065.741, 2498902.500, 2635717.192, 2768508.686, 2897276.499, 3022020.433, 3142740.410, 3259436.403, 3372108.401, 3480756.400, 3585380.400, 3685980.400, 3782556.400, 3875108.400, 3963636.400, 4048140.400, 4128620.400, 4205076.400, 4277508.400, 4345916.400, 4410300.400, 4470660.400, 4526996.400, 4579308.400, 4627596.400, 4671860.400, 4712100.400, 4748316.400, 4780508.400, 4808676.400, 4832820.400, 4852940.400, 4869036.400, 4881108.400, 4889156.400, 4893180.400, 4893180.400, 4889156.400, 4881108.400, 4869036.400, 4852940.400, 4832820.400, 4808676.400, 4780508.400, 4748316.400, 4712100.400, 4671860.400, 4627596.400, 4579308.400, 4526996.400, 4470660.400, 4410300.400, 4345916.400, 4277508.400, 4205076.400, 4128620.400, 4048140.400, 3963636.400, 3875108.400, 3782556.400, 3685980.400, 3585380.400, 3480756.400, 3372108.401, 3259436.403, 3142740.410, 3022020.433, 2897276.499, 2768508.686, 2635717.192, 2498902.500, 2358065.741, 2213209.419, 2064338.829, 1911464.600, 1754607.022, 1593802.881, 1429115.487, 1260648.228, 1088561.213, 913089.465, 734559.860, 553402.962, 370155.745, 185452.069,    0.000,
   0.000, 189139.002, 377514.732, 564405.046, 749163.482, 931242.392, 1110202.649, 1285710.882, 1457527.393, 1625488.892, 1789489.936, 1949465.955, 2105379.434, 2257209.678, 2404945.847, 2548582.542, 2688117.207, 2823548.692, 2954876.501, 3082100.434, 3205220.411, 3324236.403, 3439148.401, 3549956.400, 3656660.400, 3759260.400, 3857756.400, 3952148.400, 4042436.400, 4128620.400, 4210700.400, 4288676.400, 4362548.400, 4432316.400, 4497980.400, 4559540.400, 4616996.400, 4670348.400, 4719596.400, 4764740.400, 4805780.400, 4842716.400, 4875548.400, 4904276.400, 4928900.400, 4949420.400, 4965836.400, 4978148.400, 4986356.400, 4990460.400, 4990460.400, 4986356.400, 4978148.400, 4965836.400, 4949420.400, 4928900.400, 4904276.400, 4875548.400, 4842716.400, 4805780.400, 4764740.400, 4719596.400, 4670348.400, 4616996.400, 4559540.400, 4497980.400, 4432316.400, 4362548.400, 4288676.400, 4210700.400, 4128620.400, 4042436.400, 3952148.400, 3857756.400, 3759260.400, 3656660.400, 3549956.400, 3439148.401, 3324236.403, 3205220.411, 3082100.434, 2954876.501, 2823548.692, 2688117.207, 2548582.542, 2404945.847, 2257209.678, 2105379.434, 1949465.955, 1789489.936, 1625488.892, 1457527.393, 1285710.882, 1110202.649, 931242.392, 749163.482, 564405.046, 377514.732, 189139.002,    0.000,
