   0.000,    0.000,    0.000,    0.000,    0.000,    0.000,    0.000,    0.000,    0.000,    0.000,    0.000,    0.000,    0.000,    0.000,    0.000,    0.000,    0.000,    0.000,    0.000,    0.000,    0.000,    0.000,    0.000,    0.000,    0.000,    0.000,    0.000,    0.000,    0.000,    0.000,    0.000,    0.000,    0.000,    0.000,    0.000,    0.000,    0.000,    0.000,    0.000,    0.000,    0.000,    0.000,    0.000,    0.000,    0.000,    0.000,    0.000,    0.000,    0.000,    0.000,    0.000,    0.000,    0.000,    0.000,    0.000,    0.000,    0.000,    0.000,    0.000,    0.000,    0.000,    0.000,    0.000,    0.000,    0.000,    0.000,    0.000,    0.000,    0.000,    0.000,    0.000,    0.000,    0.000,    0.000,    0.000,    0.000,    0.000,    0.000,    0.000,    0.000,    0.000,    0.000,    0.000,    0.000,    0.000,    0.000,    0.000,    0.000,    0.000,    0.000,    0.000,    0.000,    0.000,    0.000,    0.000,    0.000,    0.000,    0.000,    0.000,    0.000,
   0.000, 8435.471, 16838.340, 25177.607, 33425.240, 41557.132, 49553.563, 57399.185, 65082.634, 72595.895, 79933.588, 87092.274, 94069.857, 100865.117, 107477.380, 113906.289, 120151.663, 126213.417, 132091.509, 137785.923, 143296.650, 148623.689, 153767.037, 158726.694, 163502.660, 168094.935, 172503.519, 176728.412, 180769.615, 184627.126, 188300.946, 191791.075, 195097.513, 198220.260, 201159.317, 203914.682, 206486.356, 208874.339, 211078.631, 213099.232, 214936.142, 216589.361, 218058.889, 219344.726, 220446.872, 221365.327, 222100.091, 222651.164, 223018.547, 223202.238, 223202.238, 223018.547, 222651.164, 222100.091, 221365.327, 220446.872, 219344.726, 218058.889, 216589.361, 214936.142, 213099.232, 211078.631, 208874.339, 206486.356, 203914.682, 201159.317, 198220.260, 195097.513, 191791.075, 188300.946, 184627.126, 180769.615, 176728.412, 172503.519, 168094.935, 163502.660, 158726.694, 153767.037, 148623.689, 143296.650, 137785.923, 132091.509, 126213.417, 120151.663, 113906.289, 107477.380, 100865.117, 94069.857, 87092.274, 79933.588, 72595.895, 65082.634, 57399.185, 49553.563, 41557.132, 33425.240, 25177.607, 16838.340, 8435.471,    0.000,
   0.000, 16838.340, 33611.603, 50257.907, 66721.296, 82953.649, 98915.603, 114576.523, 129913.721, 144911.201, 159558.225, 173847.926, 187776.119, 201340.372, 214539.339, 227372.306, 239838.914, 251938.989, 263672.452, 275039.268, 286039.421, 296672.906, 306939.720, 316839.863, 326373.334, 335540.133, 344340.260, 352773.715, 360840.498, 368540.609, 375874.048, 382840.816, 389440.911, 395674.334, 401541.086, 407041.165, 412174.572, 416941.308, 421341.371, 425374.763, 429041.483, 432341.530, 435274.906, 437841.610, 440041.641, 441875.001, 443341.689, 444441.705, 445175.049, 445541.721, 445541.721, 445175.049, 444441.705, 443341.689, 441875.001, 440041.641, 437841.610, 435274.906, 432341.530, 429041.483, 425374.763, 421341.371, 416941.308, 412174.572, 407041.165, 401541.086, 395674.334, 389440.911, 382840.816, 375874.048, 368540.609, 360840.498, 352773.715, 344340.260, 335540.133, 326373.334, 316839.863, 306939.720, 296672.906, 286039.421, 275039.268, 263672.452, 251938.989, 239838.914, 227372.306, 214539.339, 201340.372, 187776.119, 173847.926, 159558.225, 144911.201, 129913.721, 114576.523, 98915.603, 82953.649, 66721.296, 50257.907, 33611.603, 16838.340,    0.000,
   0.000, 25177.607, 50257.907, 75148.369, 99765.326, 124036.824, 147904.005, 171321.062, 194254.070, 216679.113, 238580.134, 259946.866, 280773.051, 301055.054, 320790.861, 339979.405, 358620.149, 376712.834, 394257.341, 411253.616, 427701.639, 443601.398, 458952.892, 473756.120, 488011.079, 501717.771, 514876.196, 527486.352, 539548.241, 551061.863, 562027.216, 572444.302, 582313.120, 591633.671, 600405.954, 608629.969, 616305.717, 623433.196, 630012.409, 636043.353, 641526.030, 646460.439, 650846.581, 654684.454, 657974.060, 660715.399, 662908.470, 664553.273, 665649.808, 666198.076, 666198.076, 665649.808, 664553.273, 662908.470, 660715.399, 657974.060, 654684.454, 650846.581, 646460.439, 641526.030, 636043.353, 630012.409, 623433.196, 616305.717, 608629.969, 600405.954, 591633.671, 582313.120, 572444.302, 562027.216, 551061.863, 539548.241, 527486.352, 514876.196, 501717.771, 488011.079, 473756.120, 458952.892, 443601.398, 427701.639, 411253.616, 394257.341, 376712.834, 358620.149, 339979.405, 320790.861, 301055.054, 280773.051, 259946.866, 238580.134, 216679.113, 194254.070, 171321.062, 147904.005, 124036.824, 99765.326, 75148.369, 50257.907, 25177.607,    0.000,
   0.000, 33425.240, 66721.296, 99765.326, 132446.254, 164668.555, 196354.091, 227442.049, 257887.394, 287658.373, 316733.672, 345099.660, 372748.030, 399673.955, 425874.762, 451349.036, 476096.063, 500115.499, 523407.186, 545971.054, 567807.073, 588915.232, 609295.525, 628947.952, 647872.511, 666069.203, 683538.027, 700278.984, 716292.073, 731577.294, 746134.647, 759964.133, 773065.751, 785439.502, 797085.384, 808003.399, 818193.547, 827655.827, 836390.239, 844396.783, 851675.460, 858226.269, 864049.210, 869144.284, 873511.490, 877150.828, 880062.299, 882245.902, 883701.637, 884429.505, 884429.505, 883701.637, 882245.902, 880062.299, 877150.828, 873511.490, 869144.284, 864049.210, 858226.269, 851675.460, 844396.783, 836390.239, 827655.827, 818193.547, 808003.399, 797085.384, 785439.502, 773065.751, 759964.133, 746134.647, 731577.294, 716292.073, 700278.984, 683538.027, 666069.203, 647872.511, 628947.952, 609295.525, 588915.232, 567807.073, 545971.054, 523407.186, 500115.499, 476096.063, 451349.036, 425874.762, 399673.955, 372748.030, 345099.660, 316733.672, 287658.373, 257887.394, 227442.049, 196354.091, 164668.555, 132446.254, 99765.326, 66721.296, 33425.240,    0.000,
   0.000, 41557.132, 82953.649, 124036.824, 164668.555, 204730.078, 244124.244, 282775.448, 320627.696, 357641.513, 393790.399, 429057.407, 463432.211, 496908.811, 529483.881, 561155.663, 591923.270, 621786.275, 650744.480, 678797.798, 705946.192, 732189.649, 757528.162, 781961.729, 805490.349, 828114.023, 849832.750, 870646.530, 890555.363, 909559.249, 927658.187, 944852.180, 961141.225, 976525.323, 991004.474, 1004578.678, 1017247.935, 1029012.246, 1039871.609, 1049826.026, 1058875.495, 1067020.018, 1074259.593, 1080594.222, 1086023.904, 1090548.638, 1094168.426, 1096883.267, 1098693.161, 1099598.108, 1099598.108, 1098693.161, 1096883.267, 1094168.426, 1090548.638, 1086023.904, 1080594.222, 1074259.593, 1067020.018, 1058875.495, 1049826.026, 1039871.609, 1029012.246, 1017247.935, 1004578.678, 991004.474, 976525.323, 961141.225, 944852.180, 927658.187, 909559.249, 890555.363, 870646.530, 849832.750, 828114.023, 805490.349, 781961.729, 757528.162, 732189.649, 705946.192, 678797.798, 650744.480, 621786.275, 591923.270, 561155.663, 529483.881, 496908.811, 463432.211, 429057.407, 393790.399, 357641.513, 320627.696, 282775.448, 244124.244, 204730.078, 164668.555, 124036.824, 82953.649, 41557.132,    0.000,
   0.000, 49553.563, 98915.603, 147904.005, 196354.091, 244124.244, 291098.623, 337187.074, 382322.830, 426458.822, 469563.451, 511616.511, 552605.688, 592523.828, 631366.967, 669133.008, 705820.893, 741430.112, 775960.431, 809411.745, 841784.012, 873077.213, 903291.342, 932426.396, 960482.374, 987459.276, 1013357.103, 1038175.853, 1061915.527, 1084576.125, 1106157.647, 1126660.093, 1146083.462, 1164427.756, 1181692.974, 1197879.115, 1212986.180, 1227014.170, 1239963.083, 1251832.920, 1262623.681, 1272335.366, 1280967.975, 1288521.507, 1294995.964, 1300391.344, 1304707.649, 1307944.877, 1310103.029, 1311182.105, 1311182.105, 1310103.029, 1307944.877, 1304707.649, 1300391.344, 1294995.964, 1288521.507, 1280967.975, 1272335.366, 1262623.681, 1251832.920, 1239963.083, 1227014.170, 1212986.180, 1197879.115, 1181692.974, 1164427.756, 1146083.462, 1126660.093, 1106157.647, 1084576.125, 1061915.527, 1038175.853, 1013357.103, 987459.276, 960482.374, 932426.396, 903291.342, 873077.213, 841784.012, 809411.745, 775960.431, 741430.112, 705820.893, 669133.008, 631366.967, 592523.828, 552605.688, 511616.511, 469563.451, 426458.822, 382322.830, 337187.074, 291098.623, 244124.244, 196354.091, 147904.005, 98915.603, 49553.563,    0.000,
   0.000, 57399.185, 114576.523, 171321.062, 227442.049, 282775.448, 337187.074, 390572.501, 442854.394, 493978.230, 543907.411, 592618.530, 640097.325, 686335.511, 731328.495, 775073.849, 817570.349, 858817.402, 898814.738, 937562.236, 975059.846, 1011307.547, 1046305.331, 1080053.197, 1112551.141, 1143799.165, 1173797.268, 1202545.450, 1230043.711, 1256292.051, 1281290.471, 1305038.969, 1327537.546, 1348786.202, 1368784.938, 1387533.752, 1405032.645, 1421281.618, 1436280.669, 1450029.800, 1462529.009, 1473778.298, 1483777.666, 1492527.112, 1500026.638, 1506276.243, 1511275.927, 1515025.690, 1517525.532, 1518775.453, 1518775.453, 1517525.532, 1515025.690, 1511275.927, 1506276.243, 1500026.638, 1492527.112, 1483777.666, 1473778.298, 1462529.009, 1450029.800, 1436280.669, 1421281.618, 1405032.645, 1387533.752, 1368784.938, 1348786.202, 1327537.546, 1305038.969, 1281290.471, 1256292.051, 1230043.711, 1202545.450, 1173797.268, 1143799.165, 1112551.141, 1080053.197, 1046305.331, 1011307.547, 975059.846, 937562.236, 898814.738, 858817.402, 817570.349, 775073.849, 731328.495, 686335.511, 640097.325, 592618.530, 543907.411, 493978.230, 442854.394, 390572.501, 337187.074, 282775.448, 227442.049, 171321.062, 114576.523, 57399.185,    0.000,
   0.000, 65082.634, 129913.721, 194254.070, 257887.394, 320627.696, 382322.830, 442854.394, 502134.699, 560101.928, 616714.582, 671946.124, 725780.384, 778207.966, 829223.665, 878824.727, 927009.764, 973778.105, 1019129.443, 1063063.641, 1105580.642, 1146680.422, 1186362.974, 1224628.293, 1261476.379, 1296907.231, 1330920.849, 1363517.232, 1394696.382, 1424458.298, 1452802.979, 1479730.427, 1505240.640, 1529333.620, 1552009.365, 1573267.876, 1593109.153, 1611533.196, 1628540.005, 1644129.580, 1658301.921, 1671057.028, 1682394.900, 1692315.539, 1700818.943, 1707905.114, 1713574.050, 1717825.752, 1720660.220, 1722077.454, 1722077.454, 1720660.220, 1717825.752, 1713574.050, 1707905.114, 1700818.943, 1692315.539, 1682394.900, 1671057.028, 1658301.921, 1644129.580, 1628540.005, 1611533.196, 1593109.153, 1573267.876, 1552009.365, 1529333.620, 1505240.640, 1479730.427, 1452802.979, 1424458.298, 1394696.382, 1363517.232, 1330920.849, 1296907.231, 1261476.379, 1224628.293, 1186362.974, 1146680.422, 1105580.642, 1063063.641, 1019129.443, 973778.105, 927009.764, 878824.727, 829223.665, 778207.966, 725780.384, 671946.124, 616714.582, 560101.928, 502134.699, 442854.394, 382322.830, 320627.696, 257887.394, 194254.070, 129913.721, 65082.634,    0.000,
   0.000, 72595.895, 144911.201, 216679.113, 287658.373, 357641.513, 426458.822, 493978.230, 560101.928, 624760.961, 687909.044, 749516.575, 809565.519, 868045.396, 924950.399, 980277.459, 1034025.026, 1086192.352, 1136779.094, 1185785.101, 1233210.308, 1279054.689, 1323318.235, 1366000.941, 1407102.808, 1446623.833, 1484564.018, 1520923.361, 1555701.864, 1588899.526, 1620516.346, 1650552.326, 1679007.464, 1705881.761, 1731175.218, 1754887.833, 1777019.608, 1797570.541, 1816540.633, 1833929.885, 1849738.295, 1863965.864, 1876612.592, 1887678.479, 1897163.526, 1905067.731, 1911391.095, 1916133.618, 1919295.300, 1920876.141, 1920876.141, 1919295.300, 1916133.618, 1911391.095, 1905067.731, 1897163.526, 1887678.479, 1876612.592, 1863965.864, 1849738.295, 1833929.885, 1816540.633, 1797570.541, 1777019.608, 1754887.833, 1731175.218, 1705881.761, 1679007.464, 1650552.326, 1620516.346, 1588899.526, 1555701.864, 1520923.361, 1484564.018, 1446623.833, 1407102.808, 1366000.941, 1323318.235, 1279054.689, 1233210.308, 1185785.101, 1136779.094, 1086192.352, 1034025.026, 980277.459, 924950.399, 868045.396, 809565.519, 749516.575, 687909.044, 624760.961, 560101.928, 493978.230, 426458.822, 357641.513, 287658.373, 216679.113, 144911.201, 72595.895,    0.000,
   0.000, 79933.588, 159558.225, 238580.134, 316733.672, 393790.399, 469563.451, 543907.411, 616714.582, 687909.044, 757439.832, 825274.355, 891392.754, 955783.492, 1018440.176, 1079359.425, 1138539.533, 1195979.679, 1251679.482, 1305638.776, 1357857.491, 1408335.598, 1457073.087, 1504069.953, 1549326.195, 1592841.813, 1634616.806, 1674651.174, 1712944.918, 1749498.037, 1784310.531, 1817382.401, 1848713.646, 1878304.266, 1906154.261, 1932263.632, 1956632.378, 1979260.499, 2000147.996, 2019294.868, 2036701.115, 2052366.737, 2066291.735, 2078476.108, 2088919.856, 2097622.980, 2104585.478, 2109807.353, 2113288.602, 2115029.227, 2115029.227, 2113288.602, 2109807.353, 2104585.478, 2097622.980, 2088919.856, 2078476.108, 2066291.735, 2052366.737, 2036701.115, 2019294.868, 2000147.996, 1979260.499, 1956632.378, 1932263.632, 1906154.261, 1878304.266, 1848713.646, 1817382.401, 1784310.531, 1749498.037, 1712944.918, 1674651.174, 1634616.806, 1592841.813, 1549326.195, 1504069.953, 1457073.087, 1408335.598, 1357857.491, 1305638.776, 1251679.482, 1195979.679, 1138539.533, 1079359.425, 1018440.176, 955783.492, 891392.754, 825274.355, 757439.832, 687909.044, 616714.582, 543907.411, 469563.451, 393790.399, 316733.672, 238580.134, 159558.225, 79933.588,    0.000,
   0.000, 87092.274, 173847.926, 259946.866, 345099.660, 429057.407, 511616.511, 592618.530, 671946.124, 749516.575, 825274.355, 899183.955, 971223.739, 1041381.135, 1109649.180, 1176024.189, 1240504.306, 1303088.633, 1363776.757, 1422568.497, 1479463.777, 1534462.564, 1587564.849, 1638770.625, 1688079.892, 1735492.649, 1781008.895, 1824628.632, 1866351.858, 1906178.574, 1944108.779, 1980142.475, 2014279.659, 2046520.334, 2076864.499, 2105312.153, 2131863.297, 2156517.930, 2179276.054, 2200137.667, 2219102.769, 2236171.362, 2251343.444, 2264619.016, 2275998.078, 2285480.629, 2293066.670, 2298756.201, 2302549.222, 2304445.732, 2304445.732, 2302549.222, 2298756.201, 2293066.670, 2285480.629, 2275998.078, 2264619.016, 2251343.444, 2236171.362, 2219102.769, 2200137.667, 2179276.054, 2156517.930, 2131863.297, 2105312.153, 2076864.499, 2046520.334, 2014279.659, 1980142.475, 1944108.779, 1906178.574, 1866351.858, 1824628.632, 1781008.895, 1735492.649, 1688079.892, 1638770.625, 1587564.849, 1534462.564, 1479463.777, 1422568.497, 1363776.757, 1303088.633, 1240504.306, 1176024.189, 1109649.180, 1041381.135, 971223.739, 899183.955, 825274.355, 749516.575, 671946.124, 592618.530, 511616.511, 429057.407, 345099.660, 259946.866, 173847.926, 87092.274,    0.000,
   0.000, 94069.857, 187776.119, 280773.051, 372748.030, 463432.211, 552605.688, 640097.325, 725780.384, 809565.519, 891392.754, 971223.739, 1049035.101, 1124813.266, 1198550.710, 1270243.456, 1339889.496, 1407487.862, 1473038.108, 1536540.039, 1597993.571, 1657398.671, 1714755.326, 1770063.531, 1823323.286, 1874534.588, 1923697.439, 1970811.837, 2015877.783, 2058895.278, 2099864.320, 2138784.910, 2175657.047, 2210480.733, 2243255.967, 2273982.748, 2302661.078, 2329290.955, 2353872.380, 2376405.354, 2396889.875, 2415325.944, 2431713.560, 2446052.725, 2458343.438, 2468585.698, 2476779.507, 2482924.863, 2487021.767, 2489070.219, 2489070.219, 2487021.767, 2482924.863, 2476779.507, 2468585.698, 2458343.438, 2446052.725, 2431713.560, 2415325.944, 2396889.875, 2376405.354, 2353872.380, 2329290.955, 2302661.078, 2273982.748, 2243255.967, 2210480.733, 2175657.047, 2138784.910, 2099864.320, 2058895.278, 2015877.783, 1970811.837, 1923697.439, 1874534.588, 1823323.286, 1770063.531, 1714755.326, 1657398.671, 1597993.571, 1536540.039, 1473038.108, 1407487.862, 1339889.496, 1270243.456, 1198550.710, 1124813.266, 1049035.101, 971223.739, 891392.754, 809565.519, 725780.384, 640097.325, 552605.688, 463432.211, 372748.030, 280773.051, 187776.119, 94069.857,    0.000,
   0.000, 100865.117, 201340.372, 301055.054, 399673.955, 496908.811, 592523.828, 686335.511, 778207.966, 868045.396, 955783.492, 1041381.135, 1124813.266, 1206065.329, 1285129.257, 1362000.787, 1436677.764, 1509159.153, 1579444.474, 1647533.518, 1713426.195, 1777122.471, 1838622.330, 1897925.769, 1955032.784, 2009943.376, 2062657.545, 2113175.290, 2161496.611, 2207621.509, 2251549.983, 2293282.033, 2332817.659, 2370156.862, 2405299.641, 2438245.997, 2468995.928, 2497549.436, 2523906.521, 2548067.181, 2570031.418, 2589799.231, 2607370.621, 2622745.587, 2635924.129, 2646906.248, 2655691.942, 2662281.213, 2666674.061, 2668870.484, 2668870.484, 2666674.061, 2662281.213, 2655691.942, 2646906.248, 2635924.129, 2622745.587, 2607370.621, 2589799.231, 2570031.418, 2548067.181, 2523906.521, 2497549.436, 2468995.928, 2438245.997, 2405299.641, 2370156.862, 2332817.659, 2293282.033, 2251549.983, 2207621.509, 2161496.611, 2113175.290, 2062657.545, 2009943.376, 1955032.784, 1897925.769, 1838622.330, 1777122.471, 1713426.195, 1647533.518, 1579444.474, 1509159.153, 1436677.764, 1362000.787, 1285129.257, 1206065.329, 1124813.266, 1041381.135, 955783.492, 868045.396, 778207.966, 686335.511, 592523.828, 496908.811, 399673.955, 301055.054, 201340.372, 100865.117,    0.000,
   0.000, 107477.380, 214539.339, 320790.861, 425874.762, 529483.881, 631366.967, 731328.495, 829223.665, 924950.399, 1018440.176, 1109649.180, 1198550.710, 1285129.257, 1369376.226, 1451287.073, 1530859.504, 1608092.414, 1682985.293, 1755537.918, 1825750.194, 1893622.082, 1959153.568, 2022344.646, 2083195.315, 2141705.574, 2197875.423, 2251704.862, 2303193.890, 2352342.507, 2399150.715, 2443618.512, 2485745.898, 2525532.875, 2562979.441, 2598085.596, 2630851.341, 2661276.676, 2689361.600, 2715106.114, 2738510.218, 2759573.911, 2778297.194, 2794680.067, 2808722.529, 2820424.581, 2829786.222, 2836807.454, 2841488.274, 2843828.685, 2843828.685, 2841488.274, 2836807.454, 2829786.222, 2820424.581, 2808722.529, 2794680.067, 2778297.194, 2759573.911, 2738510.218, 2715106.114, 2689361.600, 2661276.676, 2630851.341, 2598085.596, 2562979.441, 2525532.875, 2485745.898, 2443618.512, 2399150.715, 2352342.507, 2303193.890, 2251704.862, 2197875.423, 2141705.574, 2083195.315, 2022344.646, 1959153.568, 1893622.082, 1825750.194, 1755537.918, 1682985.293, 1608092.414, 1530859.504, 1451287.073, 1369376.226, 1285129.257, 1198550.710, 1109649.180, 1018440.176, 924950.399, 829223.665, 731328.495, 631366.967, 529483.881, 425874.762, 320790.861, 214539.339, 107477.380,    0.000,
   0.000, 113906.289, 227372.306, 339979.405, 451349.036, 561155.663, 669133.008, 775073.849, 878824.727, 980277.459, 1079359.425, 1176024.189, 1270243.456, 1362000.787, 1451287.073, 1538097.499, 1622429.636, 1704282.310, 1783654.982, 1860547.415, 1934959.508, 2006891.221, 2076342.539, 2143313.455, 2207803.968, 2269814.077, 2329343.782, 2386393.082, 2440961.978, 2493050.470, 2542658.557, 2589786.240, 2634433.519, 2676600.393, 2716286.863, 2753492.928, 2788218.589, 2820463.846, 2850228.699, 2877513.147, 2902317.190, 2924640.829, 2944484.064, 2961846.895, 2976729.321, 2989131.343, 2999052.960, 3006494.174, 3011454.982, 3013935.387, 3013935.387, 3011454.982, 3006494.174, 2999052.960, 2989131.343, 2976729.321, 2961846.895, 2944484.064, 2924640.829, 2902317.190, 2877513.147, 2850228.699, 2820463.846, 2788218.589, 2753492.928, 2716286.863, 2676600.393, 2634433.519, 2589786.240, 2542658.557, 2493050.470, 2440961.978, 2386393.082, 2329343.782, 2269814.077, 2207803.968, 2143313.455, 2076342.539, 2006891.221, 1934959.508, 1860547.415, 1783654.982, 1704282.310, 1622429.636, 1538097.499, 1451287.073, 1362000.787, 1270243.456, 1176024.189, 1079359.425, 980277.459, 878824.727, 775073.849, 669133.008, 561155.663, 451349.036, 339979.405, 227372.306, 113906.289,    0.000,
   0.000, 120151.663, 239838.914, 358620.149, 476096.063, 591923.270, 705820.893, 817570.349, 927009.764, 1034025.026, 1138539.533, 1240504.306, 1339889.496, 1436677.764, 1530859.504, 1622429.636, 1711385.595, 1797726.147, 1881450.721, 1962559.068, 2041051.081, 2116926.719, 2190185.963, 2260828.809, 2328855.255, 2394265.299, 2457058.941, 2517236.182, 2574797.021, 2629741.458, 2682069.493, 2731781.127, 2778876.359, 2823355.189, 2865217.617, 2904463.644, 2941093.268, 2975106.491, 3006503.312, 3035283.732, 3061447.750, 3084995.366, 3105926.580, 3124241.392, 3139939.803, 3153021.811, 3163487.419, 3171336.624, 3176569.427, 3179185.829, 3179185.829, 3176569.427, 3171336.624, 3163487.419, 3153021.811, 3139939.803, 3124241.392, 3105926.580, 3084995.366, 3061447.750, 3035283.732, 3006503.312, 2975106.491, 2941093.268, 2904463.644, 2865217.617, 2823355.189, 2778876.359, 2731781.127, 2682069.493, 2629741.458, 2574797.021, 2517236.182, 2457058.941, 2394265.299, 2328855.255, 2260828.809, 2190185.963, 2116926.719, 2041051.081, 1962559.068, 1881450.721, 1797726.147, 1711385.595, 1622429.636, 1530859.504, 1436677.764, 1339889.496, 1240504.306, 1138539.533, 1034025.026, 927009.764, 817570.349, 705820.893, 591923.270, 476096.063, 358620.149, 239838.914, 120151.663,    0.000,
   0.000, 126213.417, 251938.989, 376712.834, 500115.499, 621786.275, 741430.112, 858817.402, 973778.105, 1086192.352, 1195979.679, 1303088.633, 1407487.862, 1509159.153, 1608092.414, 1704282.310, 1797726.147, 1888422.627, 1976371.153, 2061571.461, 2144023.440, 2223727.045, 2300682.259, 2374889.076, 2446347.494, 2515057.511, 2581019.127, 2644232.343, 2704697.158, 2762413.573, 2817381.586, 2869601.200, 2919072.412, 2965795.224, 3009769.635, 3050995.645, 3089473.255, 3125202.464, 3158183.272, 3188415.679, 3215899.686, 3240635.292, 3262622.498, 3281861.303, 3298351.707, 3312093.710, 3323087.313, 3331332.515, 3336829.317, 3339577.717, 3339577.717, 3336829.317, 3331332.515, 3323087.313, 3312093.710, 3298351.707, 3281861.303, 3262622.498, 3240635.292, 3215899.686, 3188415.679, 3158183.272, 3125202.464, 3089473.255, 3050995.645, 3009769.635, 2965795.224, 2919072.412, 2869601.200, 2817381.586, 2762413.573, 2704697.158, 2644232.343, 2581019.127, 2515057.511, 2446347.494, 2374889.076, 2300682.259, 2223727.045, 2144023.440, 2061571.461, 1976371.153, 1888422.627, 1797726.147, 1704282.310, 1608092.414, 1509159.153, 1407487.862, 1303088.633, 1195979.679, 1086192.352, 973778.105, 858817.402, 741430.112, 621786.275, 500115.499, 376712.834, 251938.989, 126213.417,    0.000,
   0.000, 132091.509, 263672.452, 394257.341, 523407.186, 650744.480, 775960.431, 898814.738, 1019129.443, 1136779.094, 1251679.482, 1363776.757, 1473038.108, 1579444.474, 1682985.293, 1783654.982, 1881450.721, 1976371.153, 2068415.652, 2157583.941, 2243875.905, 2327291.497, 2407830.699, 2485493.504, 2560279.910, 2632189.916, 2701223.523, 2767380.728, 2830661.534, 2891065.940, 2948593.945, 3003245.550, 3055020.754, 3103919.559, 3149941.963, 3193087.967, 3233357.570, 3270750.774, 3305267.577, 3336907.980, 3365671.982, 3391559.584, 3414570.787, 3434705.588, 3451963.990, 3466345.991, 3477851.592, 3486480.793, 3492233.593, 3495109.994, 3495109.994, 3492233.593, 3486480.793, 3477851.592, 3466345.991, 3451963.990, 3434705.588, 3414570.787, 3391559.584, 3365671.982, 3336907.980, 3305267.577, 3270750.774, 3233357.570, 3193087.967, 3149941.963, 3103919.559, 3055020.754, 3003245.550, 2948593.945, 2891065.940, 2830661.534, 2767380.728, 2701223.523, 2632189.916, 2560279.910, 2485493.504, 2407830.699, 2327291.497, 2243875.905, 2157583.941, 2068415.652, 1976371.153, 1881450.721, 1783654.982, 1682985.293, 1579444.474, 1473038.108, 1363776.757, 1251679.482, 1136779.094, 1019129.443, 898814.738, 775960.431, 650744.480, 523407.186, 394257.341, 263672.452, 132091.509,    0.000,
   0.000, 137785.923, 275039.268, 411253.616, 545971.054, 678797.798, 809411.745, 937562.236, 1063063.641, 1185785.101, 1305638.776, 1422568.497, 1536540.039, 1647533.518, 1755537.918, 1860547.415, 1962559.068, 2061571.461, 2157583.941, 2250596.220, 2340608.177, 2427619.763, 2511630.961, 2592641.761, 2670652.163, 2745662.165, 2817671.767, 2886680.970, 2952689.772, 3015698.174, 3075706.175, 3132713.777, 3186720.979, 3237727.780, 3285734.182, 3330740.183, 3372745.785, 3411750.986, 3447755.787, 3480760.188, 3510764.189, 3537767.790, 3561770.990, 3582773.791, 3600776.192, 3615778.192, 3627779.793, 3636780.993, 3642781.793, 3645782.193, 3645782.193, 3642781.793, 3636780.993, 3627779.793, 3615778.192, 3600776.192, 3582773.791, 3561770.990, 3537767.790, 3510764.189, 3480760.188, 3447755.787, 3411750.986, 3372745.785, 3330740.183, 3285734.182, 3237727.780, 3186720.979, 3132713.777, 3075706.175, 3015698.174, 2952689.772, 2886680.970, 2817671.767, 2745662.165, 2670652.163, 2592641.761, 2511630.961, 2427619.763, 2340608.177, 2250596.220, 2157583.941, 2061571.461, 1962559.068, 1860547.415, 1755537.918, 1647533.518, 1536540.039, 1422568.497, 1305638.776, 1185785.101, 1063063.641, 937562.236, 809411.745, 678797.798, 545971.054, 411253.616, 275039.268, 137785.923,    0.000,
   0.000, 143296.650, 286039.421, 427701.639, 567807.073, 705946.192, 841784.012, 975059.846, 1105580.642, 1233210.308, 1357857.491, 1479463.777, 1597993.571, 1713426.195, 1825750.194, 1934959.508, 2041051.081, 2144023.440, 2243875.905, 2340608.177, 2434220.130, 2524711.715, 2612082.910, 2696333.709, 2777464.109, 2855474.110, 2930363.710, 3002132.911, 3070781.712, 3136310.112, 3198718.113, 3258005.714, 3314172.914, 3367219.715, 3417146.115, 3463952.116, 3507637.716, 3548202.917, 3585647.717, 3619972.117, 3651176.118, 3679259.718, 3704222.918, 3726065.719, 3744788.119, 3760390.119, 3772871.719, 3782232.919, 3788473.719, 3791594.119, 3791594.119, 3788473.719, 3782232.919, 3772871.719, 3760390.119, 3744788.119, 3726065.719, 3704222.918, 3679259.718, 3651176.118, 3619972.117, 3585647.717, 3548202.917, 3507637.716, 3463952.116, 3417146.115, 3367219.715, 3314172.914, 3258005.714, 3198718.113, 3136310.112, 3070781.712, 3002132.911, 2930363.710, 2855474.110, 2777464.109, 2696333.709, 2612082.910, 2524711.715, 2434220.130, 2340608.177, 2243875.905, 2144023.440, 2041051.081, 1934959.508, 1825750.194, 1713426.195, 1597993.571, 1479463.777, 1357857.491, 1233210.308, 1105580.642, 975059.846, 841784.012, 705946.192, 567807.073, 427701.639, 286039.421, 143296.650,    0.000,
   0.000, 148623.689, 296672.906, 443601.398, 588915.232, 732189.649, 873077.213, 1011307.547, 1146680.422, 1279054.689, 1408335.598, 1534462.564, 1657398.671, 1777122.471, 1893622.082, 2006891.221, 2116926.719, 2223727.045, 2327291.497, 2427619.763, 2524711.715, 2618567.297, 2709186.492, 2796569.290, 2880715.690, 2961625.690, 3039299.290, 3113736.490, 3184937.291, 3252901.691, 3317629.691, 3379121.291, 3437376.491, 3492395.292, 3544177.692, 3592723.692, 3638033.292, 3680106.492, 3718943.292, 3754543.692, 3786907.693, 3816035.293, 3841926.493, 3864581.293, 3883999.693, 3900181.693, 3913127.293, 3922836.493, 3929309.293, 3932545.693, 3932545.693, 3929309.293, 3922836.493, 3913127.293, 3900181.693, 3883999.693, 3864581.293, 3841926.493, 3816035.293, 3786907.693, 3754543.692, 3718943.292, 3680106.492, 3638033.292, 3592723.692, 3544177.692, 3492395.292, 3437376.491, 3379121.291, 3317629.691, 3252901.691, 3184937.291, 3113736.490, 3039299.290, 2961625.690, 2880715.690, 2796569.290, 2709186.492, 2618567.297, 2524711.715, 2427619.763, 2327291.497, 2223727.045, 2116926.719, 2006891.221, 1893622.082, 1777122.471, 1657398.671, 1534462.564, 1408335.598, 1279054.689, 1146680.422, 1011307.547, 873077.213, 732189.649, 588915.232, 443601.398, 296672.906, 148623.689,    0.000,
   0.000, 153767.037, 306939.720, 458952.892, 609295.525, 757528.162, 903291.342, 1046305.331, 1186362.974, 1323318.235, 1457073.087, 1587564.849, 1714755.326, 1838622.330, 1959153.568, 2076342.539, 2190185.963, 2300682.259, 2407830.699, 2511630.961, 2612082.910, 2709186.492, 2802941.686, 2893348.484, 2980406.883, 3064116.883, 3144478.483, 3221491.683, 3295156.483, 3365472.883, 3432440.884, 3496060.484, 3556331.684, 3613254.484, 3666828.884, 3717054.884, 3763932.484, 3807461.684, 3847642.484, 3884474.884, 3917958.884, 3948094.484, 3974881.684, 3998320.484, 4018410.884, 4035152.884, 4048546.484, 4058591.684, 4065288.484, 4068636.884, 4068636.884, 4065288.484, 4058591.684, 4048546.484, 4035152.884, 4018410.884, 3998320.484, 3974881.684, 3948094.484, 3917958.884, 3884474.884, 3847642.484, 3807461.684, 3763932.484, 3717054.884, 3666828.884, 3613254.484, 3556331.684, 3496060.484, 3432440.884, 3365472.883, 3295156.483, 3221491.683, 3144478.483, 3064116.883, 2980406.883, 2893348.484, 2802941.686, 2709186.492, 2612082.910, 2511630.961, 2407830.699, 2300682.259, 2190185.963, 2076342.539, 1959153.568, 1838622.330, 1714755.326, 1587564.849, 1457073.087, 1323318.235, 1186362.974, 1046305.331, 903291.342, 757528.162, 609295.525, 458952.892, 306939.720, 153767.037,    0.000,
   0.000, 158726.694, 316839.863, 473756.120, 628947.952, 781961.729, 932426.396, 1080053.197, 1224628.293, 1366000.941, 1504069.953, 1638770.625, 1770063.531, 1897925.769, 2022344.646, 2143313.455, 2260828.809, 2374889.076, 2485493.504, 2592641.761, 2696333.709, 2796569.290, 2893348.484, 2986671.282, 3076537.681, 3162947.681, 3245901.281, 3325398.481, 3401439.281, 3474023.681, 3543151.681, 3608823.281, 3671038.481, 3729797.281, 3785099.681, 3836945.681, 3885335.281, 3930268.481, 3971745.281, 4009765.681, 4044329.681, 4075437.281, 4103088.481, 4127283.281, 4148021.681, 4165303.681, 4179129.281, 4189498.481, 4196411.281, 4199867.681, 4199867.681, 4196411.281, 4189498.481, 4179129.281, 4165303.681, 4148021.681, 4127283.281, 4103088.481, 4075437.281, 4044329.681, 4009765.681, 3971745.281, 3930268.481, 3885335.281, 3836945.681, 3785099.681, 3729797.281, 3671038.481, 3608823.281, 3543151.681, 3474023.681, 3401439.281, 3325398.481, 3245901.281, 3162947.681, 3076537.681, 2986671.282, 2893348.484, 2796569.290, 2696333.709, 2592641.761, 2485493.504, 2374889.076, 2260828.809, 2143313.455, 2022344.646, 1897925.769, 1770063.531, 1638770.625, 1504069.953, 1366000.941, 1224628.293, 1080053.197, 932426.396, 781961.729, 628947.952, 473756.120, 316839.863, 158726.694,    0.000,
   0.000, 163502.660, 326373.334, 488011.079, 647872.511, 805490.349, 960482.374, 1112551.141, 1261476.379, 1407102.808, 1549326.195, 1688079.892, 1823323.286, 1955032.784, 2083195.315, 2207803.968, 2328855.255, 2446347.494, 2560279.910, 2670652.163, 2777464.109, 2880715.690, 2980406.883, 3076537.681, 3169108.081, 3258118.080, 3343567.680, 3425456.880, 3503785.680, 3578554.080, 3649762.080, 3717409.680, 3781496.880, 3842023.680, 3898990.080, 3952396.080, 4002241.680, 4048526.880, 4091251.680, 4130416.080, 4166020.080, 4198063.680, 4226546.880, 4251469.680, 4272832.080, 4290634.080, 4304875.680, 4315556.880, 4322677.680, 4326238.080, 4326238.080, 4322677.680, 4315556.880, 4304875.680, 4290634.080, 4272832.080, 4251469.680, 4226546.880, 4198063.680, 4166020.080, 4130416.080, 4091251.680, 4048526.880, 4002241.680, 3952396.080, 3898990.080, 3842023.680, 3781496.880, 3717409.680, 3649762.080, 3578554.080, 3503785.680, 3425456.880, 3343567.680, 3258118.080, 3169108.081, 3076537.681, 2980406.883, 2880715.690, 2777464.109, 2670652.163, 2560279.910, 2446347.494, 2328855.255, 2207803.968, 2083195.315, 1955032.784, 1823323.286, 1688079.892, 1549326.195, 1407102.808, 1261476.379, 1112551.141, 960482.374, 805490.349, 647872.511, 488011.079, 326373.334, 163502.660,    0.000,
   0.000, 168094.935, 335540.133, 501717.771, 666069.203, 828114.023, 987459.276, 1143799.165, 1296907.231, 1446623.833, 1592841.813, 1735492.649, 1874534.588, 2009943.376, 2141705.574, 2269814.077, 2394265.299, 2515057.511, 2632189.916, 2745662.165, 2855474.110, 2961625.690, 3064116.883, 3162947.681, 3258118.080, 3349628.080, 3437477.680, 3521666.880, 3602195.680, 3679064.080, 3752272.080, 3821819.680, 3887706.880, 3949933.680, 4008500.080, 4063406.080, 4114651.680, 4162236.880, 4206161.680, 4246426.080, 4283030.080, 4315973.680, 4345256.880, 4370879.680, 4392842.080, 4411144.080, 4425785.680, 4436766.880, 4444087.680, 4447748.080, 4447748.080, 4444087.680, 4436766.880, 4425785.680, 4411144.080, 4392842.080, 4370879.680, 4345256.880, 4315973.680, 4283030.080, 4246426.080, 4206161.680, 4162236.880, 4114651.680, 4063406.080, 4008500.080, 3949933.680, 3887706.880, 3821819.680, 3752272.080, 3679064.080, 3602195.680, 3521666.880, 3437477.680, 3349628.080, 3258118.080, 3162947.681, 3064116.883, 2961625.690, 2855474.110, 2745662.165, 2632189.916, 2515057.511, 2394265.299, 2269814.077, 2141705.574, 2009943.376, 1874534.588, 1735492.649, 1592841.813, 1446623.833, 1296907.231, 1143799.165, 987459.276, 828114.023, 666069.203, 501717.771, 335540.133, 168094.935,    0.000,
   0.000, 172503.519, 344340.260, 514876.196, 683538.027, 849832.750, 1013357.103, 1173797.268, 1330920.849, 1484564.018, 1634616.806, 1781008.895, 1923697.439, 2062657.545, 2197875.423, 2329343.782, 2457058.941, 2581019.127, 2701223.523, 2817671.767, 2930363.710, 3039299.290, 3144478.483, 3245901.281, 3343567.680, 3437477.680, 3527631.280, 3614028.480, 3696669.280, 3775553.680, 3850681.680, 3922053.280, 3989668.480, 4053527.280, 4113629.680, 4169975.680, 4222565.280, 4271398.480, 4316475.280, 4357795.680, 4395359.680, 4429167.280, 4459218.480, 4485513.280, 4508051.680, 4526833.680, 4541859.280, 4553128.480, 4560641.280, 4564397.680, 4564397.680, 4560641.280, 4553128.480, 4541859.280, 4526833.680, 4508051.680, 4485513.280, 4459218.480, 4429167.280, 4395359.680, 4357795.680, 4316475.280, 4271398.480, 4222565.280, 4169975.680, 4113629.680, 4053527.280, 3989668.480, 3922053.280, 3850681.680, 3775553.680, 3696669.280, 3614028.480, 3527631.280, 3437477.680, 3343567.680, 3245901.281, 3144478.483, 3039299.290, 2930363.710, 2817671.767, 2701223.523, 2581019.127, 2457058.941, 2329343.782, 2197875.423, 2062657.545, 1923697.439, 1781008.895, 1634616.806, 1484564.018, 1330920.849, 1173797.268, 1013357.103, 849832.750, 683538.027, 514876.196, 344340.260, 172503.519,    0.000,
   0.000, 176728.412, 352773.715, 527486.352, 700278.984, 870646.530, 1038175.853, 1202545.450, 1363517.232, 1520923.361, 1674651.174, 1824628.632, 1970811.837, 2113175.290, 2251704.862, 2386393.082, 2517236.182, 2644232.343, 2767380.728, 2886680.970, 3002132.911, 3113736.490, 3221491.683, 3325398.481, 3425456.880, 3521666.880, 3614028.480, 3702541.680, 3787206.480, 3868022.880, 3944990.880, 4018110.480, 4087381.680, 4152804.480, 4214378.880, 4272104.880, 4325982.480, 4376011.680, 4422192.480, 4464524.880, 4503008.880, 4537644.480, 4568431.680, 4595370.480, 4618460.880, 4637702.880, 4653096.480, 4664641.680, 4672338.480, 4676186.880, 4676186.880, 4672338.480, 4664641.680, 4653096.480, 4637702.880, 4618460.880, 4595370.480, 4568431.680, 4537644.480, 4503008.880, 4464524.880, 4422192.480, 4376011.680, 4325982.480, 4272104.880, 4214378.880, 4152804.480, 4087381.680, 4018110.480, 3944990.880, 3868022.880, 3787206.480, 3702541.680, 3614028.480, 3521666.880, 3425456.880, 3325398.481, 3221491.683, 3113736.490, 3002132.911, 2886680.970, 2767380.728, 2644232.343, 2517236.182, 2386393.082, 2251704.862, 2113175.290, 1970811.837, 1824628.632, 1674651.174, 1520923.361, 1363517.232, 1202545.450, 1038175.853, 870646.530, 700278.984, 527486.352, 352773.715, 176728.412,    0.000,
   0.000, 180769.615, 360840.498, 539548.241, 716292.073, 890555.363, 1061915.527, 1230043.711, 1394696.382, 1555701.864, 1712944.918, 1866351.858, 2015877.783, 2161496.611, 2303193.890, 2440961.978, 2574797.021, 2704697.158, 2830661.534, 2952689.772, 3070781.712, 3184937.291, 3295156.483, 3401439.281, 3503785.680, 3602195.680, 3696669.280, 3787206.480, 3873807.280, 3956471.680, 4035199.680, 4109991.280, 4180846.480, 4247765.280, 4310747.680, 4369793.680, 4424903.280, 4476076.480, 4523313.280, 4566613.680, 4605977.680, 4641405.280, 4672896.480, 4700451.280, 4724069.680, 4743751.680, 4759497.280, 4771306.480, 4779179.280, 4783115.680, 4783115.680, 4779179.280, 4771306.480, 4759497.280, 4743751.680, 4724069.680, 4700451.280, 4672896.480, 4641405.280, 4605977.680, 4566613.680, 4523313.280, 4476076.480, 4424903.280, 4369793.680, 4310747.680, 4247765.280, 4180846.480, 4109991.280, 4035199.680, 3956471.680, 3873807.280, 3787206.480, 3696669.280, 3602195.680, 3503785.680, 3401439.281, 3295156.483, 3184937.291, 3070781.712, 2952689.772, 2830661.534, 2704697.158, 2574797.021, 2440961.978, 2303193.890, 2161496.611, 2015877.783, 1866351.858, 1712944.918, 1555701.864, 1394696.382, 1230043.711, 1061915.527, 890555.363, 716292.073, 539548.241, 360840.498, 180769.615,    0.000,
   0.000, 184627.126, 368540.609, 551061.863, 731577.294, 909559.249, 1084576.125, 1256292.051, 1424458.298, 1588899.526, 1749498.037, 1906178.574, 2058895.278, 2207621.509, 2352342.507, 2493050.470, 2629741.458, 2762413.573, 2891065.940, 3015698.174, 3136310.112, 3252901.691, 3365472.883, 3474023.681, 3578554.080, 3679064.080, 3775553.680, 3868022.880, 3956471.680, 4040900.080, 4121308.080, 4197695.680, 4270062.880, 4338409.680, 4402736.080, 4463042.080, 4519327.680, 4571592.880, 4619837.680, 4664062.080, 4704266.080, 4740449.680, 4772612.880, 4800755.680, 4824878.080, 4844980.080, 4861061.680, 4873122.880, 4881163.680, 4885184.080, 4885184.080, 4881163.680, 4873122.880, 4861061.680, 4844980.080, 4824878.080, 4800755.680, 4772612.880, 4740449.680, 4704266.080, 4664062.080, 4619837.680, 4571592.880, 4519327.680, 4463042.080, 4402736.080, 4338409.680, 4270062.880, 4197695.680, 4121308.080, 4040900.080, 3956471.680, 3868022.880, 3775553.680, 3679064.080, 3578554.080, 3474023.681, 3365472.883, 3252901.691, 3136310.112, 3015698.174, 2891065.940, 2762413.573, 2629741.458, 2493050.470, 2352342.507, 2207621.509, 2058895.278, 1906178.574, 1749498.037, 1588899.526, 1424458.298, 1256292.051, 1084576.125, 909559.249, 731577.294, 551061.863, 368540.609, 184627.126,    0.000,
   0.000, 188300.946, 375874.048, 562027.216, 746134.647, 927658.187, 1106157.647, 1281290.471, 1452802.979, 1620516.346, 1784310.531, 1944108.779, 2099864.320, 2251549.983, 2399150.715, 2542658.557, 2682069.493, 2817381.586, 2948593.945, 3075706.175, 3198718.113, 3317629.691, 3432440.884, 3543151.681, 3649762.080, 3752272.080, 3850681.680, 3944990.880, 4035199.680, 4121308.080, 4203316.080, 4281223.680, 4355030.880, 4424737.680, 4490344.080, 4551850.080, 4609255.680, 4662560.880, 4711765.680, 4756870.080, 4797874.080, 4834777.680, 4867580.880, 4896283.680, 4920886.080, 4941388.080, 4957789.680, 4970090.880, 4978291.680, 4982392.080, 4982392.080, 4978291.680, 4970090.880, 4957789.680, 4941388.080, 4920886.080, 4896283.680, 4867580.880, 4834777.680, 4797874.080, 4756870.080, 4711765.680, 4662560.880, 4609255.680, 4551850.080, 4490344.080, 4424737.680, 4355030.880, 4281223.680, 4203316.080, 4121308.080, 4035199.680, 3944990.880, 3850681.680, 3752272.080, 3649762.080, 3543151.681, 3432440.884, 3317629.691, 3198718.113, 3075706.175, 2948593.945, 2817381.586, 2682069.493, 2542658.557, 2399150.715, 2251549.983, 2099864.320, 1944108.779, 1784310.531, 1620516.346, 1452802.979, 1281290.471, 1106157.647, 927658.187, 746134.647, 562027.216, 375874.048, 188300.946,    0.000,
