   0.000,    0.000,    0.000,    0.000,    0.000,    0.000,    0.000,    0.000,    0.000,    0.000,    0.000,    0.000,    0.000,    0.000,    0.000,    0.000,    0.000,    0.000,    0.000,    0.000,    0.000,    0.000,    0.000,    0.000,    0.000,    0.000,    0.000,    0.000,    0.000,    0.000,    0.000,    0.000,    0.000,    0.000,    0.000,    0.000,    0.000,    0.000,    0.000,    0.000,    0.000,    0.000,    0.000,    0.000,    0.000,    0.000,    0.000,    0.000,    0.000,    0.000,    0.000,    0.000,    0.000,    0.000,    0.000,    0.000,    0.000,    0.000,    0.000,    0.000,    0.000,    0.000,    0.000,    0.000,    0.000,    0.000,    0.000,    0.000,    0.000,    0.000,    0.000,    0.000,    0.000,    0.000,    0.000,    0.000,    0.000,    0.000,    0.000,    0.000,    0.000,    0.000,    0.000,    0.000,    0.000,    0.000,    0.000,    0.000,    0.000,    0.000,    0.000,    0.000,    0.000,    0.000,    0.000,    0.000,    0.000,    0.000,    0.000,    0.000,
   0.000, 9023.657, 17987.460, 26840.657, 35546.685, 44083.071, 52437.975, 60606.022, 68585.097, 76374.476, 83973.942, 91383.437, 98602.948, 105632.472, 112472.010, 119121.560, 125581.123, 131850.699, 137930.288, 143819.890, 149519.505, 155029.132, 160348.772, 165478.425, 170418.091, 175167.770, 179727.462, 184097.166, 188276.884, 192266.614, 196066.357, 199676.113, 203095.881, 206325.663, 209365.458, 212215.265, 214875.085, 217344.918, 219624.764, 221714.622, 223614.494, 225324.378, 226844.276, 228174.186, 229314.108, 230264.044, 231023.993, 231593.954, 231973.929, 232163.916, 232163.916, 231973.929, 231593.954, 231023.993, 230264.044, 229314.108, 228174.186, 226844.276, 225324.378, 223614.494, 221714.622, 219624.764, 217344.918, 214875.085, 212215.265, 209365.458, 206325.663, 203095.881, 199676.113, 196066.357, 192266.614, 188276.884, 184097.166, 179727.462, 175167.770, 170418.091, 165478.425, 160348.772, 155029.132, 149519.505, 143819.890, 137930.288, 131850.699, 125581.123, 119121.560, 112472.010, 105632.472, 98602.948, 91383.437, 83973.942, 76374.476, 68585.097, 60606.022, 52437.975, 44083.071, 35546.685, 26840.657, 17987.460, 9023.657,    0.000,
   0.000, 17987.460, 35855.605, 53503.270, 70857.568, 87873.703, 104528.077, 120809.977, 136715.186, 152242.261, 167390.769, 182160.596, 196551.717, 210564.124, 224197.818, 237452.799, 250329.066, 262826.619, 274945.458, 286685.583, 298046.995, 309029.693, 319633.678, 329858.948, 339705.505, 349173.348, 358262.478, 366972.894, 375304.596, 383257.584, 390831.858, 398027.419, 404844.266, 411282.400, 417341.819, 423022.525, 428324.517, 433247.796, 437792.361, 441958.212, 445745.349, 449153.772, 452183.482, 454834.478, 457106.761, 459000.329, 460515.184, 461651.325, 462408.753, 462787.467, 462787.467, 462408.753, 461651.325, 460515.184, 459000.329, 457106.761, 454834.478, 452183.482, 449153.772, 445745.349, 441958.212, 437792.361, 433247.796, 428324.517, 423022.525, 417341.819, 411282.400, 404844.266, 398027.419, 390831.858, 383257.584, 375304.596, 366972.894, 358262.478, 349173.348, 339705.505, 329858.948, 319633.678, 309029.693, 298046.995, 286685.583, 274945.458, 262826.619, 250329.066, 237452.799, 224197.818, 210564.124, 196551.717, 182160.596, 167390.769, 152242.261, 136715.186, 120809.977, 104528.077, 87873.703, 70857.568, 53503.270, 35855.605, 17987.460,    0.000,
   0.000, 26840.657, 53503.270, 79836.877, 105732.715, 131123.947, 155975.360, 180270.970, 204004.487, 227173.758, 249778.137, 271817.454, 293291.670, 314200.777, 334544.772, 354323.657, 373537.431, 392186.094, 410269.646, 427788.087, 444741.417, 461129.636, 476952.744, 492210.741, 506903.627, 521031.402, 534594.066, 547591.619, 560024.061, 571891.392, 583193.612, 593930.721, 604102.719, 613709.606, 622751.382, 631228.047, 639139.601, 646486.044, 653267.376, 659483.597, 665134.707, 670220.706, 674741.594, 678697.371, 682088.037, 684913.592, 687174.036, 688869.369, 689999.591, 690564.702, 690564.702, 689999.591, 688869.369, 687174.036, 684913.592, 682088.037, 678697.371, 674741.594, 670220.706, 665134.707, 659483.597, 653267.376, 646486.044, 639139.601, 631228.047, 622751.382, 613709.606, 604102.719, 593930.721, 583193.612, 571891.392, 560024.061, 547591.619, 534594.066, 521031.402, 506903.627, 492210.741, 476952.744, 461129.636, 444741.417, 427788.087, 410269.646, 392186.094, 373537.431, 354323.657, 334544.772, 314200.777, 293291.670, 271817.454, 249778.137, 227173.758, 204004.487, 180270.970, 155975.360, 131123.947, 105732.715, 79836.877, 53503.270, 26840.657,    0.000,
   0.000, 35546.685, 70857.568, 105732.715, 140028.089, 173655.174, 206567.340, 238743.421, 270175.089, 300859.493, 330795.778, 359983.718, 388423.263, 416114.400, 443057.129, 469251.449, 494697.359, 519394.861, 543343.953, 566544.636, 588996.910, 610700.775, 631656.231, 651863.277, 671321.915, 690032.143, 707993.962, 725207.372, 741672.373, 757388.965, 772357.148, 786576.921, 800048.286, 812771.241, 824745.787, 835971.924, 846449.652, 856178.971, 865159.880, 873392.381, 880876.472, 887612.154, 893599.427, 898838.291, 903328.746, 907070.792, 910064.428, 912309.656, 913806.474, 914554.883, 914554.883, 913806.474, 912309.656, 910064.428, 907070.792, 903328.746, 898838.291, 893599.427, 887612.154, 880876.472, 873392.381, 865159.880, 856178.971, 846449.652, 835971.924, 824745.787, 812771.241, 800048.286, 786576.921, 772357.148, 757388.965, 741672.373, 725207.372, 707993.962, 690032.143, 671321.915, 651863.277, 631656.231, 610700.775, 588996.910, 566544.636, 543343.953, 519394.861, 494697.359, 469251.449, 443057.129, 416114.400, 388423.263, 359983.718, 330795.778, 300859.493, 270175.089, 238743.421, 206567.340, 173655.174, 140028.089, 105732.715, 70857.568, 35546.685,    0.000,
   0.000, 44083.071, 87873.703, 131123.947, 173655.174, 215357.614, 256173.448, 296076.426, 335056.224, 373109.306, 410234.612, 446431.864, 481700.996, 516041.997, 549454.862, 581939.593, 613496.188, 644124.648, 673824.973, 702597.163, 730441.218, 757357.137, 783344.922, 808404.571, 832536.085, 855739.464, 878014.707, 899361.816, 919780.789, 939271.628, 957834.331, 975468.899, 992175.332, 1007953.629, 1022803.792, 1036725.819, 1049719.711, 1061785.468, 1072923.090, 1083132.577, 1092413.929, 1100767.145, 1108192.226, 1114689.172, 1120257.983, 1124898.659, 1128611.200, 1131395.605, 1133251.875, 1134180.011, 1134180.011, 1133251.875, 1131395.605, 1128611.200, 1124898.659, 1120257.983, 1114689.172, 1108192.226, 1100767.145, 1092413.929, 1083132.577, 1072923.090, 1061785.468, 1049719.711, 1036725.819, 1022803.792, 1007953.629, 992175.332, 975468.899, 957834.331, 939271.628, 919780.789, 899361.816, 878014.707, 855739.464, 832536.085, 808404.571, 783344.922, 757357.137, 730441.218, 702597.163, 673824.973, 644124.648, 613496.188, 581939.593, 549454.862, 516041.997, 481700.996, 446431.864, 410234.612, 373109.306, 335056.224, 296076.426, 256173.448, 215357.614, 173655.174, 131123.947, 87873.703, 44083.071,    0.000,
   0.000, 52437.975, 104528.077, 155975.360, 206567.340, 256173.448, 304724.908, 352190.501, 398557.946, 443823.039, 487984.520, 531042.056, 572995.572, 613845.050, 653590.490, 692231.889, 729769.249, 766202.569, 801531.848, 835757.088, 868878.287, 900895.447, 931808.566, 961617.646, 990322.686, 1017923.685, 1044420.645, 1069813.565, 1094102.445, 1117287.284, 1139368.084, 1160344.844, 1180217.563, 1198986.243, 1216650.883, 1233211.483, 1248668.043, 1263020.562, 1276269.042, 1288413.482, 1299453.882, 1309390.242, 1318222.562, 1325950.842, 1332575.082, 1338095.282, 1342511.442, 1345823.561, 1348031.641, 1349135.681, 1349135.681, 1348031.641, 1345823.561, 1342511.442, 1338095.282, 1332575.082, 1325950.842, 1318222.562, 1309390.242, 1299453.882, 1288413.482, 1276269.042, 1263020.562, 1248668.043, 1233211.483, 1216650.883, 1198986.243, 1180217.563, 1160344.844, 1139368.084, 1117287.284, 1094102.445, 1069813.565, 1044420.645, 1017923.685, 990322.686, 961617.646, 931808.566, 900895.447, 868878.287, 835757.088, 801531.848, 766202.569, 729769.249, 692231.889, 653590.490, 613845.050, 572995.572, 531042.056, 487984.520, 443823.039, 398557.946, 352190.501, 304724.908, 256173.448, 206567.340, 155975.360, 104528.077, 52437.975,    0.000,
   0.000, 60606.022, 120809.977, 180270.970, 238743.421, 296076.426, 352190.501, 407049.565, 460639.428, 512955.231, 563995.517, 613759.903, 662248.300, 709460.691, 755397.072, 800057.443, 843441.803, 885550.152, 926382.491, 965938.819, 1004219.137, 1041223.444, 1076951.740, 1111404.026, 1144580.301, 1176480.566, 1207104.820, 1236453.063, 1264525.296, 1291321.518, 1316841.730, 1341085.931, 1364054.122, 1385746.302, 1406162.471, 1425302.630, 1443166.778, 1459754.916, 1475067.043, 1489103.159, 1501863.265, 1513347.360, 1523555.445, 1532487.519, 1540143.583, 1546523.636, 1551627.678, 1555455.710, 1558007.731, 1559283.741, 1559283.741, 1558007.731, 1555455.710, 1551627.678, 1546523.636, 1540143.583, 1532487.519, 1523555.445, 1513347.360, 1501863.265, 1489103.159, 1475067.043, 1459754.916, 1443166.778, 1425302.630, 1406162.471, 1385746.302, 1364054.122, 1341085.931, 1316841.730, 1291321.518, 1264525.296, 1236453.063, 1207104.820, 1176480.566, 1144580.301, 1111404.026, 1076951.740, 1041223.444, 1004219.137, 965938.819, 926382.491, 885550.152, 843441.803, 800057.443, 755397.072, 709460.691, 662248.300, 613759.903, 563995.517, 512955.231, 460639.428, 407049.565, 352190.501, 296076.426, 238743.421, 180270.970, 120809.977, 60606.022,    0.000,
   0.000, 68585.097, 136715.186, 204004.487, 270175.089, 335056.224, 398557.946, 460639.428, 521284.613, 580488.001, 638247.946, 694564.013, 749436.103, 802864.195, 854848.286, 905388.373, 954484.458, 1002136.541, 1048344.621, 1093108.699, 1136428.774, 1178304.847, 1218736.917, 1257724.985, 1295269.050, 1331369.113, 1366025.173, 1399237.230, 1431005.286, 1461329.338, 1490209.388, 1517645.436, 1543637.481, 1568185.524, 1591289.564, 1612949.601, 1633165.637, 1651937.669, 1669265.699, 1685149.727, 1699589.752, 1712585.774, 1724137.794, 1734245.812, 1742909.827, 1750129.840, 1755905.850, 1760237.857, 1763125.862, 1764569.865, 1764569.865, 1763125.862, 1760237.857, 1755905.850, 1750129.840, 1742909.827, 1734245.812, 1724137.794, 1712585.774, 1699589.752, 1685149.727, 1669265.699, 1651937.669, 1633165.637, 1612949.601, 1591289.564, 1568185.524, 1543637.481, 1517645.436, 1490209.388, 1461329.338, 1431005.286, 1399237.230, 1366025.173, 1331369.113, 1295269.050, 1257724.985, 1218736.917, 1178304.847, 1136428.774, 1093108.699, 1048344.621, 1002136.541, 954484.458, 905388.373, 854848.286, 802864.195, 749436.103, 694564.013, 638247.946, 580488.001, 521284.613, 460639.428, 398557.946, 335056.224, 270175.089, 204004.487, 136715.186, 68585.097,    0.000,
   0.000, 76374.476, 152242.261, 227173.758, 300859.493, 373109.306, 443823.039, 512955.231, 580488.001, 646415.228, 710735.075, 773447.063, 834551.077, 894047.096, 951935.115, 1008215.133, 1062887.151, 1115951.169, 1167407.186, 1217255.202, 1265495.218, 1312127.234, 1357151.248, 1400567.263, 1442375.277, 1482575.290, 1521167.303, 1558151.315, 1593527.326, 1627295.338, 1659455.348, 1690007.358, 1718951.368, 1746287.377, 1772015.385, 1796135.393, 1818647.401, 1839551.408, 1858847.414, 1876535.420, 1892615.425, 1907087.430, 1919951.434, 1931207.438, 1940855.441, 1948895.444, 1955327.446, 1960151.447, 1963367.449, 1964975.449, 1964975.449, 1963367.449, 1960151.447, 1955327.446, 1948895.444, 1940855.441, 1931207.438, 1919951.434, 1907087.430, 1892615.425, 1876535.420, 1858847.414, 1839551.408, 1818647.401, 1796135.393, 1772015.385, 1746287.377, 1718951.368, 1690007.358, 1659455.348, 1627295.338, 1593527.326, 1558151.315, 1521167.303, 1482575.290, 1442375.277, 1400567.263, 1357151.248, 1312127.234, 1265495.218, 1217255.202, 1167407.186, 1115951.169, 1062887.151, 1008215.133, 951935.115, 894047.096, 834551.077, 773447.063, 710735.075, 646415.228, 580488.001, 512955.231, 443823.039, 373109.306, 300859.493, 227173.758, 152242.261, 76374.476,    0.000,
   0.000, 83973.942, 167390.769, 249778.137, 330795.778, 410234.612, 487984.520, 563995.517, 638247.946, 710735.075, 781454.889, 850406.856, 917590.853, 983006.856, 1046654.860, 1108534.863, 1168646.867, 1226990.870, 1283566.873, 1338374.876, 1391414.879, 1442686.882, 1492190.885, 1539926.888, 1585894.890, 1630094.893, 1672526.895, 1713190.897, 1752086.900, 1789214.902, 1824574.904, 1858166.906, 1889990.908, 1920046.909, 1948334.911, 1974854.912, 1999606.914, 2022590.915, 2043806.916, 2063254.917, 2080934.918, 2096846.919, 2110990.920, 2123366.921, 2133974.921, 2142814.922, 2149886.922, 2155190.923, 2158726.923, 2160494.923, 2160494.923, 2158726.923, 2155190.923, 2149886.922, 2142814.922, 2133974.921, 2123366.921, 2110990.920, 2096846.919, 2080934.918, 2063254.917, 2043806.916, 2022590.915, 1999606.914, 1974854.912, 1948334.911, 1920046.909, 1889990.908, 1858166.906, 1824574.904, 1789214.902, 1752086.900, 1713190.897, 1672526.895, 1630094.893, 1585894.890, 1539926.888, 1492190.885, 1442686.882, 1391414.879, 1338374.876, 1283566.873, 1226990.870, 1168646.867, 1108534.863, 1046654.860, 983006.856, 917590.853, 850406.856, 781454.889, 710735.075, 638247.946, 563995.517, 487984.520, 410234.612, 330795.778, 249778.137, 167390.769, 83973.942,    0.000,
   0.000, 91383.437, 182160.596, 271817.454, 359983.718, 446431.864, 531042.056, 613759.903, 694564.013, 773447.063, 850406.856, 925442.816, 998554.810, 1069742.810, 1139006.810, 1206346.811, 1271762.811, 1335254.812, 1396822.812, 1456466.813, 1514186.813, 1569982.814, 1623854.814, 1675802.815, 1725826.815, 1773926.816, 1820102.816, 1864354.817, 1906682.817, 1947086.817, 1985566.818, 2022122.818, 2056754.818, 2089462.818, 2120246.819, 2149106.819, 2176042.819, 2201054.819, 2224142.820, 2245306.820, 2264546.820, 2281862.820, 2297254.820, 2310722.820, 2322266.821, 2331886.821, 2339582.821, 2345354.821, 2349202.821, 2351126.821, 2351126.821, 2349202.821, 2345354.821, 2339582.821, 2331886.821, 2322266.821, 2310722.820, 2297254.820, 2281862.820, 2264546.820, 2245306.820, 2224142.820, 2201054.819, 2176042.819, 2149106.819, 2120246.819, 2089462.818, 2056754.818, 2022122.818, 1985566.818, 1947086.817, 1906682.817, 1864354.817, 1820102.816, 1773926.816, 1725826.815, 1675802.815, 1623854.814, 1569982.814, 1514186.813, 1456466.813, 1396822.812, 1335254.812, 1271762.811, 1206346.811, 1139006.810, 1069742.810, 998554.810, 925442.816, 850406.856, 773447.063, 694564.013, 613759.903, 531042.056, 446431.864, 359983.718, 271817.454, 182160.596, 91383.437,    0.000,
   0.000, 98602.948, 196551.717, 293291.670, 388423.263, 481700.996, 572995.572, 662248.300, 749436.103, 834551.077, 917590.853, 998554.810, 1077442.803, 1154254.802, 1228990.802, 1301650.802, 1372234.802, 1440742.802, 1507174.802, 1571530.802, 1633810.802, 1694014.802, 1752142.802, 1808194.802, 1862170.802, 1914070.802, 1963894.802, 2011642.802, 2057314.803, 2100910.803, 2142430.803, 2181874.803, 2219242.803, 2254534.803, 2287750.803, 2318890.803, 2347954.803, 2374942.803, 2399854.803, 2422690.803, 2443450.803, 2462134.803, 2478742.803, 2493274.803, 2505730.803, 2516110.803, 2524414.803, 2530642.803, 2534794.803, 2536870.803, 2536870.803, 2534794.803, 2530642.803, 2524414.803, 2516110.803, 2505730.803, 2493274.803, 2478742.803, 2462134.803, 2443450.803, 2422690.803, 2399854.803, 2374942.803, 2347954.803, 2318890.803, 2287750.803, 2254534.803, 2219242.803, 2181874.803, 2142430.803, 2100910.803, 2057314.803, 2011642.802, 1963894.802, 1914070.802, 1862170.802, 1808194.802, 1752142.802, 1694014.802, 1633810.802, 1571530.802, 1507174.802, 1440742.802, 1372234.802, 1301650.802, 1228990.802, 1154254.802, 1077442.803, 998554.810, 917590.853, 834551.077, 749436.103, 662248.300, 572995.572, 481700.996, 388423.263, 293291.670, 196551.717, 98602.948,    0.000,
   0.000, 105632.472, 210564.124, 314200.777, 416114.400, 516041.997, 613845.050, 709460.691, 802864.195, 894047.096, 983006.856, 1069742.810, 1154254.802, 1236542.800, 1316606.800, 1394446.800, 1470062.800, 1543454.800, 1614622.800, 1683566.800, 1750286.800, 1814782.800, 1877054.800, 1937102.800, 1994926.800, 2050526.800, 2103902.800, 2155054.800, 2203982.800, 2250686.800, 2295166.800, 2337422.800, 2377454.800, 2415262.800, 2450846.800, 2484206.800, 2515342.800, 2544254.800, 2570942.800, 2595406.800, 2617646.800, 2637662.800, 2655454.800, 2671022.800, 2684366.800, 2695486.800, 2704382.800, 2711054.800, 2715502.800, 2717726.800, 2717726.800, 2715502.800, 2711054.800, 2704382.800, 2695486.800, 2684366.800, 2671022.800, 2655454.800, 2637662.800, 2617646.800, 2595406.800, 2570942.800, 2544254.800, 2515342.800, 2484206.800, 2450846.800, 2415262.800, 2377454.800, 2337422.800, 2295166.800, 2250686.800, 2203982.800, 2155054.800, 2103902.800, 2050526.800, 1994926.800, 1937102.800, 1877054.800, 1814782.800, 1750286.800, 1683566.800, 1614622.800, 1543454.800, 1470062.800, 1394446.800, 1316606.800, 1236542.800, 1154254.802, 1069742.810, 983006.856, 894047.096, 802864.195, 709460.691, 613845.050, 516041.997, 416114.400, 314200.777, 210564.124, 105632.472,    0.000,
   0.000, 112472.010, 224197.818, 334544.772, 443057.129, 549454.862, 653590.490, 755397.072, 854848.286, 951935.115, 1046654.860, 1139006.810, 1228990.802, 1316606.800, 1401854.800, 1484734.800, 1565246.800, 1643390.800, 1719166.800, 1792574.800, 1863614.800, 1932286.800, 1998590.800, 2062526.800, 2124094.800, 2183294.800, 2240126.800, 2294590.800, 2346686.800, 2396414.800, 2443774.800, 2488766.800, 2531390.800, 2571646.800, 2609534.800, 2645054.800, 2678206.800, 2708990.800, 2737406.800, 2763454.800, 2787134.800, 2808446.800, 2827390.800, 2843966.800, 2858174.800, 2870014.800, 2879486.800, 2886590.800, 2891326.800, 2893694.800, 2893694.800, 2891326.800, 2886590.800, 2879486.800, 2870014.800, 2858174.800, 2843966.800, 2827390.800, 2808446.800, 2787134.800, 2763454.800, 2737406.800, 2708990.800, 2678206.800, 2645054.800, 2609534.800, 2571646.800, 2531390.800, 2488766.800, 2443774.800, 2396414.800, 2346686.800, 2294590.800, 2240126.800, 2183294.800, 2124094.800, 2062526.800, 1998590.800, 1932286.800, 1863614.800, 1792574.800, 1719166.800, 1643390.800, 1565246.800, 1484734.800, 1401854.800, 1316606.800, 1228990.802, 1139006.810, 1046654.860, 951935.115, 854848.286, 755397.072, 653590.490, 549454.862, 443057.129, 334544.772, 224197.818, 112472.010,    0.000,
   0.000, 119121.560, 237452.799, 354323.657, 469251.449, 581939.593, 692231.889, 800057.443, 905388.373, 1008215.133, 1108534.863, 1206346.811, 1301650.802, 1394446.800, 1484734.800, 1572514.800, 1657786.800, 1740550.800, 1820806.800, 1898554.800, 1973794.800, 2046526.800, 2116750.800, 2184466.800, 2249674.800, 2312374.800, 2372566.800, 2430250.800, 2485426.800, 2538094.800, 2588254.800, 2635906.800, 2681050.800, 2723686.800, 2763814.800, 2801434.800, 2836546.800, 2869150.800, 2899246.800, 2926834.800, 2951914.800, 2974486.800, 2994550.800, 3012106.800, 3027154.800, 3039694.800, 3049726.800, 3057250.800, 3062266.800, 3064774.800, 3064774.800, 3062266.800, 3057250.800, 3049726.800, 3039694.800, 3027154.800, 3012106.800, 2994550.800, 2974486.800, 2951914.800, 2926834.800, 2899246.800, 2869150.800, 2836546.800, 2801434.800, 2763814.800, 2723686.800, 2681050.800, 2635906.800, 2588254.800, 2538094.800, 2485426.800, 2430250.800, 2372566.800, 2312374.800, 2249674.800, 2184466.800, 2116750.800, 2046526.800, 1973794.800, 1898554.800, 1820806.800, 1740550.800, 1657786.800, 1572514.800, 1484734.800, 1394446.800, 1301650.802, 1206346.811, 1108534.863, 1008215.133, 905388.373, 800057.443, 692231.889, 581939.593, 469251.449, 354323.657, 237452.799, 119121.560,    0.000,
   0.000, 125581.123, 250329.066, 373537.431, 494697.359, 613496.188, 729769.249, 843441.803, 954484.458, 1062887.151, 1168646.867, 1271762.811, 1372234.802, 1470062.800, 1565246.800, 1657786.800, 1747682.800, 1834934.800, 1919542.800, 2001506.800, 2080826.800, 2157502.800, 2231534.800, 2302922.800, 2371666.800, 2437766.800, 2501222.800, 2562034.800, 2620202.800, 2675726.800, 2728606.800, 2778842.800, 2826434.800, 2871382.800, 2913686.800, 2953346.800, 2990362.800, 3024734.800, 3056462.800, 3085546.800, 3111986.800, 3135782.800, 3156934.800, 3175442.800, 3191306.800, 3204526.800, 3215102.800, 3223034.800, 3228322.800, 3230966.800, 3230966.800, 3228322.800, 3223034.800, 3215102.800, 3204526.800, 3191306.800, 3175442.800, 3156934.800, 3135782.800, 3111986.800, 3085546.800, 3056462.800, 3024734.800, 2990362.800, 2953346.800, 2913686.800, 2871382.800, 2826434.800, 2778842.800, 2728606.800, 2675726.800, 2620202.800, 2562034.800, 2501222.800, 2437766.800, 2371666.800, 2302922.800, 2231534.800, 2157502.800, 2080826.800, 2001506.800, 1919542.800, 1834934.800, 1747682.800, 1657786.800, 1565246.800, 1470062.800, 1372234.802, 1271762.811, 1168646.867, 1062887.151, 954484.458, 843441.803, 729769.249, 613496.188, 494697.359, 373537.431, 250329.066, 125581.123,    0.000,
   0.000, 131850.699, 262826.619, 392186.094, 519394.861, 644124.648, 766202.569, 885550.152, 1002136.541, 1115951.169, 1226990.870, 1335254.812, 1440742.802, 1543454.800, 1643390.800, 1740550.800, 1834934.800, 1926542.800, 2015374.800, 2101430.800, 2184710.800, 2265214.800, 2342942.800, 2417894.800, 2490070.800, 2559470.800, 2626094.800, 2689942.800, 2751014.800, 2809310.800, 2864830.800, 2917574.800, 2967542.800, 3014734.800, 3059150.800, 3100790.800, 3139654.800, 3175742.800, 3209054.800, 3239590.800, 3267350.800, 3292334.800, 3314542.800, 3333974.800, 3350630.800, 3364510.800, 3375614.800, 3383942.800, 3389494.800, 3392270.800, 3392270.800, 3389494.800, 3383942.800, 3375614.800, 3364510.800, 3350630.800, 3333974.800, 3314542.800, 3292334.800, 3267350.800, 3239590.800, 3209054.800, 3175742.800, 3139654.800, 3100790.800, 3059150.800, 3014734.800, 2967542.800, 2917574.800, 2864830.800, 2809310.800, 2751014.800, 2689942.800, 2626094.800, 2559470.800, 2490070.800, 2417894.800, 2342942.800, 2265214.800, 2184710.800, 2101430.800, 2015374.800, 1926542.800, 1834934.800, 1740550.800, 1643390.800, 1543454.800, 1440742.802, 1335254.812, 1226990.870, 1115951.169, 1002136.541, 885550.152, 766202.569, 644124.648, 519394.861, 392186.094, 262826.619, 131850.699,    0.000,
   0.000, 137930.288, 274945.458, 410269.646, 543343.953, 673824.973, 801531.848, 926382.491, 1048344.621, 1167407.186, 1283566.873, 1396822.812, 1507174.802, 1614622.800, 1719166.800, 1820806.800, 1919542.800, 2015374.800, 2108302.800, 2198326.800, 2285446.800, 2369662.800, 2450974.800, 2529382.800, 2604886.800, 2677486.800, 2747182.800, 2813974.800, 2877862.800, 2938846.800, 2996926.800, 3052102.800, 3104374.800, 3153742.800, 3200206.800, 3243766.800, 3284422.800, 3322174.800, 3357022.800, 3388966.800, 3418006.800, 3444142.800, 3467374.800, 3487702.800, 3505126.800, 3519646.800, 3531262.800, 3539974.800, 3545782.800, 3548686.800, 3548686.800, 3545782.800, 3539974.800, 3531262.800, 3519646.800, 3505126.800, 3487702.800, 3467374.800, 3444142.800, 3418006.800, 3388966.800, 3357022.800, 3322174.800, 3284422.800, 3243766.800, 3200206.800, 3153742.800, 3104374.800, 3052102.800, 2996926.800, 2938846.800, 2877862.800, 2813974.800, 2747182.800, 2677486.800, 2604886.800, 2529382.800, 2450974.800, 2369662.800, 2285446.800, 2198326.800, 2108302.800, 2015374.800, 1919542.800, 1820806.800, 1719166.800, 1614622.800, 1507174.802, 1396822.812, 1283566.873, 1167407.186, 1048344.621, 926382.491, 801531.848, 673824.973, 543343.953, 410269.646, 274945.458, 137930.288,    0.000,
   0.000, 143819.890, 286685.583, 427788.087, 566544.636, 702597.163, 835757.088, 965938.819, 1093108.699, 1217255.202, 1338374.876, 1456466.813, 1571530.802, 1683566.800, 1792574.800, 1898554.800, 2001506.800, 2101430.800, 2198326.800, 2292194.800, 2383034.800, 2470846.800, 2555630.800, 2637386.800, 2716114.800, 2791814.800, 2864486.800, 2934130.800, 3000746.800, 3064334.800, 3124894.800, 3182426.800, 3236930.800, 3288406.800, 3336854.800, 3382274.800, 3424666.800, 3464030.800, 3500366.800, 3533674.800, 3563954.800, 3591206.800, 3615430.800, 3636626.800, 3654794.800, 3669934.800, 3682046.800, 3691130.800, 3697186.800, 3700214.800, 3700214.800, 3697186.800, 3691130.800, 3682046.800, 3669934.800, 3654794.800, 3636626.800, 3615430.800, 3591206.800, 3563954.800, 3533674.800, 3500366.800, 3464030.800, 3424666.800, 3382274.800, 3336854.800, 3288406.800, 3236930.800, 3182426.800, 3124894.800, 3064334.800, 3000746.800, 2934130.800, 2864486.800, 2791814.800, 2716114.800, 2637386.800, 2555630.800, 2470846.800, 2383034.800, 2292194.800, 2198326.800, 2101430.800, 2001506.800, 1898554.800, 1792574.800, 1683566.800, 1571530.802, 1456466.813, 1338374.876, 1217255.202, 1093108.699, 965938.819, 835757.088, 702597.163, 566544.636, 427788.087, 286685.583, 143819.890,    0.000,
   0.000, 149519.505, 298046.995, 444741.417, 588996.910, 730441.218, 868878.287, 1004219.137, 1136428.774, 1265495.218, 1391414.879, 1514186.813, 1633810.802, 1750286.800, 1863614.800, 1973794.800, 2080826.800, 2184710.800, 2285446.800, 2383034.800, 2477474.800, 2568766.800, 2656910.800, 2741906.800, 2823754.800, 2902454.800, 2978006.800, 3050410.800, 3119666.800, 3185774.800, 3248734.800, 3308546.800, 3365210.800, 3418726.800, 3469094.800, 3516314.800, 3560386.800, 3601310.800, 3639086.800, 3673714.800, 3705194.800, 3733526.800, 3758710.800, 3780746.800, 3799634.800, 3815374.800, 3827966.800, 3837410.800, 3843706.800, 3846854.800, 3846854.800, 3843706.800, 3837410.800, 3827966.800, 3815374.800, 3799634.800, 3780746.800, 3758710.800, 3733526.800, 3705194.800, 3673714.800, 3639086.800, 3601310.800, 3560386.800, 3516314.800, 3469094.800, 3418726.800, 3365210.800, 3308546.800, 3248734.800, 3185774.800, 3119666.800, 3050410.800, 2978006.800, 2902454.800, 2823754.800, 2741906.800, 2656910.800, 2568766.800, 2477474.800, 2383034.800, 2285446.800, 2184710.800, 2080826.800, 1973794.800, 1863614.800, 1750286.800, 1633810.802, 1514186.813, 1391414.879, 1265495.218, 1136428.774, 1004219.137, 868878.287, 730441.218, 588996.910, 444741.417, 298046.995, 149519.505,    0.000,
   0.000, 155029.132, 309029.693, 461129.636, 610700.775, 757357.137, 900895.447, 1041223.444, 1178304.847, 1312127.234, 1442686.882, 1569982.814, 1694014.802, 1814782.800, 1932286.800, 2046526.800, 2157502.800, 2265214.800, 2369662.800, 2470846.800, 2568766.800, 2663422.800, 2754814.800, 2842942.800, 2927806.800, 3009406.800, 3087742.800, 3162814.800, 3234622.800, 3303166.800, 3368446.800, 3430462.800, 3489214.800, 3544702.800, 3596926.800, 3645886.800, 3691582.800, 3734014.800, 3773182.800, 3809086.800, 3841726.800, 3871102.800, 3897214.800, 3920062.800, 3939646.800, 3955966.800, 3969022.800, 3978814.800, 3985342.800, 3988606.800, 3988606.800, 3985342.800, 3978814.800, 3969022.800, 3955966.800, 3939646.800, 3920062.800, 3897214.800, 3871102.800, 3841726.800, 3809086.800, 3773182.800, 3734014.800, 3691582.800, 3645886.800, 3596926.800, 3544702.800, 3489214.800, 3430462.800, 3368446.800, 3303166.800, 3234622.800, 3162814.800, 3087742.800, 3009406.800, 2927806.800, 2842942.800, 2754814.800, 2663422.800, 2568766.800, 2470846.800, 2369662.800, 2265214.800, 2157502.800, 2046526.800, 1932286.800, 1814782.800, 1694014.802, 1569982.814, 1442686.882, 1312127.234, 1178304.847, 1041223.444, 900895.447, 757357.137, 610700.775, 461129.636, 309029.693, 155029.132,    0.000,
   0.000, 160348.772, 319633.678, 476952.744, 631656.231, 783344.922, 931808.566, 1076951.740, 1218736.917, 1357151.248, 1492190.885, 1623854.814, 1752142.802, 1877054.800, 1998590.800, 2116750.800, 2231534.800, 2342942.800, 2450974.800, 2555630.800, 2656910.800, 2754814.800, 2849342.800, 2940494.800, 3028270.800, 3112670.800, 3193694.800, 3271342.800, 3345614.800, 3416510.800, 3484030.800, 3548174.800, 3608942.800, 3666334.800, 3720350.800, 3770990.800, 3818254.800, 3862142.800, 3902654.800, 3939790.800, 3973550.800, 4003934.800, 4030942.800, 4054574.800, 4074830.800, 4091710.800, 4105214.800, 4115342.800, 4122094.800, 4125470.800, 4125470.800, 4122094.800, 4115342.800, 4105214.800, 4091710.800, 4074830.800, 4054574.800, 4030942.800, 4003934.800, 3973550.800, 3939790.800, 3902654.800, 3862142.800, 3818254.800, 3770990.800, 3720350.800, 3666334.800, 3608942.800, 3548174.800, 3484030.800, 3416510.800, 3345614.800, 3271342.800, 3193694.800, 3112670.800, 3028270.800, 2940494.800, 2849342.800, 2754814.800, 2656910.800, 2555630.800, 2450974.800, 2342942.800, 2231534.800, 2116750.800, 1998590.800, 1877054.800, 1752142.802, 1623854.814, 1492190.885, 1357151.248, 1218736.917, 1076951.740, 931808.566, 783344.922, 631656.231, 476952.744, 319633.678, 160348.772,    0.000,
   0.000, 165478.425, 329858.948, 492210.741, 651863.277, 808404.571, 961617.646, 1111404.026, 1257724.985, 1400567.263, 1539926.888, 1675802.815, 1808194.802, 1937102.800, 2062526.800, 2184466.800, 2302922.800, 2417894.800, 2529382.800, 2637386.800, 2741906.800, 2842942.800, 2940494.800, 3034562.800, 3125146.800, 3212246.800, 3295862.800, 3375994.800, 3452642.800, 3525806.800, 3595486.800, 3661682.800, 3724394.800, 3783622.800, 3839366.800, 3891626.800, 3940402.800, 3985694.800, 4027502.800, 4065826.800, 4100666.800, 4132022.800, 4159894.800, 4184282.800, 4205186.800, 4222606.800, 4236542.800, 4246994.800, 4253962.800, 4257446.800, 4257446.800, 4253962.800, 4246994.800, 4236542.800, 4222606.800, 4205186.800, 4184282.800, 4159894.800, 4132022.800, 4100666.800, 4065826.800, 4027502.800, 3985694.800, 3940402.800, 3891626.800, 3839366.800, 3783622.800, 3724394.800, 3661682.800, 3595486.800, 3525806.800, 3452642.800, 3375994.800, 3295862.800, 3212246.800, 3125146.800, 3034562.800, 2940494.800, 2842942.800, 2741906.800, 2637386.800, 2529382.800, 2417894.800, 2302922.800, 2184466.800, 2062526.800, 1937102.800, 1808194.802, 1675802.815, 1539926.888, 1400567.263, 1257724.985, 1111404.026, 961617.646, 808404.571, 651863.277, 492210.741, 329858.948, 165478.425,    0.000,
   0.000, 170418.091, 339705.505, 506903.627, 671321.915, 832536.085, 990322.686, 1144580.301, 1295269.050, 1442375.277, 1585894.890, 1725826.815, 1862170.802, 1994926.800, 2124094.800, 2249674.800, 2371666.800, 2490070.800, 2604886.800, 2716114.800, 2823754.800, 2927806.800, 3028270.800, 3125146.800, 3218434.800, 3308134.800, 3394246.800, 3476770.800, 3555706.800, 3631054.800, 3702814.800, 3770986.800, 3835570.800, 3896566.800, 3953974.800, 4007794.800, 4058026.800, 4104670.800, 4147726.800, 4187194.800, 4223074.800, 4255366.800, 4284070.800, 4309186.800, 4330714.800, 4348654.800, 4363006.800, 4373770.800, 4380946.800, 4384534.800, 4384534.800, 4380946.800, 4373770.800, 4363006.800, 4348654.800, 4330714.800, 4309186.800, 4284070.800, 4255366.800, 4223074.800, 4187194.800, 4147726.800, 4104670.800, 4058026.800, 4007794.800, 3953974.800, 3896566.800, 3835570.800, 3770986.800, 3702814.800, 3631054.800, 3555706.800, 3476770.800, 3394246.800, 3308134.800, 3218434.800, 3125146.800, 3028270.800, 2927806.800, 2823754.800, 2716114.800, 2604886.800, 2490070.800, 2371666.800, 2249674.800, 2124094.800, 1994926.800, 1862170.802, 1725826.815, 1585894.890, 1442375.277, 1295269.050, 1144580.301, 990322.686, 832536.085, 671321.915, 506903.627, 339705.505, 170418.091,    0.000,
   0.000, 175167.770, 349173.348, 521031.402, 690032.143, 855739.464, 1017923.685, 1176480.566, 1331369.113, 1482575.290, 1630094.893, 1773926.816, 1914070.802, 2050526.800, 2183294.800, 2312374.800, 2437766.800, 2559470.800, 2677486.800, 2791814.800, 2902454.800, 3009406.800, 3112670.800, 3212246.800, 3308134.800, 3400334.800, 3488846.800, 3573670.800, 3654806.800, 3732254.800, 3806014.800, 3876086.800, 3942470.800, 4005166.800, 4064174.800, 4119494.800, 4171126.800, 4219070.800, 4263326.800, 4303894.800, 4340774.800, 4373966.800, 4403470.800, 4429286.800, 4451414.800, 4469854.800, 4484606.800, 4495670.800, 4503046.800, 4506734.800, 4506734.800, 4503046.800, 4495670.800, 4484606.800, 4469854.800, 4451414.800, 4429286.800, 4403470.800, 4373966.800, 4340774.800, 4303894.800, 4263326.800, 4219070.800, 4171126.800, 4119494.800, 4064174.800, 4005166.800, 3942470.800, 3876086.800, 3806014.800, 3732254.800, 3654806.800, 3573670.800, 3488846.800, 3400334.800, 3308134.800, 3212246.800, 3112670.800, 3009406.800, 2902454.800, 2791814.800, 2677486.800, 2559470.800, 2437766.800, 2312374.800, 2183294.800, 2050526.800, 1914070.802, 1773926.816, 1630094.893, 1482575.290, 1331369.113, 1176480.566, 1017923.685, 855739.464, 690032.143, 521031.402, 349173.348, 175167.770,    0.000,
   0.000, 179727.462, 358262.478, 534594.066, 707993.962, 878014.707, 1044420.645, 1207104.820, 1366025.173, 1521167.303, 1672526.895, 1820102.816, 1963894.802, 2103902.800, 2240126.800, 2372566.800, 2501222.800, 2626094.800, 2747182.800, 2864486.800, 2978006.800, 3087742.800, 3193694.800, 3295862.800, 3394246.800, 3488846.800, 3579662.800, 3666694.800, 3749942.800, 3829406.800, 3905086.800, 3976982.800, 4045094.800, 4109422.800, 4169966.800, 4226726.800, 4279702.800, 4328894.800, 4374302.800, 4415926.800, 4453766.800, 4487822.800, 4518094.800, 4544582.800, 4567286.800, 4586206.800, 4601342.800, 4612694.800, 4620262.800, 4624046.800, 4624046.800, 4620262.800, 4612694.800, 4601342.800, 4586206.800, 4567286.800, 4544582.800, 4518094.800, 4487822.800, 4453766.800, 4415926.800, 4374302.800, 4328894.800, 4279702.800, 4226726.800, 4169966.800, 4109422.800, 4045094.800, 3976982.800, 3905086.800, 3829406.800, 3749942.800, 3666694.800, 3579662.800, 3488846.800, 3394246.800, 3295862.800, 3193694.800, 3087742.800, 2978006.800, 2864486.800, 2747182.800, 2626094.800, 2501222.800, 2372566.800, 2240126.800, 2103902.800, 1963894.802, 1820102.816, 1672526.895, 1521167.303, 1366025.173, 1207104.820, 1044420.645, 878014.707, 707993.962, 534594.066, 358262.478, 179727.462,    0.000,
   0.000, 184097.166, 366972.894, 547591.619, 725207.372, 899361.816, 1069813.565, 1236453.063, 1399237.230, 1558151.315, 1713190.897, 1864354.817, 2011642.802, 2155054.800, 2294590.800, 2430250.800, 2562034.800, 2689942.800, 2813974.800, 2934130.800, 3050410.800, 3162814.800, 3271342.800, 3375994.800, 3476770.800, 3573670.800, 3666694.800, 3755842.800, 3841114.800, 3922510.800, 4000030.800, 4073674.800, 4143442.800, 4209334.800, 4271350.800, 4329490.800, 4383754.800, 4434142.800, 4480654.800, 4523290.800, 4562050.800, 4596934.800, 4627942.800, 4655074.800, 4678330.800, 4697710.800, 4713214.800, 4724842.800, 4732594.800, 4736470.800, 4736470.800, 4732594.800, 4724842.800, 4713214.800, 4697710.800, 4678330.800, 4655074.800, 4627942.800, 4596934.800, 4562050.800, 4523290.800, 4480654.800, 4434142.800, 4383754.800, 4329490.800, 4271350.800, 4209334.800, 4143442.800, 4073674.800, 4000030.800, 3922510.800, 3841114.800, 3755842.800, 3666694.800, 3573670.800, 3476770.800, 3375994.800, 3271342.800, 3162814.800, 3050410.800, 2934130.800, 2813974.800, 2689942.800, 2562034.800, 2430250.800, 2294590.800, 2155054.800, 2011642.802, 1864354.817, 1713190.897, 1558151.315, 1399237.230, 1236453.063, 1069813.565, 899361.816, 725207.372, 547591.619, 366972.894, 184097.166,    0.000,
   0.000, 188276.884, 375304.596, 560024.061, 741672.373, 919780.789, 1094102.445, 1264525.296, 1431005.286, 1593527.326, 1752086.900, 1906682.817, 2057314.803, 2203982.800, 2346686.800, 2485426.800, 2620202.800, 2751014.800, 2877862.800, 3000746.800, 3119666.800, 3234622.800, 3345614.800, 3452642.800, 3555706.800, 3654806.800, 3749942.800, 3841114.800, 3928322.800, 4011566.800, 4090846.800, 4166162.800, 4237514.800, 4304902.800, 4368326.800, 4427786.800, 4483282.800, 4534814.800, 4582382.800, 4625986.800, 4665626.800, 4701302.800, 4733014.800, 4760762.800, 4784546.800, 4804366.800, 4820222.800, 4832114.800, 4840042.800, 4844006.800, 4844006.800, 4840042.800, 4832114.800, 4820222.800, 4804366.800, 4784546.800, 4760762.800, 4733014.800, 4701302.800, 4665626.800, 4625986.800, 4582382.800, 4534814.800, 4483282.800, 4427786.800, 4368326.800, 4304902.800, 4237514.800, 4166162.800, 4090846.800, 4011566.800, 3928322.800, 3841114.800, 3749942.800, 3654806.800, 3555706.800, 3452642.800, 3345614.800, 3234622.800, 3119666.800, 3000746.800, 2877862.800, 2751014.800, 2620202.800, 2485426.800, 2346686.800, 2203982.800, 2057314.803, 1906682.817, 1752086.900, 1593527.326, 1431005.286, 1264525.296, 1094102.445, 919780.789, 741672.373, 560024.061, 375304.596, 188276.884,    0.000,
   0.000, 192266.614, 383257.584, 571891.392, 757388.965, 939271.628, 1117287.284, 1291321.518, 1461329.338, 1627295.338, 1789214.902, 1947086.817, 2100910.803, 2250686.800, 2396414.800, 2538094.800, 2675726.800, 2809310.800, 2938846.800, 3064334.800, 3185774.800, 3303166.800, 3416510.800, 3525806.800, 3631054.800, 3732254.800, 3829406.800, 3922510.800, 4011566.800, 4096574.800, 4177534.800, 4254446.800, 4327310.800, 4396126.800, 4460894.800, 4521614.800, 4578286.800, 4630910.800, 4679486.800, 4724014.800, 4764494.800, 4800926.800, 4833310.800, 4861646.800, 4885934.800, 4906174.800, 4922366.800, 4934510.800, 4942606.800, 4946654.800, 4946654.800, 4942606.800, 4934510.800, 4922366.800, 4906174.800, 4885934.800, 4861646.800, 4833310.800, 4800926.800, 4764494.800, 4724014.800, 4679486.800, 4630910.800, 4578286.800, 4521614.800, 4460894.800, 4396126.800, 4327310.800, 4254446.800, 4177534.800, 4096574.800, 4011566.800, 3922510.800, 3829406.800, 3732254.800, 3631054.800, 3525806.800, 3416510.800, 3303166.800, 3185774.800, 3064334.800, 2938846.800, 2809310.800, 2675726.800, 2538094.800, 2396414.800, 2250686.800, 2100910.803, 1947086.817, 1789214.902, 1627295.338, 1461329.338, 1291321.518, 1117287.284, 939271.628, 757388.965, 571891.392, 383257.584, 192266.614,    0.000,
   0.000, 196066.357, 390831.858, 583193.612, 772357.148, 957834.331, 1139368.084, 1316841.730, 1490209.388, 1659455.348, 1824574.904, 1985566.818, 2142430.803, 2295166.800, 2443774.800, 2588254.800, 2728606.800, 2864830.800, 2996926.800, 3124894.800, 3248734.800, 3368446.800, 3484030.800, 3595486.800, 3702814.800, 3806014.800, 3905086.800, 4000030.800, 4090846.800, 4177534.800, 4260094.800, 4338526.800, 4412830.800, 4483006.800, 4549054.800, 4610974.800, 4668766.800, 4722430.800, 4771966.800, 4817374.800, 4858654.800, 4895806.800, 4928830.800, 4957726.800, 4982494.800, 5003134.800, 5019646.800, 5032030.800, 5040286.800, 5044414.800, 5044414.800, 5040286.800, 5032030.800, 5019646.800, 5003134.800, 4982494.800, 4957726.800, 4928830.800, 4895806.800, 4858654.800, 4817374.800, 4771966.800, 4722430.800, 4668766.800, 4610974.800, 4549054.800, 4483006.800, 4412830.800, 4338526.800, 4260094.800, 4177534.800, 4090846.800, 4000030.800, 3905086.800, 3806014.800, 3702814.800, 3595486.800, 3484030.800, 3368446.800, 3248734.800, 3124894.800, 2996926.800, 2864830.800, 2728606.800, 2588254.800, 2443774.800, 2295166.800, 2142430.803, 1985566.818, 1824574.904, 1659455.348, 1490209.388, 1316841.730, 1139368.084, 957834.331, 772357.148, 583193.612, 390831.858, 196066.357,    0.000,
