   0.000,    0.000,    0.000,    0.000,    0.000,    0.000,    0.000,    0.000,    0.000,    0.000,    0.000,    0.000,    0.000,    0.000,    0.000,    0.000,    0.000,    0.000,    0.000,    0.000,    0.000,    0.000,    0.000,    0.000,    0.000,    0.000,    0.000,    0.000,    0.000,    0.000,    0.000,    0.000,    0.000,    0.000,    0.000,    0.000,    0.000,    0.000,    0.000,    0.000,    0.000,    0.000,    0.000,    0.000,    0.000,    0.000,    0.000,    0.000,    0.000,    0.000,    0.000,    0.000,    0.000,    0.000,    0.000,    0.000,    0.000,    0.000,    0.000,    0.000,    0.000,    0.000,    0.000,    0.000,    0.000,    0.000,    0.000,    0.000,    0.000,    0.000,    0.000,    0.000,    0.000,    0.000,    0.000,    0.000,    0.000,    0.000,    0.000,    0.000,    0.000,    0.000,    0.000,    0.000,    0.000,    0.000,    0.000,    0.000,    0.000,    0.000,    0.000,    0.000,    0.000,    0.000,    0.000,    0.000,    0.000,    0.000,    0.000,    0.000,
   0.000, 8901.214, 17751.124, 26504.278, 35124.970, 43588.287, 51878.765, 59987.835, 67911.252, 75647.128, 83194.708, 90553.718, 97724.070, 104705.738, 111498.714, 118102.997, 124518.586, 130745.482, 136783.683, 142633.191, 148294.005, 153766.125, 159049.551, 164144.284, 169050.323, 173767.668, 178296.319, 182636.276, 186787.540, 190750.109, 194523.985, 198109.168, 201505.656, 204713.451, 207732.551, 210562.958, 213204.671, 215657.691, 217922.016, 219997.648, 221884.586, 223582.830, 225092.381, 226413.237, 227545.400, 228488.869, 229243.644, 229809.726, 230187.113, 230375.807, 230375.807, 230187.113, 229809.726, 229243.644, 228488.869, 227545.400, 226413.237, 225092.381, 223582.830, 221884.586, 219997.648, 217922.016, 215657.691, 213204.671, 210562.958, 207732.551, 204713.451, 201505.656, 198109.168, 194523.985, 190750.109, 186787.540, 182636.276, 178296.319, 173767.668, 169050.323, 164144.284, 159049.551, 153766.125, 148294.005, 142633.191, 136783.683, 130745.482, 124518.586, 118102.997, 111498.714, 104705.738, 97724.070, 90553.718, 83194.708, 75647.128, 67911.252, 59987.835, 51878.765, 43588.287, 35124.970, 26504.278, 17751.124, 8901.214,    0.000,
   0.000, 17751.124, 35399.936, 52855.791, 70047.481, 86925.328, 103458.489, 119629.881, 135431.036, 150858.190, 165909.836, 180585.431, 194884.798, 208807.883, 222354.672, 235525.163, 248319.355, 260737.247, 272778.839, 284444.131, 295733.123, 306645.816, 317182.209, 327342.302, 337126.096, 346533.590, 355564.784, 364219.678, 372498.272, 380400.567, 387926.562, 395076.257, 401849.653, 408246.748, 414267.544, 419912.041, 425180.237, 430072.134, 434587.731, 438727.028, 442490.026, 445876.723, 448887.121, 451521.220, 453779.018, 455660.517, 457165.716, 458294.615, 459047.215, 459423.514, 459423.514, 459047.215, 458294.615, 457165.716, 455660.517, 453779.018, 451521.220, 448887.121, 445876.723, 442490.026, 438727.028, 434587.731, 430072.134, 425180.237, 419912.041, 414267.544, 408246.748, 401849.653, 395076.257, 387926.562, 380400.567, 372498.272, 364219.678, 355564.784, 346533.590, 337126.096, 327342.302, 317182.209, 306645.816, 295733.123, 284444.131, 272778.839, 260737.247, 248319.355, 235525.163, 222354.672, 208807.883, 194884.798, 180585.431, 165909.836, 150858.190, 135431.036, 119629.881, 103458.489, 86925.328, 70047.481, 52855.791, 35399.936, 17751.124,    0.000,
   0.000, 26504.278, 52855.791, 78919.193, 104588.164, 129788.529, 154474.240, 178619.789, 202212.536, 225246.859, 247720.511, 269632.680, 290983.100, 311771.695, 331998.441, 351663.335, 370766.375, 389307.562, 407286.894, 424704.371, 441559.995, 457853.765, 473585.680, 488755.742, 503363.949, 517410.302, 530894.801, 543817.446, 556178.236, 567977.173, 579214.256, 589889.484, 600002.858, 609554.378, 618544.044, 626971.856, 634837.814, 642141.917, 648884.167, 655064.562, 660683.104, 665739.791, 670234.624, 674167.603, 677538.727, 680347.998, 682595.414, 684280.977, 685404.685, 685966.539, 685966.539, 685404.685, 684280.977, 682595.414, 680347.998, 677538.727, 674167.603, 670234.624, 665739.791, 660683.104, 655064.562, 648884.167, 642141.917, 634837.814, 626971.856, 618544.044, 609554.378, 600002.858, 589889.484, 579214.256, 567977.173, 556178.236, 543817.446, 530894.801, 517410.302, 503363.949, 488755.742, 473585.680, 457853.765, 441559.995, 424704.371, 407286.894, 389307.562, 370766.375, 351663.335, 331998.441, 311771.695, 290983.100, 269632.680, 247720.511, 225246.859, 202212.536, 178619.789, 154474.240, 129788.529, 104588.164, 78919.193, 52855.791, 26504.278,    0.000,
   0.000, 35124.970, 70047.481, 104588.164, 138606.114, 172003.036, 204717.903, 236716.914, 267983.319, 298509.670, 328292.988, 357332.197, 385626.948, 413177.134, 439982.730, 466043.727, 491360.125, 515931.923, 539759.121, 562841.720, 585179.718, 606773.116, 627621.915, 647726.113, 667085.711, 685700.710, 703571.109, 720696.907, 737078.106, 752714.705, 767606.704, 781754.102, 795156.901, 807815.100, 819728.699, 830897.699, 841322.098, 851001.897, 859937.096, 868127.696, 875573.695, 882275.095, 888231.894, 893444.094, 897911.693, 901634.693, 904613.093, 906846.893, 908336.093, 909080.692, 909080.692, 908336.093, 906846.893, 904613.093, 901634.693, 897911.693, 893444.094, 888231.894, 882275.095, 875573.695, 868127.696, 859937.096, 851001.897, 841322.098, 830897.699, 819728.699, 807815.100, 795156.901, 781754.102, 767606.704, 752714.705, 737078.106, 720696.907, 703571.109, 685700.710, 667085.711, 647726.113, 627621.915, 606773.116, 585179.718, 562841.720, 539759.121, 515931.923, 491360.125, 466043.727, 439982.730, 413177.134, 385626.948, 357332.197, 328292.988, 298509.670, 267983.319, 236716.914, 204717.903, 172003.036, 138606.114, 104588.164, 70047.481, 35124.970,    0.000,
   0.000, 43588.287, 86925.328, 129788.529, 172003.036, 213446.868, 254044.300, 293753.387, 332553.347, 370434.937, 407394.462, 443430.588, 478542.879, 512731.206, 545995.534, 578335.856, 609752.169, 640244.473, 669812.768, 698457.053, 726177.329, 752973.596, 778845.854, 803794.103, 827818.342, 850918.573, 873094.794, 894347.006, 914675.208, 934079.402, 952559.586, 970115.761, 986747.926, 1002456.083, 1017240.230, 1031100.369, 1044036.497, 1056048.617, 1067136.728, 1077300.829, 1086540.921, 1094857.004, 1102249.078, 1108717.142, 1114261.197, 1118881.243, 1122577.280, 1125349.308, 1127197.326, 1128121.336, 1128121.336, 1127197.326, 1125349.308, 1122577.280, 1118881.243, 1114261.197, 1108717.142, 1102249.078, 1094857.004, 1086540.921, 1077300.829, 1067136.728, 1056048.617, 1044036.497, 1031100.369, 1017240.230, 1002456.083, 986747.926, 970115.761, 952559.586, 934079.402, 914675.208, 894347.006, 873094.794, 850918.573, 827818.342, 803794.103, 778845.854, 752973.596, 726177.329, 698457.053, 669812.768, 640244.473, 609752.169, 578335.856, 545995.534, 512731.206, 478542.879, 443430.588, 407394.462, 370434.937, 332553.347, 293753.387, 254044.300, 213446.868, 172003.036, 129788.529, 86925.328, 43588.287,    0.000,
   0.000, 51878.765, 103458.489, 154474.240, 204717.903, 254044.300, 302363.304, 349624.998, 395804.646, 440891.252, 484880.417, 527770.553, 569561.142, 610252.031, 649843.179, 688334.576, 725726.218, 762018.107, 797210.241, 831302.622, 864295.248, 896188.120, 926981.237, 956674.601, 985268.210, 1012762.065, 1039156.166, 1064450.513, 1088645.105, 1111739.944, 1133735.028, 1154630.358, 1174425.933, 1193121.755, 1210717.822, 1227214.135, 1242610.694, 1256907.498, 1270104.549, 1282201.845, 1293199.387, 1303097.175, 1311895.209, 1319593.488, 1326192.013, 1331690.784, 1336089.801, 1339389.064, 1341588.572, 1342688.326, 1342688.326, 1341588.572, 1339389.064, 1336089.801, 1331690.784, 1326192.013, 1319593.488, 1311895.209, 1303097.175, 1293199.387, 1282201.845, 1270104.549, 1256907.498, 1242610.694, 1227214.135, 1210717.822, 1193121.755, 1174425.933, 1154630.358, 1133735.028, 1111739.944, 1088645.105, 1064450.513, 1039156.166, 1012762.065, 985268.210, 956674.601, 926981.237, 896188.120, 864295.248, 831302.622, 797210.241, 762018.107, 725726.218, 688334.576, 649843.179, 610252.031, 569561.142, 527770.553, 484880.417, 440891.252, 395804.646, 349624.998, 302363.304, 254044.300, 204717.903, 154474.240, 103458.489, 51878.765,    0.000,
   0.000, 59987.835, 119629.881, 178619.789, 236716.914, 293753.387, 349624.998, 404274.028, 457671.879, 509805.836, 560670.814, 610264.977, 658587.726, 705638.885, 751418.405, 795926.275, 839162.491, 881127.055, 921819.965, 961241.222, 999390.825, 1036268.775, 1071875.072, 1106209.714, 1139272.704, 1171064.040, 1201583.723, 1230831.752, 1258808.128, 1285512.850, 1310945.919, 1335107.334, 1357997.096, 1379615.205, 1399961.660, 1419036.461, 1436839.610, 1453371.104, 1468630.946, 1482619.134, 1495335.668, 1506780.549, 1516953.777, 1525855.351, 1533485.271, 1539843.539, 1544930.152, 1548745.113, 1551288.420, 1552560.073, 1552560.073, 1551288.420, 1548745.113, 1544930.152, 1539843.539, 1533485.271, 1525855.351, 1516953.777, 1506780.549, 1495335.668, 1482619.134, 1468630.946, 1453371.104, 1436839.610, 1419036.461, 1399961.660, 1379615.205, 1357997.096, 1335107.334, 1310945.919, 1285512.850, 1258808.128, 1230831.752, 1201583.723, 1171064.040, 1139272.704, 1106209.714, 1071875.072, 1036268.775, 999390.825, 961241.222, 921819.965, 881127.055, 839162.491, 795926.275, 751418.405, 705638.885, 658587.726, 610264.977, 560670.814, 509805.836, 457671.879, 404274.028, 349624.998, 293753.387, 236716.914, 178619.789, 119629.881, 59987.835,    0.000,
   0.000, 67911.252, 135431.036, 202212.536, 267983.319, 332553.347, 395804.646, 457671.879, 518122.671, 577142.629, 634725.997, 690870.697, 745576.052, 798841.861, 850668.069, 901054.664, 950001.642, 997509.004, 1043576.749, 1088204.876, 1131393.387, 1173142.281, 1213451.557, 1252321.217, 1289751.260, 1325741.685, 1360292.494, 1393403.685, 1425075.260, 1455307.217, 1484099.558, 1511452.281, 1537365.387, 1561838.877, 1584872.749, 1606467.005, 1626621.643, 1645336.664, 1662612.068, 1678447.856, 1692844.026, 1705800.579, 1717317.515, 1727394.834, 1736032.537, 1743230.622, 1748989.090, 1753307.941, 1756187.175, 1757626.792, 1757626.792, 1756187.175, 1753307.941, 1748989.090, 1743230.622, 1736032.537, 1727394.834, 1717317.515, 1705800.579, 1692844.026, 1678447.856, 1662612.068, 1645336.664, 1626621.643, 1606467.005, 1584872.749, 1561838.877, 1537365.387, 1511452.281, 1484099.558, 1455307.217, 1425075.260, 1393403.685, 1360292.494, 1325741.685, 1289751.260, 1252321.217, 1213451.557, 1173142.281, 1131393.387, 1088204.876, 1043576.749, 997509.004, 950001.642, 901054.664, 850668.069, 798841.861, 745576.052, 690870.697, 634725.997, 577142.629, 518122.671, 457671.879, 395804.646, 332553.347, 267983.319, 202212.536, 135431.036, 67911.252,    0.000,
   0.000, 75647.128, 150858.190, 225246.859, 298509.670, 370434.937, 440891.252, 509805.836, 577142.629, 642885.600, 707028.337, 769568.526, 830505.413, 889838.773, 947568.548, 1003694.721, 1058217.290, 1111136.255, 1162451.614, 1212163.368, 1260271.518, 1306776.062, 1351677.002, 1394974.336, 1436668.066, 1476758.190, 1515244.710, 1552127.624, 1587406.934, 1621082.639, 1653154.738, 1683623.233, 1712488.123, 1739749.407, 1765407.087, 1789461.162, 1811911.631, 1832758.496, 1852001.756, 1869641.411, 1885677.461, 1900109.905, 1912938.745, 1924163.980, 1933785.610, 1941803.635, 1948218.055, 1953028.870, 1956236.080, 1957839.685, 1957839.685, 1956236.080, 1953028.870, 1948218.055, 1941803.635, 1933785.610, 1924163.980, 1912938.745, 1900109.905, 1885677.461, 1869641.411, 1852001.756, 1832758.496, 1811911.631, 1789461.162, 1765407.087, 1739749.407, 1712488.123, 1683623.233, 1653154.738, 1621082.639, 1587406.934, 1552127.624, 1515244.710, 1476758.190, 1436668.066, 1394974.336, 1351677.002, 1306776.062, 1260271.518, 1212163.368, 1162451.614, 1111136.255, 1058217.290, 1003694.721, 947568.548, 889838.773, 830505.413, 769568.526, 707028.337, 642885.600, 577142.629, 509805.836, 440891.252, 370434.937, 298509.670, 225246.859, 150858.190, 75647.128,    0.000,
   0.000, 83194.708, 165909.836, 247720.511, 328292.988, 407394.462, 484880.417, 560670.814, 634725.997, 707028.337, 777570.783, 846350.790, 913367.528, 978620.751, 1042110.394, 1103836.439, 1163798.885, 1221997.729, 1278432.972, 1333104.613, 1386012.653, 1437157.092, 1486537.930, 1534155.166, 1580008.801, 1624098.834, 1666425.266, 1706988.097, 1745787.326, 1782822.955, 1818094.981, 1851603.407, 1883348.231, 1913329.454, 1941547.075, 1968001.095, 1992691.514, 2015618.331, 2036781.547, 2056181.162, 2073817.176, 2089689.588, 2103798.398, 2116143.608, 2126725.216, 2135543.222, 2142597.628, 2147888.432, 2151415.634, 2153179.236, 2153179.236, 2151415.634, 2147888.432, 2142597.628, 2135543.222, 2126725.216, 2116143.608, 2103798.398, 2089689.588, 2073817.176, 2056181.162, 2036781.547, 2015618.331, 1992691.514, 1968001.095, 1941547.075, 1913329.454, 1883348.231, 1851603.407, 1818094.981, 1782822.955, 1745787.326, 1706988.097, 1666425.266, 1624098.834, 1580008.801, 1534155.166, 1486537.930, 1437157.092, 1386012.653, 1333104.613, 1278432.972, 1221997.729, 1163798.885, 1103836.439, 1042110.394, 978620.751, 913367.528, 846350.790, 777570.783, 707028.337, 634725.997, 560670.814, 484880.417, 407394.462, 328292.988, 247720.511, 165909.836, 83194.708,    0.000,
   0.000, 90553.718, 180585.431, 269632.680, 357332.197, 443430.588, 527770.553, 610264.977, 690870.697, 769568.526, 846350.790, 921214.718, 994159.408, 1065184.591, 1134290.197, 1201476.207, 1266742.619, 1330089.429, 1391516.640, 1451024.250, 1508612.260, 1564280.670, 1618029.479, 1669858.688, 1719768.297, 1767758.305, 1813828.713, 1857979.520, 1900210.728, 1940522.335, 1978914.341, 2015386.747, 2049939.553, 2082572.759, 2113286.364, 2142080.369, 2168954.774, 2193909.578, 2216944.782, 2238060.386, 2257256.389, 2274532.792, 2289889.595, 2303326.797, 2314844.399, 2324442.401, 2332120.802, 2337879.603, 2341718.804, 2343638.404, 2343638.404, 2341718.804, 2337879.603, 2332120.802, 2324442.401, 2314844.399, 2303326.797, 2289889.595, 2274532.792, 2257256.389, 2238060.386, 2216944.782, 2193909.578, 2168954.774, 2142080.369, 2113286.364, 2082572.759, 2049939.553, 2015386.747, 1978914.341, 1940522.335, 1900210.728, 1857979.520, 1813828.713, 1767758.305, 1719768.297, 1669858.688, 1618029.479, 1564280.670, 1508612.260, 1451024.250, 1391516.640, 1330089.429, 1266742.619, 1201476.207, 1134290.197, 1065184.591, 994159.408, 921214.718, 846350.790, 769568.526, 690870.697, 610264.977, 527770.553, 443430.588, 357332.197, 269632.680, 180585.431, 90553.718,    0.000,
   0.000, 97724.070, 194884.798, 290983.100, 385626.948, 478542.879, 569561.142, 658587.726, 745576.052, 830505.413, 913367.528, 994159.408, 1072880.078, 1149529.250, 1224106.846, 1296612.847, 1367047.250, 1435410.052, 1501701.254, 1565920.857, 1628068.859, 1688145.261, 1746150.063, 1802083.265, 1855944.867, 1907734.869, 1957453.271, 2005100.073, 2050675.274, 2094178.876, 2135610.877, 2174971.279, 2212260.080, 2247477.281, 2280622.883, 2311696.884, 2340699.285, 2367630.086, 2392489.287, 2415276.888, 2435992.888, 2454637.289, 2471210.090, 2485711.290, 2498140.891, 2508498.891, 2516785.291, 2523000.091, 2527143.292, 2529214.892, 2529214.892, 2527143.292, 2523000.091, 2516785.291, 2508498.891, 2498140.891, 2485711.290, 2471210.090, 2454637.289, 2435992.888, 2415276.888, 2392489.287, 2367630.086, 2340699.285, 2311696.884, 2280622.883, 2247477.281, 2212260.080, 2174971.279, 2135610.877, 2094178.876, 2050675.274, 2005100.073, 1957453.271, 1907734.869, 1855944.867, 1802083.265, 1746150.063, 1688145.261, 1628068.859, 1565920.857, 1501701.254, 1435410.052, 1367047.250, 1296612.847, 1224106.846, 1149529.250, 1072880.078, 994159.408, 913367.528, 830505.413, 745576.052, 658587.726, 569561.142, 478542.879, 385626.948, 290983.100, 194884.798, 97724.070,    0.000,
   0.000, 104705.738, 208807.883, 311771.695, 413177.134, 512731.206, 610252.031, 705638.885, 798841.861, 889838.773, 978620.751, 1065184.591, 1149529.250, 1231654.417, 1311560.011, 1389246.010, 1464712.410, 1537959.211, 1608986.411, 1677794.012, 1744382.012, 1808750.413, 1870899.213, 1930828.414, 1988538.014, 2044028.014, 2097298.415, 2148349.215, 2197180.416, 2243792.016, 2288184.016, 2330356.416, 2370309.217, 2408042.417, 2443556.017, 2476850.017, 2507924.418, 2536779.218, 2563414.418, 2587830.018, 2610026.018, 2630002.419, 2647759.219, 2663296.419, 2676614.019, 2687712.019, 2696590.419, 2703249.219, 2707688.419, 2709908.019, 2709908.019, 2707688.419, 2703249.219, 2696590.419, 2687712.019, 2676614.019, 2663296.419, 2647759.219, 2630002.419, 2610026.018, 2587830.018, 2563414.418, 2536779.218, 2507924.418, 2476850.017, 2443556.017, 2408042.417, 2370309.217, 2330356.416, 2288184.016, 2243792.016, 2197180.416, 2148349.215, 2097298.415, 2044028.014, 1988538.014, 1930828.414, 1870899.213, 1808750.413, 1744382.012, 1677794.012, 1608986.411, 1537959.211, 1464712.410, 1389246.010, 1311560.011, 1231654.417, 1149529.250, 1065184.591, 978620.751, 889838.773, 798841.861, 705638.885, 610252.031, 512731.206, 413177.134, 311771.695, 208807.883, 104705.738,    0.000,
   0.000, 111498.714, 222354.672, 331998.441, 439982.730, 545995.534, 649843.179, 751418.405, 850668.069, 947568.548, 1042110.394, 1134290.197, 1224106.846, 1311560.011, 1396649.604, 1479375.602, 1559738.002, 1637736.802, 1713372.002, 1786643.602, 1857551.602, 1926096.002, 1992276.803, 2056094.003, 2117547.603, 2176637.603, 2233364.003, 2287726.803, 2339726.003, 2389361.603, 2436633.603, 2481542.003, 2524086.803, 2564268.003, 2602085.603, 2637539.603, 2670630.003, 2701356.803, 2729720.003, 2755719.603, 2779355.604, 2800628.004, 2819536.804, 2836082.004, 2850263.604, 2862081.604, 2871536.004, 2878626.804, 2883354.004, 2885717.604, 2885717.604, 2883354.004, 2878626.804, 2871536.004, 2862081.604, 2850263.604, 2836082.004, 2819536.804, 2800628.004, 2779355.604, 2755719.603, 2729720.003, 2701356.803, 2670630.003, 2637539.603, 2602085.603, 2564268.003, 2524086.803, 2481542.003, 2436633.603, 2389361.603, 2339726.003, 2287726.803, 2233364.003, 2176637.603, 2117547.603, 2056094.003, 1992276.803, 1926096.002, 1857551.602, 1786643.602, 1713372.002, 1637736.802, 1559738.002, 1479375.602, 1396649.604, 1311560.011, 1224106.846, 1134290.197, 1042110.394, 947568.548, 850668.069, 751418.405, 649843.179, 545995.534, 439982.730, 331998.441, 222354.672, 111498.714,    0.000,
   0.000, 118102.997, 235525.163, 351663.335, 466043.727, 578335.856, 688334.576, 795926.275, 901054.664, 1003694.721, 1103836.439, 1201476.207, 1296612.847, 1389246.010, 1479375.602, 1567001.601, 1652124.000, 1734742.800, 1814858.000, 1892469.600, 1967577.600, 2040182.000, 2110282.800, 2177880.000, 2242973.600, 2305563.600, 2365650.000, 2423232.801, 2478312.001, 2530887.601, 2580959.601, 2628528.001, 2673592.801, 2716154.001, 2756211.601, 2793765.601, 2828816.001, 2861362.801, 2891406.001, 2918945.601, 2943981.601, 2966514.001, 2986542.801, 3004068.001, 3019089.601, 3031607.601, 3041622.001, 3049132.801, 3054140.001, 3056643.601, 3056643.601, 3054140.001, 3049132.801, 3041622.001, 3031607.601, 3019089.601, 3004068.001, 2986542.801, 2966514.001, 2943981.601, 2918945.601, 2891406.001, 2861362.801, 2828816.001, 2793765.601, 2756211.601, 2716154.001, 2673592.801, 2628528.001, 2580959.601, 2530887.601, 2478312.001, 2423232.801, 2365650.000, 2305563.600, 2242973.600, 2177880.000, 2110282.800, 2040182.000, 1967577.600, 1892469.600, 1814858.000, 1734742.800, 1652124.000, 1567001.601, 1479375.602, 1389246.010, 1296612.847, 1201476.207, 1103836.439, 1003694.721, 901054.664, 795926.275, 688334.576, 578335.856, 466043.727, 351663.335, 235525.163, 118102.997,    0.000,
   0.000, 124518.586, 248319.355, 370766.375, 491360.125, 609752.169, 725726.218, 839162.491, 950001.642, 1058217.290, 1163798.885, 1266742.619, 1367047.250, 1464712.410, 1559738.002, 1652124.000, 1741870.400, 1828977.200, 1913444.400, 1995272.000, 2074460.000, 2151008.400, 2224917.200, 2296186.400, 2364816.000, 2430806.000, 2494156.400, 2554867.200, 2612938.400, 2668370.000, 2721162.000, 2771314.400, 2818827.200, 2863700.400, 2905934.000, 2945528.000, 2982482.400, 3016797.200, 3048472.400, 3077508.000, 3103904.000, 3127660.400, 3148777.200, 3167254.400, 3183092.000, 3196290.000, 3206848.400, 3214767.200, 3220046.400, 3222686.000, 3222686.000, 3220046.400, 3214767.200, 3206848.400, 3196290.000, 3183092.000, 3167254.400, 3148777.200, 3127660.400, 3103904.000, 3077508.000, 3048472.400, 3016797.200, 2982482.400, 2945528.000, 2905934.000, 2863700.400, 2818827.200, 2771314.400, 2721162.000, 2668370.000, 2612938.400, 2554867.200, 2494156.400, 2430806.000, 2364816.000, 2296186.400, 2224917.200, 2151008.400, 2074460.000, 1995272.000, 1913444.400, 1828977.200, 1741870.400, 1652124.000, 1559738.002, 1464712.410, 1367047.250, 1266742.619, 1163798.885, 1058217.290, 950001.642, 839162.491, 725726.218, 609752.169, 491360.125, 370766.375, 248319.355, 124518.586,    0.000,
   0.000, 130745.482, 260737.247, 389307.562, 515931.923, 640244.473, 762018.107, 881127.055, 997509.004, 1111136.255, 1221997.729, 1330089.429, 1435410.052, 1537959.211, 1637736.802, 1734742.800, 1828977.200, 1920440.000, 2009131.200, 2095050.800, 2178198.800, 2258575.200, 2336180.000, 2411013.200, 2483074.800, 2552364.800, 2618883.200, 2682630.000, 2743605.200, 2801808.800, 2857240.800, 2909901.200, 2959790.000, 3006907.200, 3051252.800, 3092826.800, 3131629.200, 3167660.000, 3200919.200, 3231406.800, 3259122.800, 3284067.200, 3306240.000, 3325641.200, 3342270.800, 3356128.800, 3367215.200, 3375530.000, 3381073.200, 3383844.800, 3383844.800, 3381073.200, 3375530.000, 3367215.200, 3356128.800, 3342270.800, 3325641.200, 3306240.000, 3284067.200, 3259122.800, 3231406.800, 3200919.200, 3167660.000, 3131629.200, 3092826.800, 3051252.800, 3006907.200, 2959790.000, 2909901.200, 2857240.800, 2801808.800, 2743605.200, 2682630.000, 2618883.200, 2552364.800, 2483074.800, 2411013.200, 2336180.000, 2258575.200, 2178198.800, 2095050.800, 2009131.200, 1920440.000, 1828977.200, 1734742.800, 1637736.802, 1537959.211, 1435410.052, 1330089.429, 1221997.729, 1111136.255, 997509.004, 881127.055, 762018.107, 640244.473, 515931.923, 389307.562, 260737.247, 130745.482,    0.000,
   0.000, 136783.683, 272778.839, 407286.894, 539759.121, 669812.768, 797210.241, 921819.965, 1043576.749, 1162451.614, 1278432.972, 1391516.640, 1501701.254, 1608986.411, 1713372.002, 1814858.000, 1913444.400, 2009131.200, 2101918.400, 2191806.000, 2278794.000, 2362882.400, 2444071.200, 2522360.400, 2597750.000, 2670240.000, 2739830.400, 2806521.200, 2870312.400, 2931204.000, 2989196.000, 3044288.400, 3096481.200, 3145774.400, 3192168.000, 3235662.000, 3276256.400, 3313951.200, 3348746.400, 3380642.000, 3409638.000, 3435734.400, 3458931.200, 3479228.400, 3496626.000, 3511124.000, 3522722.400, 3531421.200, 3537220.400, 3540120.000, 3540120.000, 3537220.400, 3531421.200, 3522722.400, 3511124.000, 3496626.000, 3479228.400, 3458931.200, 3435734.400, 3409638.000, 3380642.000, 3348746.400, 3313951.200, 3276256.400, 3235662.000, 3192168.000, 3145774.400, 3096481.200, 3044288.400, 2989196.000, 2931204.000, 2870312.400, 2806521.200, 2739830.400, 2670240.000, 2597750.000, 2522360.400, 2444071.200, 2362882.400, 2278794.000, 2191806.000, 2101918.400, 2009131.200, 1913444.400, 1814858.000, 1713372.002, 1608986.411, 1501701.254, 1391516.640, 1278432.972, 1162451.614, 1043576.749, 921819.965, 797210.241, 669812.768, 539759.121, 407286.894, 272778.839, 136783.683,    0.000,
   0.000, 142633.191, 284444.131, 424704.371, 562841.720, 698457.053, 831302.622, 961241.222, 1088204.876, 1212163.368, 1333104.613, 1451024.250, 1565920.857, 1677794.012, 1786643.602, 1892469.600, 1995272.000, 2095050.800, 2191806.000, 2285537.600, 2376245.600, 2463930.000, 2548590.800, 2630228.000, 2708841.600, 2784431.600, 2856998.000, 2926540.800, 2993060.000, 3056555.600, 3117027.600, 3174476.000, 3228900.800, 3280302.000, 3328679.600, 3374033.600, 3416364.000, 3455670.800, 3491954.000, 3525213.600, 3555449.600, 3582662.000, 3606850.800, 3628016.000, 3646157.600, 3661275.600, 3673370.000, 3682440.800, 3688488.000, 3691511.600, 3691511.600, 3688488.000, 3682440.800, 3673370.000, 3661275.600, 3646157.600, 3628016.000, 3606850.800, 3582662.000, 3555449.600, 3525213.600, 3491954.000, 3455670.800, 3416364.000, 3374033.600, 3328679.600, 3280302.000, 3228900.800, 3174476.000, 3117027.600, 3056555.600, 2993060.000, 2926540.800, 2856998.000, 2784431.600, 2708841.600, 2630228.000, 2548590.800, 2463930.000, 2376245.600, 2285537.600, 2191806.000, 2095050.800, 1995272.000, 1892469.600, 1786643.602, 1677794.012, 1565920.857, 1451024.250, 1333104.613, 1212163.368, 1088204.876, 961241.222, 831302.622, 698457.053, 562841.720, 424704.371, 284444.131, 142633.191,    0.000,
   0.000, 148294.005, 295733.123, 441559.995, 585179.718, 726177.329, 864295.248, 999390.825, 1131393.387, 1260271.518, 1386012.653, 1508612.260, 1628068.859, 1744382.012, 1857551.602, 1967577.600, 2074460.000, 2178198.800, 2278794.000, 2376245.600, 2470553.600, 2561718.000, 2649738.800, 2734616.000, 2816349.600, 2894939.600, 2970386.000, 3042688.800, 3111848.000, 3177863.600, 3240735.600, 3300464.000, 3357048.800, 3410490.000, 3460787.600, 3507941.600, 3551952.000, 3592818.800, 3630542.000, 3665121.600, 3696557.600, 3724850.000, 3749998.800, 3772004.000, 3790865.600, 3806583.600, 3819158.000, 3828588.800, 3834876.000, 3838019.600, 3838019.600, 3834876.000, 3828588.800, 3819158.000, 3806583.600, 3790865.600, 3772004.000, 3749998.800, 3724850.000, 3696557.600, 3665121.600, 3630542.000, 3592818.800, 3551952.000, 3507941.600, 3460787.600, 3410490.000, 3357048.800, 3300464.000, 3240735.600, 3177863.600, 3111848.000, 3042688.800, 2970386.000, 2894939.600, 2816349.600, 2734616.000, 2649738.800, 2561718.000, 2470553.600, 2376245.600, 2278794.000, 2178198.800, 2074460.000, 1967577.600, 1857551.602, 1744382.012, 1628068.859, 1508612.260, 1386012.653, 1260271.518, 1131393.387, 999390.825, 864295.248, 726177.329, 585179.718, 441559.995, 295733.123, 148294.005,    0.000,
   0.000, 153766.125, 306645.816, 457853.765, 606773.116, 752973.596, 896188.120, 1036268.775, 1173142.281, 1306776.062, 1437157.092, 1564280.670, 1688145.261, 1808750.413, 1926096.002, 2040182.000, 2151008.400, 2258575.200, 2362882.400, 2463930.000, 2561718.000, 2656246.400, 2747515.200, 2835524.400, 2920274.000, 3001764.000, 3079994.400, 3154965.200, 3226676.400, 3295128.000, 3360320.000, 3422252.400, 3480925.200, 3536338.400, 3588492.000, 3637386.000, 3683020.400, 3725395.200, 3764510.400, 3800366.000, 3832962.000, 3862298.400, 3888375.200, 3911192.400, 3930750.000, 3947048.000, 3960086.400, 3969865.200, 3976384.400, 3979644.000, 3979644.000, 3976384.400, 3969865.200, 3960086.400, 3947048.000, 3930750.000, 3911192.400, 3888375.200, 3862298.400, 3832962.000, 3800366.000, 3764510.400, 3725395.200, 3683020.400, 3637386.000, 3588492.000, 3536338.400, 3480925.200, 3422252.400, 3360320.000, 3295128.000, 3226676.400, 3154965.200, 3079994.400, 3001764.000, 2920274.000, 2835524.400, 2747515.200, 2656246.400, 2561718.000, 2463930.000, 2362882.400, 2258575.200, 2151008.400, 2040182.000, 1926096.002, 1808750.413, 1688145.261, 1564280.670, 1437157.092, 1306776.062, 1173142.281, 1036268.775, 896188.120, 752973.596, 606773.116, 457853.765, 306645.816, 153766.125,    0.000,
   0.000, 159049.551, 317182.209, 473585.680, 627621.915, 778845.854, 926981.237, 1071875.072, 1213451.557, 1351677.002, 1486537.930, 1618029.479, 1746150.063, 1870899.213, 1992276.803, 2110282.800, 2224917.200, 2336180.000, 2444071.200, 2548590.800, 2649738.800, 2747515.200, 2841920.000, 2932953.200, 3020614.800, 3104904.800, 3185823.200, 3263370.000, 3337545.200, 3408348.800, 3475780.800, 3539841.200, 3600530.000, 3657847.200, 3711792.800, 3762366.800, 3809569.200, 3853400.000, 3893859.200, 3930946.800, 3964662.800, 3995007.200, 4021980.000, 4045581.200, 4065810.800, 4082668.800, 4096155.200, 4106270.000, 4113013.200, 4116384.800, 4116384.800, 4113013.200, 4106270.000, 4096155.200, 4082668.800, 4065810.800, 4045581.200, 4021980.000, 3995007.200, 3964662.800, 3930946.800, 3893859.200, 3853400.000, 3809569.200, 3762366.800, 3711792.800, 3657847.200, 3600530.000, 3539841.200, 3475780.800, 3408348.800, 3337545.200, 3263370.000, 3185823.200, 3104904.800, 3020614.800, 2932953.200, 2841920.000, 2747515.200, 2649738.800, 2548590.800, 2444071.200, 2336180.000, 2224917.200, 2110282.800, 1992276.803, 1870899.213, 1746150.063, 1618029.479, 1486537.930, 1351677.002, 1213451.557, 1071875.072, 926981.237, 778845.854, 627621.915, 473585.680, 317182.209, 159049.551,    0.000,
   0.000, 164144.284, 327342.302, 488755.742, 647726.113, 803794.103, 956674.601, 1106209.714, 1252321.217, 1394974.336, 1534155.166, 1669858.688, 1802083.265, 1930828.414, 2056094.003, 2177880.000, 2296186.400, 2411013.200, 2522360.400, 2630228.000, 2734616.000, 2835524.400, 2932953.200, 3026902.400, 3117372.000, 3204362.000, 3287872.400, 3367903.200, 3444454.400, 3517526.000, 3587118.000, 3653230.400, 3715863.200, 3775016.400, 3830690.000, 3882884.000, 3931598.400, 3976833.200, 4018588.400, 4056864.000, 4091660.000, 4122976.400, 4150813.200, 4175170.400, 4196048.000, 4213446.000, 4227364.400, 4237803.200, 4244762.400, 4248242.000, 4248242.000, 4244762.400, 4237803.200, 4227364.400, 4213446.000, 4196048.000, 4175170.400, 4150813.200, 4122976.400, 4091660.000, 4056864.000, 4018588.400, 3976833.200, 3931598.400, 3882884.000, 3830690.000, 3775016.400, 3715863.200, 3653230.400, 3587118.000, 3517526.000, 3444454.400, 3367903.200, 3287872.400, 3204362.000, 3117372.000, 3026902.400, 2932953.200, 2835524.400, 2734616.000, 2630228.000, 2522360.400, 2411013.200, 2296186.400, 2177880.000, 2056094.003, 1930828.414, 1802083.265, 1669858.688, 1534155.166, 1394974.336, 1252321.217, 1106209.714, 956674.601, 803794.103, 647726.113, 488755.742, 327342.302, 164144.284,    0.000,
   0.000, 169050.323, 337126.096, 503363.949, 667085.711, 827818.342, 985268.210, 1139272.704, 1289751.260, 1436668.066, 1580008.801, 1719768.297, 1855944.867, 1988538.014, 2117547.603, 2242973.600, 2364816.000, 2483074.800, 2597750.000, 2708841.600, 2816349.600, 2920274.000, 3020614.800, 3117372.000, 3210545.600, 3300135.600, 3386142.000, 3468564.800, 3547404.000, 3622659.600, 3694331.600, 3762420.000, 3826924.800, 3887846.000, 3945183.600, 3998937.600, 4049108.000, 4095694.800, 4138698.000, 4178117.600, 4213953.600, 4246206.000, 4274874.800, 4299960.000, 4321461.600, 4339379.600, 4353714.000, 4364464.800, 4371632.000, 4375215.600, 4375215.600, 4371632.000, 4364464.800, 4353714.000, 4339379.600, 4321461.600, 4299960.000, 4274874.800, 4246206.000, 4213953.600, 4178117.600, 4138698.000, 4095694.800, 4049108.000, 3998937.600, 3945183.600, 3887846.000, 3826924.800, 3762420.000, 3694331.600, 3622659.600, 3547404.000, 3468564.800, 3386142.000, 3300135.600, 3210545.600, 3117372.000, 3020614.800, 2920274.000, 2816349.600, 2708841.600, 2597750.000, 2483074.800, 2364816.000, 2242973.600, 2117547.603, 1988538.014, 1855944.867, 1719768.297, 1580008.801, 1436668.066, 1289751.260, 1139272.704, 985268.210, 827818.342, 667085.711, 503363.949, 337126.096, 169050.323,    0.000,
   0.000, 173767.668, 346533.590, 517410.302, 685700.710, 850918.573, 1012762.065, 1171064.040, 1325741.685, 1476758.190, 1624098.834, 1767758.305, 1907734.869, 2044028.014, 2176637.603, 2305563.600, 2430806.000, 2552364.800, 2670240.000, 2784431.600, 2894939.600, 3001764.000, 3104904.800, 3204362.000, 3300135.600, 3392225.600, 3480632.000, 3565354.800, 3646394.000, 3723749.600, 3797421.600, 3867410.000, 3933714.800, 3996336.000, 4055273.600, 4110527.600, 4162098.000, 4209984.800, 4254188.000, 4294707.600, 4331543.600, 4364696.000, 4394164.800, 4419950.000, 4442051.600, 4460469.600, 4475204.000, 4486254.800, 4493622.000, 4497305.600, 4497305.600, 4493622.000, 4486254.800, 4475204.000, 4460469.600, 4442051.600, 4419950.000, 4394164.800, 4364696.000, 4331543.600, 4294707.600, 4254188.000, 4209984.800, 4162098.000, 4110527.600, 4055273.600, 3996336.000, 3933714.800, 3867410.000, 3797421.600, 3723749.600, 3646394.000, 3565354.800, 3480632.000, 3392225.600, 3300135.600, 3204362.000, 3104904.800, 3001764.000, 2894939.600, 2784431.600, 2670240.000, 2552364.800, 2430806.000, 2305563.600, 2176637.603, 2044028.014, 1907734.869, 1767758.305, 1624098.834, 1476758.190, 1325741.685, 1171064.040, 1012762.065, 850918.573, 685700.710, 517410.302, 346533.590, 173767.668,    0.000,
   0.000, 178296.319, 355564.784, 530894.801, 703571.109, 873094.794, 1039156.166, 1201583.723, 1360292.494, 1515244.710, 1666425.266, 1813828.713, 1957453.271, 2097298.415, 2233364.003, 2365650.000, 2494156.400, 2618883.200, 2739830.400, 2856998.000, 2970386.000, 3079994.400, 3185823.200, 3287872.400, 3386142.000, 3480632.000, 3571342.400, 3658273.200, 3741424.400, 3820796.000, 3896388.000, 3968200.400, 4036233.200, 4100486.400, 4160960.000, 4217654.000, 4270568.400, 4319703.200, 4365058.400, 4406634.000, 4444430.000, 4478446.400, 4508683.200, 4535140.400, 4557818.000, 4576716.000, 4591834.400, 4603173.200, 4610732.400, 4614512.000, 4614512.000, 4610732.400, 4603173.200, 4591834.400, 4576716.000, 4557818.000, 4535140.400, 4508683.200, 4478446.400, 4444430.000, 4406634.000, 4365058.400, 4319703.200, 4270568.400, 4217654.000, 4160960.000, 4100486.400, 4036233.200, 3968200.400, 3896388.000, 3820796.000, 3741424.400, 3658273.200, 3571342.400, 3480632.000, 3386142.000, 3287872.400, 3185823.200, 3079994.400, 2970386.000, 2856998.000, 2739830.400, 2618883.200, 2494156.400, 2365650.000, 2233364.003, 2097298.415, 1957453.271, 1813828.713, 1666425.266, 1515244.710, 1360292.494, 1201583.723, 1039156.166, 873094.794, 703571.109, 530894.801, 355564.784, 178296.319,    0.000,
   0.000, 182636.276, 364219.678, 543817.446, 720696.907, 894347.006, 1064450.513, 1230831.752, 1393403.685, 1552127.624, 1706988.097, 1857979.520, 2005100.073, 2148349.215, 2287726.803, 2423232.801, 2554867.200, 2682630.000, 2806521.200, 2926540.800, 3042688.800, 3154965.200, 3263370.000, 3367903.200, 3468564.800, 3565354.800, 3658273.200, 3747320.000, 3832495.200, 3913798.800, 3991230.800, 4064791.200, 4134480.000, 4200297.200, 4262242.800, 4320316.800, 4374519.200, 4424850.000, 4471309.200, 4513896.800, 4552612.800, 4587457.200, 4618430.000, 4645531.200, 4668760.800, 4688118.800, 4703605.200, 4715220.000, 4722963.200, 4726834.800, 4726834.800, 4722963.200, 4715220.000, 4703605.200, 4688118.800, 4668760.800, 4645531.200, 4618430.000, 4587457.200, 4552612.800, 4513896.800, 4471309.200, 4424850.000, 4374519.200, 4320316.800, 4262242.800, 4200297.200, 4134480.000, 4064791.200, 3991230.800, 3913798.800, 3832495.200, 3747320.000, 3658273.200, 3565354.800, 3468564.800, 3367903.200, 3263370.000, 3154965.200, 3042688.800, 2926540.800, 2806521.200, 2682630.000, 2554867.200, 2423232.801, 2287726.803, 2148349.215, 2005100.073, 1857979.520, 1706988.097, 1552127.624, 1393403.685, 1230831.752, 1064450.513, 894347.006, 720696.907, 543817.446, 364219.678, 182636.276,    0.000,
   0.000, 186787.540, 372498.272, 556178.236, 737078.106, 914675.208, 1088645.105, 1258808.128, 1425075.260, 1587406.934, 1745787.326, 1900210.728, 2050675.274, 2197180.416, 2339726.003, 2478312.001, 2612938.400, 2743605.200, 2870312.400, 2993060.000, 3111848.000, 3226676.400, 3337545.200, 3444454.400, 3547404.000, 3646394.000, 3741424.400, 3832495.200, 3919606.400, 4002758.000, 4081950.000, 4157182.400, 4228455.200, 4295768.400, 4359122.000, 4418516.000, 4473950.400, 4525425.200, 4572940.400, 4616496.000, 4656092.000, 4691728.400, 4723405.200, 4751122.400, 4774880.000, 4794678.000, 4810516.400, 4822395.200, 4830314.400, 4834274.000, 4834274.000, 4830314.400, 4822395.200, 4810516.400, 4794678.000, 4774880.000, 4751122.400, 4723405.200, 4691728.400, 4656092.000, 4616496.000, 4572940.400, 4525425.200, 4473950.400, 4418516.000, 4359122.000, 4295768.400, 4228455.200, 4157182.400, 4081950.000, 4002758.000, 3919606.400, 3832495.200, 3741424.400, 3646394.000, 3547404.000, 3444454.400, 3337545.200, 3226676.400, 3111848.000, 2993060.000, 2870312.400, 2743605.200, 2612938.400, 2478312.001, 2339726.003, 2197180.416, 2050675.274, 1900210.728, 1745787.326, 1587406.934, 1425075.260, 1258808.128, 1088645.105, 914675.208, 737078.106, 556178.236, 372498.272, 186787.540,    0.000,
   0.000, 190750.109, 380400.567, 567977.173, 752714.705, 934079.402, 1111739.944, 1285512.850, 1455307.217, 1621082.639, 1782822.955, 1940522.335, 2094178.876, 2243792.016, 2389361.603, 2530887.601, 2668370.000, 2801808.800, 2931204.000, 3056555.600, 3177863.600, 3295128.000, 3408348.800, 3517526.000, 3622659.600, 3723749.600, 3820796.000, 3913798.800, 4002758.000, 4087673.600, 4168545.600, 4245374.000, 4318158.800, 4386900.000, 4451597.600, 4512251.600, 4568862.000, 4621428.800, 4669952.000, 4714431.600, 4754867.600, 4791260.000, 4823608.800, 4851914.000, 4876175.600, 4896393.600, 4912568.000, 4924698.800, 4932786.000, 4936829.600, 4936829.600, 4932786.000, 4924698.800, 4912568.000, 4896393.600, 4876175.600, 4851914.000, 4823608.800, 4791260.000, 4754867.600, 4714431.600, 4669952.000, 4621428.800, 4568862.000, 4512251.600, 4451597.600, 4386900.000, 4318158.800, 4245374.000, 4168545.600, 4087673.600, 4002758.000, 3913798.800, 3820796.000, 3723749.600, 3622659.600, 3517526.000, 3408348.800, 3295128.000, 3177863.600, 3056555.600, 2931204.000, 2801808.800, 2668370.000, 2530887.601, 2389361.603, 2243792.016, 2094178.876, 1940522.335, 1782822.955, 1621082.639, 1455307.217, 1285512.850, 1111739.944, 934079.402, 752714.705, 567977.173, 380400.567, 190750.109,    0.000,
   0.000, 194523.985, 387926.562, 579214.256, 767606.704, 952559.586, 1133735.028, 1310945.919, 1484099.558, 1653154.738, 1818094.981, 1978914.341, 2135610.877, 2288184.016, 2436633.603, 2580959.601, 2721162.000, 2857240.800, 2989196.000, 3117027.600, 3240735.600, 3360320.000, 3475780.800, 3587118.000, 3694331.600, 3797421.600, 3896388.000, 3991230.800, 4081950.000, 4168545.600, 4251017.600, 4329366.000, 4403590.800, 4473692.000, 4539669.600, 4601523.600, 4659254.000, 4712860.800, 4762344.000, 4807703.600, 4848939.600, 4886052.000, 4919040.800, 4947906.000, 4972647.600, 4993265.600, 5009760.000, 5022130.800, 5030378.000, 5034501.600, 5034501.600, 5030378.000, 5022130.800, 5009760.000, 4993265.600, 4972647.600, 4947906.000, 4919040.800, 4886052.000, 4848939.600, 4807703.600, 4762344.000, 4712860.800, 4659254.000, 4601523.600, 4539669.600, 4473692.000, 4403590.800, 4329366.000, 4251017.600, 4168545.600, 4081950.000, 3991230.800, 3896388.000, 3797421.600, 3694331.600, 3587118.000, 3475780.800, 3360320.000, 3240735.600, 3117027.600, 2989196.000, 2857240.800, 2721162.000, 2580959.601, 2436633.603, 2288184.016, 2135610.877, 1978914.341, 1818094.981, 1653154.738, 1484099.558, 1310945.919, 1133735.028, 952559.586, 767606.704, 579214.256, 387926.562, 194523.985,    0.000,
