   0.000,    0.000,    0.000,    0.000,    0.000,    0.000,    0.000,    0.000,    0.000,    0.000,    0.000,    0.000,    0.000,    0.000,    0.000,    0.000,    0.000,    0.000,    0.000,    0.000,    0.000,    0.000,    0.000,    0.000,    0.000,    0.000,    0.000,    0.000,    0.000,    0.000,    0.000,    0.000,    0.000,    0.000,    0.000,    0.000,    0.000,    0.000,    0.000,    0.000,    0.000,    0.000,    0.000,    0.000,    0.000,    0.000,    0.000,    0.000,    0.000,    0.000,    0.000,    0.000,    0.000,    0.000,    0.000,    0.000,    0.000,    0.000,    0.000,    0.000,    0.000,    0.000,    0.000,    0.000,    0.000,    0.000,    0.000,    0.000,    0.000,    0.000,    0.000,    0.000,    0.000,    0.000,    0.000,    0.000,    0.000,    0.000,    0.000,    0.000,    0.000,    0.000,    0.000,    0.000,    0.000,    0.000,    0.000,    0.000,    0.000,    0.000,    0.000,    0.000,    0.000,    0.000,    0.000,    0.000,    0.000,    0.000,    0.000,    0.000,
   0.000, 8698.830, 17356.398, 25934.576, 34400.800, 42729.357, 50901.459, 58904.397, 66730.204, 74374.244, 81834.014, 89108.256, 96196.384, 103098.139, 109813.418, 116342.182, 122684.416, 128840.116, 134809.280, 140591.907, 146187.999, 151597.554, 156820.572, 161857.055, 166707.001, 171370.410, 175847.283, 180137.620, 184241.420, 188158.684, 191889.412, 195433.603, 198791.258, 201962.376, 204946.958, 207745.004, 210356.513, 212781.486, 215019.923, 217071.823, 218937.187, 220616.014, 222108.305, 223414.060, 224533.278, 225465.960, 226212.106, 226771.715, 227144.788, 227331.324, 227331.324, 227144.788, 226771.715, 226212.106, 225465.960, 224533.278, 223414.060, 222108.305, 220616.014, 218937.187, 217071.823, 215019.923, 212781.486, 210356.513, 207745.004, 204946.958, 201962.376, 198791.258, 195433.603, 191889.412, 188158.684, 184241.420, 180137.620, 175847.283, 171370.410, 166707.001, 161857.055, 156820.572, 151597.554, 146187.999, 140591.907, 134809.280, 128840.116, 122684.416, 116342.182, 109813.418, 103098.139, 96196.384, 89108.256, 81834.014, 74374.244, 66730.204, 58904.397, 50901.459, 42729.357, 34400.800, 25934.576, 17356.398, 8698.830,    0.000,
   0.000, 17356.398, 34630.467, 51746.130, 68638.417, 85256.020, 101561.454, 117529.363, 133143.848, 148395.662, 163279.810, 177793.783, 191936.408, 205707.173, 219105.872, 232132.423, 244786.801, 257068.995, 268979.003, 280516.823, 291682.455, 302475.899, 312897.156, 322946.225, 332623.107, 341927.800, 350860.306, 359420.624, 367608.755, 375424.697, 382868.452, 389940.019, 396639.399, 402966.590, 408921.594, 414504.410, 419715.039, 424553.480, 429019.732, 433113.798, 436835.675, 440185.365, 443162.867, 445768.181, 448001.307, 449862.246, 451350.997, 452467.560, 453211.936, 453584.124, 453584.124, 453211.936, 452467.560, 451350.997, 449862.246, 448001.307, 445768.181, 443162.867, 440185.365, 436835.675, 433113.798, 429019.732, 424553.480, 419715.039, 414504.410, 408921.594, 402966.590, 396639.399, 389940.019, 382868.452, 375424.697, 367608.755, 359420.624, 350860.306, 341927.800, 332623.107, 322946.225, 312897.156, 302475.899, 291682.455, 280516.823, 268979.003, 257068.995, 244786.801, 232132.423, 219105.872, 205707.173, 191936.408, 177793.783, 163279.810, 148395.662, 133143.848, 117529.363, 101561.454, 85256.020, 68638.417, 51746.130, 34630.467, 17356.398,    0.000,
   0.000, 25934.576, 51746.130, 77320.987, 102562.063, 127392.693, 151756.867, 175616.696, 198948.423, 221738.234, 243978.665, 265665.966, 286798.386, 307375.160, 327395.977, 346860.721, 365769.348, 384121.844, 401918.206, 419158.432, 435842.522, 451970.476, 467542.293, 482557.974, 497017.519, 510920.927, 524268.199, 537059.335, 549294.334, 560973.197, 572095.924, 582662.514, 592672.968, 602127.286, 611025.467, 619367.512, 627153.421, 634383.193, 641056.829, 647174.329, 652735.692, 657740.919, 662190.010, 666082.964, 669419.782, 672200.464, 674425.009, 676093.418, 677205.691, 677761.827, 677761.827, 677205.691, 676093.418, 674425.009, 672200.464, 669419.782, 666082.964, 662190.010, 657740.919, 652735.692, 647174.329, 641056.829, 634383.193, 627153.421, 619367.512, 611025.467, 602127.286, 592672.968, 582662.514, 572095.924, 560973.197, 549294.334, 537059.335, 524268.199, 510920.927, 497017.519, 482557.974, 467542.293, 451970.476, 435842.522, 419158.432, 401918.206, 384121.844, 365769.348, 346860.721, 327395.977, 307375.160, 286798.386, 265665.966, 243978.665, 221738.234, 198948.423, 175616.696, 151756.867, 127392.693, 102562.063, 77320.987, 51746.130, 25934.576,    0.000,
   0.000, 34400.800, 68638.417, 102562.063, 136042.961, 168979.420, 201297.148, 232945.884, 263894.122, 294123.536, 323624.227, 352391.222, 380422.197, 407716.139, 434272.636, 460091.531, 485172.769, 509516.331, 533122.212, 555990.409, 578120.923, 599513.753, 620168.900, 640086.362, 659266.141, 677708.236, 695412.647, 712379.374, 728608.418, 744099.778, 758853.454, 772869.446, 786147.754, 798688.379, 810491.320, 821556.577, 831884.150, 841474.039, 850326.245, 858440.766, 865817.604, 872456.759, 878358.229, 883522.016, 887948.118, 891636.537, 894587.273, 896800.324, 898275.692, 899013.375, 899013.375, 898275.692, 896800.324, 894587.273, 891636.537, 887948.118, 883522.016, 878358.229, 872456.759, 865817.604, 858440.766, 850326.245, 841474.039, 831884.150, 821556.577, 810491.320, 798688.379, 786147.754, 772869.446, 758853.454, 744099.778, 728608.418, 712379.374, 695412.647, 677708.236, 659266.141, 640086.362, 620168.900, 599513.753, 578120.923, 555990.409, 533122.212, 509516.331, 485172.769, 460091.531, 434272.636, 407716.139, 380422.197, 352391.222, 323624.227, 294123.536, 263894.122, 232945.884, 201297.148, 168979.420, 136042.961, 102562.063, 68638.417, 34400.800,    0.000,
   0.000, 42729.357, 85256.020, 127392.693, 168979.420, 209889.893, 250031.829, 289342.806, 327783.688, 365331.714, 401974.591, 437706.142, 472523.480, 506425.348, 539411.234, 571480.942, 602634.405, 632871.600, 662192.518, 690597.158, 718085.520, 744657.604, 770313.408, 795052.934, 818876.181, 841783.149, 863773.839, 884848.250, 905006.382, 924248.235, 942573.810, 959983.106, 976476.123, 992052.861, 1006713.321, 1020457.502, 1033285.404, 1045197.028, 1056192.373, 1066271.439, 1075434.226, 1083680.734, 1091010.964, 1097424.915, 1102922.588, 1107503.982, 1111169.096, 1113917.933, 1115750.490, 1116666.769, 1116666.769, 1115750.490, 1113917.933, 1111169.096, 1107503.982, 1102922.588, 1097424.915, 1091010.964, 1083680.734, 1075434.226, 1066271.439, 1056192.373, 1045197.028, 1033285.404, 1020457.502, 1006713.321, 992052.861, 976476.123, 959983.106, 942573.810, 924248.235, 905006.382, 884848.250, 863773.839, 841783.149, 818876.181, 795052.934, 770313.408, 744657.604, 718085.520, 690597.158, 662192.518, 632871.600, 602634.405, 571480.942, 539411.234, 506425.348, 472523.480, 437706.142, 401974.591, 365331.714, 327783.688, 289342.806, 250031.829, 209889.893, 168979.420, 127392.693, 85256.020, 42729.357,    0.000,
   0.000, 50901.459, 101561.454, 151756.867, 201297.148, 250031.829, 297850.983, 344680.250, 390473.011, 435202.153, 478853.033, 521418.294, 562894.498, 603280.146, 642574.629, 680777.714, 717889.321, 753909.421, 788838.007, 822675.075, 855420.625, 887074.656, 917637.170, 947108.165, 975487.641, 1002775.600, 1028972.039, 1054076.961, 1078090.364, 1101012.249, 1122842.616, 1143581.464, 1163228.794, 1181784.606, 1199248.899, 1215621.674, 1230902.931, 1245092.669, 1258190.889, 1270197.591, 1281112.774, 1290936.439, 1299668.586, 1307309.214, 1313858.324, 1319315.916, 1323681.989, 1326956.544, 1329139.581, 1330231.099, 1330231.099, 1329139.581, 1326956.544, 1323681.989, 1319315.916, 1313858.324, 1307309.214, 1299668.586, 1290936.439, 1281112.774, 1270197.591, 1258190.889, 1245092.669, 1230902.931, 1215621.674, 1199248.899, 1181784.606, 1163228.794, 1143581.464, 1122842.616, 1101012.249, 1078090.364, 1054076.961, 1028972.039, 1002775.600, 975487.641, 947108.165, 917637.170, 887074.656, 855420.625, 822675.075, 788838.007, 753909.421, 717889.321, 680777.714, 642574.629, 603280.146, 562894.498, 521418.294, 478853.033, 435202.153, 390473.011, 344680.250, 297850.983, 250031.829, 201297.148, 151756.867, 101561.454, 50901.459,    0.000,
   0.000, 58904.397, 117529.363, 175616.696, 232945.884, 289342.806, 344680.250, 398872.166, 451864.610, 503626.208, 554140.013, 603397.514, 651394.733, 698129.935, 743602.415, 787811.906, 830758.312, 872441.602, 912861.766, 952018.800, 989912.705, 1026543.479, 1061911.123, 1096015.638, 1128857.022, 1160435.276, 1190750.399, 1219802.393, 1247591.256, 1274116.989, 1299379.593, 1323379.065, 1346115.408, 1367588.621, 1387798.703, 1406745.656, 1424429.478, 1440850.170, 1456007.732, 1469902.163, 1482533.465, 1493901.636, 1504006.678, 1512848.589, 1520427.370, 1526743.020, 1531795.541, 1535584.931, 1538111.192, 1539374.322, 1539374.322, 1538111.192, 1535584.931, 1531795.541, 1526743.020, 1520427.370, 1512848.589, 1504006.678, 1493901.636, 1482533.465, 1469902.163, 1456007.732, 1440850.170, 1424429.478, 1406745.656, 1387798.703, 1367588.621, 1346115.408, 1323379.065, 1299379.593, 1274116.989, 1247591.256, 1219802.393, 1190750.399, 1160435.276, 1128857.022, 1096015.638, 1061911.123, 1026543.479, 989912.705, 952018.800, 912861.766, 872441.602, 830758.312, 787811.906, 743602.415, 698129.935, 651394.733, 603397.514, 554140.013, 503626.208, 451864.610, 398872.166, 344680.250, 289342.806, 232945.884, 175616.696, 117529.363, 58904.397,    0.000,
   0.000, 66730.204, 133143.848, 198948.423, 263894.122, 327783.688, 390473.011, 451864.610, 511897.376, 570535.769, 627760.592, 683562.204, 737936.099, 790880.310, 842394.041, 892476.988, 941129.043, 988350.170, 1034140.358, 1078499.604, 1121427.907, 1162925.267, 1202991.683, 1241627.155, 1278831.684, 1314605.270, 1348947.912, 1381859.611, 1413340.367, 1443390.179, 1472009.047, 1499196.973, 1524953.954, 1549279.993, 1572175.087, 1593639.239, 1613672.447, 1632274.711, 1649446.033, 1665186.410, 1679495.845, 1692374.336, 1703821.883, 1713838.487, 1722424.148, 1729578.865, 1735302.638, 1739595.469, 1742457.356, 1743888.299, 1743888.299, 1742457.356, 1739595.469, 1735302.638, 1729578.865, 1722424.148, 1713838.487, 1703821.883, 1692374.336, 1679495.845, 1665186.410, 1649446.033, 1632274.711, 1613672.447, 1593639.239, 1572175.087, 1549279.993, 1524953.954, 1499196.973, 1472009.047, 1443390.179, 1413340.367, 1381859.611, 1348947.912, 1314605.270, 1278831.684, 1241627.155, 1202991.683, 1162925.267, 1121427.907, 1078499.604, 1034140.358, 988350.170, 941129.043, 892476.988, 842394.041, 790880.310, 737936.099, 683562.204, 627760.592, 570535.769, 511897.376, 451864.610, 390473.011, 327783.688, 263894.122, 198948.423, 133143.848, 66730.204,    0.000,
   0.000, 74374.244, 148395.662, 221738.234, 294123.536, 365331.714, 435202.153, 503626.208, 570535.769, 635891.228, 699671.190, 761864.911, 822467.368, 881476.371, 938891.031, 994711.009, 1048936.186, 1101566.521, 1152602.003, 1202042.627, 1249888.392, 1296139.299, 1340795.347, 1383856.536, 1425322.866, 1465194.337, 1503470.950, 1540152.704, 1575239.598, 1608731.634, 1640628.811, 1670931.130, 1699638.589, 1726751.189, 1752268.931, 1776191.814, 1798519.838, 1819253.003, 1838391.309, 1855934.757, 1871883.345, 1886237.075, 1898995.946, 1910159.958, 1919729.111, 1927703.405, 1934082.840, 1938867.417, 1942057.135, 1943651.993, 1943651.993, 1942057.135, 1938867.417, 1934082.840, 1927703.405, 1919729.111, 1910159.958, 1898995.946, 1886237.075, 1871883.345, 1855934.757, 1838391.309, 1819253.003, 1798519.838, 1776191.814, 1752268.931, 1726751.189, 1699638.589, 1670931.130, 1640628.811, 1608731.634, 1575239.598, 1540152.704, 1503470.950, 1465194.337, 1425322.866, 1383856.536, 1340795.347, 1296139.299, 1249888.392, 1202042.627, 1152602.003, 1101566.521, 1048936.186, 994711.009, 938891.031, 881476.371, 822467.368, 761864.911, 699671.190, 635891.228, 570535.769, 503626.208, 435202.153, 365331.714, 294123.536, 221738.234, 148395.662, 74374.244,    0.000,
   0.000, 81834.014, 163279.810, 243978.665, 323624.227, 401974.591, 478853.033, 554140.013, 627760.592, 699671.190, 769848.268, 838280.005, 904960.873, 969888.464, 1033061.800, 1094480.508, 1154144.457, 1212053.602, 1268207.929, 1322607.436, 1375252.119, 1426141.981, 1475277.019, 1522657.234, 1568282.627, 1612153.197, 1654268.944, 1694629.869, 1733235.970, 1770087.249, 1805183.705, 1838525.338, 1870112.148, 1899944.136, 1928021.301, 1954343.643, 1978911.162, 2001723.858, 2022781.732, 2042084.783, 2059633.011, 2075426.416, 2089464.998, 2101748.758, 2112277.695, 2121051.809, 2128071.100, 2133335.568, 2136845.214, 2138600.036, 2138600.036, 2136845.214, 2133335.568, 2128071.100, 2121051.809, 2112277.695, 2101748.758, 2089464.998, 2075426.416, 2059633.011, 2042084.783, 2022781.732, 2001723.858, 1978911.162, 1954343.643, 1928021.301, 1899944.136, 1870112.148, 1838525.338, 1805183.705, 1770087.249, 1733235.970, 1694629.869, 1654268.944, 1612153.197, 1568282.627, 1522657.234, 1475277.019, 1426141.981, 1375252.119, 1322607.436, 1268207.929, 1212053.602, 1154144.457, 1094480.508, 1033061.800, 969888.464, 904960.873, 838280.005, 769848.268, 699671.190, 627760.592, 554140.013, 478853.033, 401974.591, 323624.227, 243978.665, 163279.810, 81834.014,    0.000,
   0.000, 89108.256, 177793.783, 265665.966, 352391.222, 437706.142, 521418.294, 603397.514, 683562.204, 761864.911, 838280.005, 912794.613, 985402.719, 1056101.699, 1124890.489, 1191768.683, 1256736.138, 1319792.805, 1380938.669, 1440173.727, 1497497.977, 1552911.419, 1606414.052, 1658005.877, 1707686.894, 1755457.102, 1801316.502, 1845265.094, 1887302.877, 1927429.852, 1965646.019, 2001951.377, 2036345.927, 2068829.669, 2099402.602, 2128064.727, 2154816.044, 2179656.552, 2202586.252, 2223605.144, 2242713.227, 2259910.502, 2275196.969, 2288572.627, 2300037.477, 2309591.519, 2317234.752, 2322967.177, 2326788.794, 2328699.602, 2328699.602, 2326788.794, 2322967.177, 2317234.752, 2309591.519, 2300037.477, 2288572.627, 2275196.969, 2259910.502, 2242713.227, 2223605.144, 2202586.252, 2179656.552, 2154816.044, 2128064.727, 2099402.602, 2068829.669, 2036345.927, 2001951.377, 1965646.019, 1927429.852, 1887302.877, 1845265.094, 1801316.502, 1755457.102, 1707686.894, 1658005.877, 1606414.052, 1552911.419, 1497497.977, 1440173.727, 1380938.669, 1319792.805, 1256736.138, 1191768.683, 1124890.489, 1056101.699, 985402.719, 912794.613, 838280.005, 761864.911, 683562.204, 603397.514, 521418.294, 437706.142, 352391.222, 265665.966, 177793.783, 89108.256,    0.000,
   0.000, 96196.384, 191936.408, 286798.386, 380422.197, 472523.480, 562894.498, 651394.733, 737936.099, 822467.368, 904960.873, 985402.719, 1063786.409, 1140109.114, 1214369.683, 1286567.678, 1356702.945, 1424775.431, 1490785.120, 1554732.009, 1616616.095, 1676437.378, 1734195.859, 1789891.537, 1843524.411, 1895094.483, 1944601.752, 1992046.218, 2037427.882, 2080746.742, 2122002.799, 2161196.054, 2198326.506, 2233394.155, 2266399.001, 2297341.044, 2326220.284, 2353036.721, 2377790.356, 2400481.188, 2421109.216, 2439674.442, 2456176.865, 2470616.485, 2482993.303, 2493307.317, 2501558.528, 2507746.937, 2511872.543, 2513935.346, 2513935.346, 2511872.543, 2507746.937, 2501558.528, 2493307.317, 2482993.303, 2470616.485, 2456176.865, 2439674.442, 2421109.216, 2400481.188, 2377790.356, 2353036.721, 2326220.284, 2297341.044, 2266399.001, 2233394.155, 2198326.506, 2161196.054, 2122002.799, 2080746.742, 2037427.882, 1992046.218, 1944601.752, 1895094.483, 1843524.411, 1789891.537, 1734195.859, 1676437.378, 1616616.095, 1554732.009, 1490785.120, 1424775.431, 1356702.945, 1286567.678, 1214369.683, 1140109.114, 1063786.409, 985402.719, 904960.873, 822467.368, 737936.099, 651394.733, 562894.498, 472523.480, 380422.197, 286798.386, 191936.408, 96196.384,    0.000,
   0.000, 103098.139, 205707.173, 307375.160, 407716.139, 506425.348, 603280.146, 698129.935, 790880.310, 881476.371, 969888.464, 1056101.699, 1140109.114, 1221907.676, 1301496.151, 1378874.070, 1454041.269, 1526997.690, 1597743.318, 1666278.146, 1732602.174, 1796715.401, 1858617.827, 1918309.453, 1975790.277, 2031060.300, 2084119.523, 2134967.944, 2183605.565, 2230032.385, 2274248.403, 2316253.621, 2356048.038, 2393631.654, 2429004.469, 2462166.483, 2493117.696, 2521858.108, 2548387.719, 2572706.530, 2594814.539, 2614711.747, 2632398.155, 2647873.761, 2661138.567, 2672192.572, 2681035.775, 2687668.178, 2692089.780, 2694300.581, 2694300.581, 2692089.780, 2687668.178, 2681035.775, 2672192.572, 2661138.567, 2647873.761, 2632398.155, 2614711.747, 2594814.539, 2572706.530, 2548387.719, 2521858.108, 2493117.696, 2462166.483, 2429004.469, 2393631.654, 2356048.038, 2316253.621, 2274248.403, 2230032.385, 2183605.565, 2134967.944, 2084119.523, 2031060.300, 1975790.277, 1918309.453, 1858617.827, 1796715.401, 1732602.174, 1666278.146, 1597743.318, 1526997.690, 1454041.269, 1378874.070, 1301496.151, 1221907.676, 1140109.114, 1056101.699, 969888.464, 881476.371, 790880.310, 698129.935, 603280.146, 506425.348, 407716.139, 307375.160, 205707.173, 103098.139,    0.000,
   0.000, 109813.418, 219105.872, 327395.977, 434272.636, 539411.234, 642574.629, 743602.415, 842394.041, 938891.031, 1033061.800, 1124890.489, 1214369.683, 1301496.151, 1386268.579, 1468686.469, 1548749.643, 1626458.042, 1701811.649, 1774810.457, 1845454.465, 1913743.674, 1979678.082, 2043257.690, 2104482.497, 2163352.504, 2219867.711, 2274028.118, 2325833.724, 2375284.530, 2422380.536, 2467121.741, 2509508.146, 2549539.751, 2587216.556, 2622538.560, 2655505.764, 2686118.168, 2714375.771, 2740278.575, 2763826.578, 2785019.780, 2803858.182, 2820341.784, 2834470.586, 2846244.588, 2855663.789, 2862728.190, 2867437.790, 2869792.590, 2869792.590, 2867437.790, 2862728.190, 2855663.789, 2846244.588, 2834470.586, 2820341.784, 2803858.182, 2785019.780, 2763826.578, 2740278.575, 2714375.771, 2686118.168, 2655505.764, 2622538.560, 2587216.556, 2549539.751, 2509508.146, 2467121.741, 2422380.536, 2375284.530, 2325833.724, 2274028.118, 2219867.711, 2163352.504, 2104482.497, 2043257.690, 1979678.082, 1913743.674, 1845454.465, 1774810.457, 1701811.649, 1626458.042, 1548749.643, 1468686.469, 1386268.579, 1301496.151, 1214369.683, 1124890.489, 1033061.800, 938891.031, 842394.041, 743602.415, 642574.629, 539411.234, 434272.636, 327395.977, 219105.872, 109813.418,    0.000,
   0.000, 116342.182, 232132.423, 346860.721, 460091.531, 571480.942, 680777.714, 787811.906, 892476.988, 994711.009, 1094480.508, 1191768.683, 1286567.678, 1378874.070, 1468686.469, 1556004.344, 1640827.509, 1723155.901, 1802989.501, 1880328.303, 1955172.305, 2027521.508, 2097375.910, 2164735.512, 2229600.315, 2291970.317, 2351845.519, 2409225.920, 2464111.522, 2516502.324, 2566398.326, 2613799.527, 2658705.929, 2701117.530, 2741034.332, 2778456.333, 2813383.534, 2845815.935, 2875753.536, 2903196.337, 2928144.338, 2950597.539, 2970555.939, 2988019.540, 3002988.340, 3015462.341, 3025441.541, 3032925.941, 3037915.541, 3040410.342, 3040410.342, 3037915.541, 3032925.941, 3025441.541, 3015462.341, 3002988.340, 2988019.540, 2970555.939, 2950597.539, 2928144.338, 2903196.337, 2875753.536, 2845815.935, 2813383.534, 2778456.333, 2741034.332, 2701117.530, 2658705.929, 2613799.527, 2566398.326, 2516502.324, 2464111.522, 2409225.920, 2351845.519, 2291970.317, 2229600.315, 2164735.512, 2097375.910, 2027521.508, 1955172.305, 1880328.303, 1802989.501, 1723155.901, 1640827.509, 1556004.344, 1468686.469, 1378874.070, 1286567.678, 1191768.683, 1094480.508, 994711.009, 892476.988, 787811.906, 680777.714, 571480.942, 460091.531, 346860.721, 232132.423, 116342.182,    0.000,
   0.000, 122684.416, 244786.801, 365769.348, 485172.769, 602634.405, 717889.321, 830758.312, 941129.043, 1048936.186, 1154144.457, 1256736.138, 1356702.945, 1454041.269, 1548749.643, 1640827.509, 1730274.670, 1817091.060, 1901276.657, 1982831.457, 2061755.458, 2138048.659, 2211711.059, 2282742.660, 2351143.460, 2416913.461, 2480052.661, 2540561.062, 2598438.663, 2653685.463, 2706301.463, 2756286.664, 2803641.064, 2848364.665, 2890457.465, 2929919.465, 2966750.666, 3000951.066, 3032520.666, 3061459.467, 3087767.467, 3111444.667, 3132491.067, 3150906.667, 3166691.467, 3179845.468, 3190368.668, 3198261.068, 3203522.668, 3206153.468, 3206153.468, 3203522.668, 3198261.068, 3190368.668, 3179845.468, 3166691.467, 3150906.667, 3132491.067, 3111444.667, 3087767.467, 3061459.467, 3032520.666, 3000951.066, 2966750.666, 2929919.465, 2890457.465, 2848364.665, 2803641.064, 2756286.664, 2706301.463, 2653685.463, 2598438.663, 2540561.062, 2480052.661, 2416913.461, 2351143.460, 2282742.660, 2211711.059, 2138048.659, 2061755.458, 1982831.457, 1901276.657, 1817091.060, 1730274.670, 1640827.509, 1548749.643, 1454041.269, 1356702.945, 1256736.138, 1154144.457, 1048936.186, 941129.043, 830758.312, 717889.321, 602634.405, 485172.769, 365769.348, 244786.801, 122684.416,    0.000,
   0.000, 128840.116, 257068.995, 384121.844, 509516.331, 632871.600, 753909.421, 872441.602, 988350.170, 1101566.521, 1212053.602, 1319792.805, 1424775.431, 1526997.690, 1626458.042, 1723155.901, 1817091.060, 1908263.448, 1996673.045, 2082319.845, 2165203.845, 2245325.045, 2322683.445, 2397279.045, 2469111.845, 2538181.845, 2604489.046, 2668033.446, 2728815.046, 2786833.846, 2842089.846, 2894583.046, 2944313.446, 2991281.046, 3035485.846, 3076927.847, 3115607.047, 3151523.447, 3184677.047, 3215067.847, 3242695.847, 3267561.047, 3289663.447, 3309003.047, 3325579.847, 3339393.847, 3350445.047, 3358733.447, 3364259.047, 3367021.847, 3367021.847, 3364259.047, 3358733.447, 3350445.047, 3339393.847, 3325579.847, 3309003.047, 3289663.447, 3267561.047, 3242695.847, 3215067.847, 3184677.047, 3151523.447, 3115607.047, 3076927.847, 3035485.846, 2991281.046, 2944313.446, 2894583.046, 2842089.846, 2786833.846, 2728815.046, 2668033.446, 2604489.046, 2538181.845, 2469111.845, 2397279.045, 2322683.445, 2245325.045, 2165203.845, 2082319.845, 1996673.045, 1908263.448, 1817091.060, 1723155.901, 1626458.042, 1526997.690, 1424775.431, 1319792.805, 1212053.602, 1101566.521, 988350.170, 872441.602, 753909.421, 632871.600, 509516.331, 384121.844, 257068.995, 128840.116,    0.000,
   0.000, 134809.280, 268979.003, 401918.206, 533122.212, 662192.518, 788838.007, 912861.766, 1034140.358, 1152602.003, 1268207.929, 1380938.669, 1490785.120, 1597743.318, 1701811.649, 1802989.501, 1901276.657, 1996673.045, 2089178.642, 2178793.441, 2265517.441, 2349350.641, 2430293.041, 2508344.641, 2583505.441, 2655775.441, 2725154.641, 2791643.041, 2855240.641, 2915947.441, 2973763.441, 3028688.642, 3080723.042, 3129866.642, 3176119.442, 3219481.442, 3259952.642, 3297533.042, 3332222.642, 3364021.442, 3392929.442, 3418946.642, 3442073.042, 3462308.642, 3479653.442, 3494107.442, 3505670.642, 3514343.042, 3520124.642, 3523015.442, 3523015.442, 3520124.642, 3514343.042, 3505670.642, 3494107.442, 3479653.442, 3462308.642, 3442073.042, 3418946.642, 3392929.442, 3364021.442, 3332222.642, 3297533.042, 3259952.642, 3219481.442, 3176119.442, 3129866.642, 3080723.042, 3028688.642, 2973763.441, 2915947.441, 2855240.641, 2791643.041, 2725154.641, 2655775.441, 2583505.441, 2508344.641, 2430293.041, 2349350.641, 2265517.441, 2178793.441, 2089178.642, 1996673.045, 1901276.657, 1802989.501, 1701811.649, 1597743.318, 1490785.120, 1380938.669, 1268207.929, 1152602.003, 1034140.358, 912861.766, 788838.007, 662192.518, 533122.212, 401918.206, 268979.003, 134809.280,    0.000,
   0.000, 140591.907, 280516.823, 419158.432, 555990.409, 690597.158, 822675.075, 952018.800, 1078499.604, 1202042.627, 1322607.436, 1440173.727, 1554732.009, 1666278.146, 1774810.457, 1880328.303, 1982831.457, 2082319.845, 2178793.441, 2272252.240, 2362696.240, 2450125.440, 2534539.840, 2615939.440, 2694324.240, 2769694.240, 2842049.440, 2911389.840, 2977715.440, 3041026.240, 3101322.240, 3158603.440, 3212869.840, 3264121.440, 3312358.240, 3357580.240, 3399787.440, 3438979.840, 3475157.440, 3508320.240, 3538468.240, 3565601.440, 3589719.840, 3610823.440, 3628912.240, 3643986.240, 3656045.440, 3665089.840, 3671119.440, 3674134.240, 3674134.240, 3671119.440, 3665089.840, 3656045.440, 3643986.240, 3628912.240, 3610823.440, 3589719.840, 3565601.440, 3538468.240, 3508320.240, 3475157.440, 3438979.840, 3399787.440, 3357580.240, 3312358.240, 3264121.440, 3212869.840, 3158603.440, 3101322.240, 3041026.240, 2977715.440, 2911389.840, 2842049.440, 2769694.240, 2694324.240, 2615939.440, 2534539.840, 2450125.440, 2362696.240, 2272252.240, 2178793.441, 2082319.845, 1982831.457, 1880328.303, 1774810.457, 1666278.146, 1554732.009, 1440173.727, 1322607.436, 1202042.627, 1078499.604, 952018.800, 822675.075, 690597.158, 555990.409, 419158.432, 280516.823, 140591.907,    0.000,
   0.000, 146187.999, 291682.455, 435842.522, 578120.923, 718085.520, 855420.625, 989912.705, 1121427.907, 1249888.392, 1375252.119, 1497497.977, 1616616.095, 1732602.174, 1845454.465, 1955172.305, 2061755.458, 2165203.845, 2265517.441, 2362696.240, 2456740.240, 2547649.440, 2635423.840, 2720063.440, 2801568.240, 2879938.240, 2955173.440, 3027273.840, 3096239.440, 3162070.240, 3224766.240, 3284327.440, 3340753.840, 3394045.440, 3444202.240, 3491224.240, 3535111.440, 3575863.840, 3613481.440, 3647964.240, 3679312.240, 3707525.440, 3732603.840, 3754547.440, 3773356.240, 3789030.240, 3801569.440, 3810973.840, 3817243.440, 3820378.240, 3820378.240, 3817243.440, 3810973.840, 3801569.440, 3789030.240, 3773356.240, 3754547.440, 3732603.840, 3707525.440, 3679312.240, 3647964.240, 3613481.440, 3575863.840, 3535111.440, 3491224.240, 3444202.240, 3394045.440, 3340753.840, 3284327.440, 3224766.240, 3162070.240, 3096239.440, 3027273.840, 2955173.440, 2879938.240, 2801568.240, 2720063.440, 2635423.840, 2547649.440, 2456740.240, 2362696.240, 2265517.441, 2165203.845, 2061755.458, 1955172.305, 1845454.465, 1732602.174, 1616616.095, 1497497.977, 1375252.119, 1249888.392, 1121427.907, 989912.705, 855420.625, 718085.520, 578120.923, 435842.522, 291682.455, 146187.999,    0.000,
   0.000, 151597.554, 302475.899, 451970.476, 599513.753, 744657.604, 887074.656, 1026543.479, 1162925.267, 1296139.299, 1426141.981, 1552911.419, 1676437.378, 1796715.401, 1913743.674, 2027521.508, 2138048.659, 2245325.045, 2349350.641, 2450125.440, 2547649.440, 2641922.640, 2732945.040, 2820716.640, 2905237.440, 2986507.440, 3064526.640, 3139295.040, 3210812.640, 3279079.440, 3344095.440, 3405860.640, 3464375.040, 3519638.640, 3571651.440, 3620413.440, 3665924.640, 3708185.040, 3747194.640, 3782953.440, 3815461.440, 3844718.640, 3870725.040, 3893480.640, 3912985.440, 3929239.440, 3942242.640, 3951995.040, 3958496.640, 3961747.440, 3961747.440, 3958496.640, 3951995.040, 3942242.640, 3929239.440, 3912985.440, 3893480.640, 3870725.040, 3844718.640, 3815461.440, 3782953.440, 3747194.640, 3708185.040, 3665924.640, 3620413.440, 3571651.440, 3519638.640, 3464375.040, 3405860.640, 3344095.440, 3279079.440, 3210812.640, 3139295.040, 3064526.640, 2986507.440, 2905237.440, 2820716.640, 2732945.040, 2641922.640, 2547649.440, 2450125.440, 2349350.641, 2245325.045, 2138048.659, 2027521.508, 1913743.674, 1796715.401, 1676437.378, 1552911.419, 1426141.981, 1296139.299, 1162925.267, 1026543.479, 887074.656, 744657.604, 599513.753, 451970.476, 302475.899, 151597.554,    0.000,
   0.000, 156820.572, 312897.156, 467542.293, 620168.900, 770313.408, 917637.170, 1061911.123, 1202991.683, 1340795.347, 1475277.019, 1606414.052, 1734195.859, 1858617.827, 1979678.082, 2097375.910, 2211711.059, 2322683.445, 2430293.041, 2534539.840, 2635423.840, 2732945.040, 2827103.440, 2917899.040, 3005331.840, 3089401.840, 3170109.040, 3247453.440, 3321435.040, 3392053.840, 3459309.840, 3523203.040, 3583733.440, 3640901.040, 3694705.840, 3745147.840, 3792227.040, 3835943.440, 3876297.040, 3913287.840, 3946915.840, 3977181.040, 4004083.440, 4027623.040, 4047799.840, 4064613.840, 4078065.040, 4088153.440, 4094879.040, 4098241.840, 4098241.840, 4094879.040, 4088153.440, 4078065.040, 4064613.840, 4047799.840, 4027623.040, 4004083.440, 3977181.040, 3946915.840, 3913287.840, 3876297.040, 3835943.440, 3792227.040, 3745147.840, 3694705.840, 3640901.040, 3583733.440, 3523203.040, 3459309.840, 3392053.840, 3321435.040, 3247453.440, 3170109.040, 3089401.840, 3005331.840, 2917899.040, 2827103.440, 2732945.040, 2635423.840, 2534539.840, 2430293.041, 2322683.445, 2211711.059, 2097375.910, 1979678.082, 1858617.827, 1734195.859, 1606414.052, 1475277.019, 1340795.347, 1202991.683, 1061911.123, 917637.170, 770313.408, 620168.900, 467542.293, 312897.156, 156820.572,    0.000,
   0.000, 161857.055, 322946.225, 482557.974, 640086.362, 795052.934, 947108.165, 1096015.638, 1241627.155, 1383856.536, 1522657.234, 1658005.877, 1789891.537, 1918309.453, 2043257.690, 2164735.512, 2282742.660, 2397279.045, 2508344.641, 2615939.440, 2720063.440, 2820716.640, 2917899.040, 3011610.640, 3101851.440, 3188621.440, 3271920.640, 3351749.040, 3428106.640, 3500993.440, 3570409.440, 3636354.640, 3698829.040, 3757832.640, 3813365.440, 3865427.440, 3914018.640, 3959139.040, 4000788.640, 4038967.440, 4073675.440, 4104912.640, 4132679.040, 4156974.640, 4177799.440, 4195153.440, 4209036.640, 4219449.040, 4226390.640, 4229861.440, 4229861.440, 4226390.640, 4219449.040, 4209036.640, 4195153.440, 4177799.440, 4156974.640, 4132679.040, 4104912.640, 4073675.440, 4038967.440, 4000788.640, 3959139.040, 3914018.640, 3865427.440, 3813365.440, 3757832.640, 3698829.040, 3636354.640, 3570409.440, 3500993.440, 3428106.640, 3351749.040, 3271920.640, 3188621.440, 3101851.440, 3011610.640, 2917899.040, 2820716.640, 2720063.440, 2615939.440, 2508344.641, 2397279.045, 2282742.660, 2164735.512, 2043257.690, 1918309.453, 1789891.537, 1658005.877, 1522657.234, 1383856.536, 1241627.155, 1096015.638, 947108.165, 795052.934, 640086.362, 482557.974, 322946.225, 161857.055,    0.000,
   0.000, 166707.001, 332623.107, 497017.519, 659266.141, 818876.181, 975487.641, 1128857.022, 1278831.684, 1425322.866, 1568282.627, 1707686.894, 1843524.411, 1975790.277, 2104482.497, 2229600.315, 2351143.460, 2469111.845, 2583505.441, 2694324.240, 2801568.240, 2905237.440, 3005331.840, 3101851.440, 3194796.240, 3284166.240, 3369961.440, 3452181.840, 3530827.440, 3605898.240, 3677394.240, 3745315.440, 3809661.840, 3870433.440, 3927630.240, 3981252.240, 4031299.440, 4077771.840, 4120669.440, 4159992.240, 4195740.240, 4227913.440, 4256511.840, 4281535.440, 4302984.240, 4320858.240, 4335157.440, 4345881.840, 4353031.440, 4356606.240, 4356606.240, 4353031.440, 4345881.840, 4335157.440, 4320858.240, 4302984.240, 4281535.440, 4256511.840, 4227913.440, 4195740.240, 4159992.240, 4120669.440, 4077771.840, 4031299.440, 3981252.240, 3927630.240, 3870433.440, 3809661.840, 3745315.440, 3677394.240, 3605898.240, 3530827.440, 3452181.840, 3369961.440, 3284166.240, 3194796.240, 3101851.440, 3005331.840, 2905237.440, 2801568.240, 2694324.240, 2583505.441, 2469111.845, 2351143.460, 2229600.315, 2104482.497, 1975790.277, 1843524.411, 1707686.894, 1568282.627, 1425322.866, 1278831.684, 1128857.022, 975487.641, 818876.181, 659266.141, 497017.519, 332623.107, 166707.001,    0.000,
   0.000, 171370.410, 341927.800, 510920.927, 677708.236, 841783.149, 1002775.600, 1160435.276, 1314605.270, 1465194.337, 1612153.197, 1755457.102, 1895094.483, 2031060.300, 2163352.504, 2291970.317, 2416913.461, 2538181.845, 2655775.441, 2769694.240, 2879938.240, 2986507.440, 3089401.840, 3188621.440, 3284166.240, 3376036.240, 3464231.440, 3548751.840, 3629597.440, 3706768.240, 3780264.240, 3850085.440, 3916231.840, 3978703.440, 4037500.240, 4092622.240, 4144069.440, 4191841.840, 4235939.440, 4276362.240, 4313110.240, 4346183.440, 4375581.840, 4401305.440, 4423354.240, 4441728.240, 4456427.440, 4467451.840, 4474801.440, 4478476.240, 4478476.240, 4474801.440, 4467451.840, 4456427.440, 4441728.240, 4423354.240, 4401305.440, 4375581.840, 4346183.440, 4313110.240, 4276362.240, 4235939.440, 4191841.840, 4144069.440, 4092622.240, 4037500.240, 3978703.440, 3916231.840, 3850085.440, 3780264.240, 3706768.240, 3629597.440, 3548751.840, 3464231.440, 3376036.240, 3284166.240, 3188621.440, 3089401.840, 2986507.440, 2879938.240, 2769694.240, 2655775.441, 2538181.845, 2416913.461, 2291970.317, 2163352.504, 2031060.300, 1895094.483, 1755457.102, 1612153.197, 1465194.337, 1314605.270, 1160435.276, 1002775.600, 841783.149, 677708.236, 510920.927, 341927.800, 171370.410,    0.000,
   0.000, 175847.283, 350860.306, 524268.199, 695412.647, 863773.839, 1028972.039, 1190750.399, 1348947.912, 1503470.950, 1654268.944, 1801316.502, 1944601.752, 2084119.523, 2219867.711, 2351845.519, 2480052.661, 2604489.046, 2725154.641, 2842049.440, 2955173.440, 3064526.640, 3170109.040, 3271920.640, 3369961.440, 3464231.440, 3554730.640, 3641459.040, 3724416.640, 3803603.440, 3879019.440, 3950664.640, 4018539.040, 4082642.640, 4142975.440, 4199537.440, 4252328.640, 4301349.040, 4346598.640, 4388077.440, 4425785.440, 4459722.640, 4489889.040, 4516284.640, 4538909.440, 4557763.440, 4572846.640, 4584159.040, 4591700.640, 4595471.440, 4595471.440, 4591700.640, 4584159.040, 4572846.640, 4557763.440, 4538909.440, 4516284.640, 4489889.040, 4459722.640, 4425785.440, 4388077.440, 4346598.640, 4301349.040, 4252328.640, 4199537.440, 4142975.440, 4082642.640, 4018539.040, 3950664.640, 3879019.440, 3803603.440, 3724416.640, 3641459.040, 3554730.640, 3464231.440, 3369961.440, 3271920.640, 3170109.040, 3064526.640, 2955173.440, 2842049.440, 2725154.641, 2604489.046, 2480052.661, 2351845.519, 2219867.711, 2084119.523, 1944601.752, 1801316.502, 1654268.944, 1503470.950, 1348947.912, 1190750.399, 1028972.039, 863773.839, 695412.647, 524268.199, 350860.306, 175847.283,    0.000,
   0.000, 180137.620, 359420.624, 537059.335, 712379.374, 884848.250, 1054076.961, 1219802.393, 1381859.611, 1540152.704, 1694629.869, 1845265.094, 1992046.218, 2134967.944, 2274028.118, 2409225.920, 2540561.062, 2668033.446, 2791643.041, 2911389.840, 3027273.840, 3139295.040, 3247453.440, 3351749.040, 3452181.840, 3548751.840, 3641459.040, 3730303.440, 3815285.040, 3896403.840, 3973659.840, 4047053.040, 4116583.440, 4182251.040, 4244055.840, 4301997.840, 4356077.040, 4406293.440, 4452647.040, 4495137.840, 4533765.840, 4568531.040, 4599433.440, 4626473.040, 4649649.840, 4668963.840, 4684415.040, 4696003.440, 4703729.040, 4707591.840, 4707591.840, 4703729.040, 4696003.440, 4684415.040, 4668963.840, 4649649.840, 4626473.040, 4599433.440, 4568531.040, 4533765.840, 4495137.840, 4452647.040, 4406293.440, 4356077.040, 4301997.840, 4244055.840, 4182251.040, 4116583.440, 4047053.040, 3973659.840, 3896403.840, 3815285.040, 3730303.440, 3641459.040, 3548751.840, 3452181.840, 3351749.040, 3247453.440, 3139295.040, 3027273.840, 2911389.840, 2791643.041, 2668033.446, 2540561.062, 2409225.920, 2274028.118, 2134967.944, 1992046.218, 1845265.094, 1694629.869, 1540152.704, 1381859.611, 1219802.393, 1054076.961, 884848.250, 712379.374, 537059.335, 359420.624, 180137.620,    0.000,
   0.000, 184241.420, 367608.755, 549294.334, 728608.418, 905006.382, 1078090.364, 1247591.256, 1413340.367, 1575239.598, 1733235.970, 1887302.877, 2037427.882, 2183605.565, 2325833.724, 2464111.522, 2598438.663, 2728815.046, 2855240.641, 2977715.440, 3096239.440, 3210812.640, 3321435.040, 3428106.640, 3530827.440, 3629597.440, 3724416.640, 3815285.040, 3902202.640, 3985169.440, 4064185.440, 4139250.640, 4210365.040, 4277528.640, 4340741.440, 4400003.440, 4455314.640, 4506675.040, 4554084.640, 4597543.440, 4637051.440, 4672608.640, 4704215.040, 4731870.640, 4755575.440, 4775329.440, 4791132.640, 4802985.040, 4810886.640, 4814837.440, 4814837.440, 4810886.640, 4802985.040, 4791132.640, 4775329.440, 4755575.440, 4731870.640, 4704215.040, 4672608.640, 4637051.440, 4597543.440, 4554084.640, 4506675.040, 4455314.640, 4400003.440, 4340741.440, 4277528.640, 4210365.040, 4139250.640, 4064185.440, 3985169.440, 3902202.640, 3815285.040, 3724416.640, 3629597.440, 3530827.440, 3428106.640, 3321435.040, 3210812.640, 3096239.440, 2977715.440, 2855240.641, 2728815.046, 2598438.663, 2464111.522, 2325833.724, 2183605.565, 2037427.882, 1887302.877, 1733235.970, 1575239.598, 1413340.367, 1247591.256, 1078090.364, 905006.382, 728608.418, 549294.334, 367608.755, 184241.420,    0.000,
   0.000, 188158.684, 375424.697, 560973.197, 744099.778, 924248.235, 1101012.249, 1274116.989, 1443390.179, 1608731.634, 1770087.249, 1927429.852, 2080746.742, 2230032.385, 2375284.530, 2516502.324, 2653685.463, 2786833.846, 2915947.441, 3041026.240, 3162070.240, 3279079.440, 3392053.840, 3500993.440, 3605898.240, 3706768.240, 3803603.440, 3896403.840, 3985169.440, 4069900.240, 4150596.240, 4227257.440, 4299883.840, 4368475.440, 4433032.240, 4493554.240, 4550041.440, 4602493.840, 4650911.440, 4695294.240, 4735642.240, 4771955.440, 4804233.840, 4832477.440, 4856686.240, 4876860.240, 4892999.440, 4905103.840, 4913173.440, 4917208.240, 4917208.240, 4913173.440, 4905103.840, 4892999.440, 4876860.240, 4856686.240, 4832477.440, 4804233.840, 4771955.440, 4735642.240, 4695294.240, 4650911.440, 4602493.840, 4550041.440, 4493554.240, 4433032.240, 4368475.440, 4299883.840, 4227257.440, 4150596.240, 4069900.240, 3985169.440, 3896403.840, 3803603.440, 3706768.240, 3605898.240, 3500993.440, 3392053.840, 3279079.440, 3162070.240, 3041026.240, 2915947.441, 2786833.846, 2653685.463, 2516502.324, 2375284.530, 2230032.385, 2080746.742, 1927429.852, 1770087.249, 1608731.634, 1443390.179, 1274116.989, 1101012.249, 924248.235, 744099.778, 560973.197, 375424.697, 188158.684,    0.000,
   0.000, 191889.412, 382868.452, 572095.924, 758853.454, 942573.810, 1122842.616, 1299379.593, 1472009.047, 1640628.811, 1805183.705, 1965646.019, 2122002.799, 2274248.403, 2422380.536, 2566398.326, 2706301.463, 2842089.846, 2973763.441, 3101322.240, 3224766.240, 3344095.440, 3459309.840, 3570409.440, 3677394.240, 3780264.240, 3879019.440, 3973659.840, 4064185.440, 4150596.240, 4232892.240, 4311073.440, 4385139.840, 4455091.440, 4520928.240, 4582650.240, 4640257.440, 4693749.840, 4743127.440, 4788390.240, 4829538.240, 4866571.440, 4899489.840, 4928293.440, 4952982.240, 4973556.240, 4990015.440, 5002359.840, 5010589.440, 5014704.240, 5014704.240, 5010589.440, 5002359.840, 4990015.440, 4973556.240, 4952982.240, 4928293.440, 4899489.840, 4866571.440, 4829538.240, 4788390.240, 4743127.440, 4693749.840, 4640257.440, 4582650.240, 4520928.240, 4455091.440, 4385139.840, 4311073.440, 4232892.240, 4150596.240, 4064185.440, 3973659.840, 3879019.440, 3780264.240, 3677394.240, 3570409.440, 3459309.840, 3344095.440, 3224766.240, 3101322.240, 2973763.441, 2842089.846, 2706301.463, 2566398.326, 2422380.536, 2274248.403, 2122002.799, 1965646.019, 1805183.705, 1640628.811, 1472009.047, 1299379.593, 1122842.616, 942573.810, 758853.454, 572095.924, 382868.452, 191889.412,    0.000,
