   0.000,    0.000,    0.000,    0.000,    0.000,    0.000,    0.000,    0.000,    0.000,    0.000,    0.000,    0.000,    0.000,    0.000,    0.000,    0.000,    0.000,    0.000,    0.000,    0.000,    0.000,    0.000,    0.000,    0.000,    0.000,    0.000,    0.000,    0.000,    0.000,    0.000,    0.000,    0.000,    0.000,    0.000,    0.000,    0.000,    0.000,    0.000,    0.000,    0.000,    0.000,    0.000,    0.000,    0.000,    0.000,    0.000,    0.000,    0.000,    0.000,    0.000,    0.000,    0.000,    0.000,    0.000,    0.000,    0.000,    0.000,    0.000,    0.000,    0.000,    0.000,    0.000,    0.000,    0.000,    0.000,    0.000,    0.000,    0.000,    0.000,    0.000,    0.000,    0.000,    0.000,    0.000,    0.000,    0.000,    0.000,    0.000,    0.000,    0.000,    0.000,    0.000,    0.000,    0.000,    0.000,    0.000,    0.000,    0.000,    0.000,    0.000,    0.000,    0.000,    0.000,    0.000,    0.000,    0.000,    0.000,    0.000,    0.000,    0.000,
   0.000, 8841.414, 17634.925, 26337.435, 34914.040, 43339.272, 51596.358, 59675.314, 67570.756, 75280.050, 82802.023, 90136.200, 97282.403, 104240.573, 111010.692, 117592.753, 123986.756, 130192.700, 136210.585, 142040.411, 147682.179, 153135.887, 158401.537, 163479.127, 168368.659, 173070.132, 177583.546, 181908.901, 186046.197, 189995.434, 193756.612, 197329.731, 200714.792, 203911.793, 206920.736, 209741.619, 212374.444, 214819.210, 217075.917, 219144.565, 221025.154, 222717.684, 224222.155, 225538.568, 226666.921, 227607.216, 228359.452, 228923.628, 229299.746, 229487.805, 229487.805, 229299.746, 228923.628, 228359.452, 227607.216, 226666.921, 225538.568, 224222.155, 222717.684, 221025.154, 219144.565, 217075.917, 214819.210, 212374.444, 209741.619, 206920.736, 203911.793, 200714.792, 197329.731, 193756.612, 189995.434, 186046.197, 181908.901, 177583.546, 173070.132, 168368.659, 163479.127, 158401.537, 153135.887, 147682.179, 142040.411, 136210.585, 130192.700, 123986.756, 117592.753, 111010.692, 104240.573, 97282.403, 90136.200, 82802.023, 75280.050, 67570.756, 59675.314, 51596.358, 43339.272, 34914.040, 26337.435, 17634.925, 8841.414,    0.000,
   0.000, 17634.925, 35174.302, 52532.167, 69638.905, 86443.713, 102913.138, 119027.267, 134775.363, 150152.172, 165155.354, 179783.960, 194037.638, 207916.269, 221419.816, 234548.268, 247301.621, 259679.877, 271683.034, 283311.092, 294564.051, 305441.912, 315944.674, 326072.338, 335824.903, 345202.369, 354204.736, 362832.005, 371084.176, 378961.247, 386463.220, 393590.095, 400341.870, 406718.547, 412720.126, 418346.606, 423597.987, 428474.269, 432975.453, 437101.538, 440852.524, 444228.412, 447229.202, 449854.892, 452105.484, 453980.977, 455481.372, 456606.668, 457356.865, 457731.964, 457731.964, 457356.865, 456606.668, 455481.372, 453980.977, 452105.484, 449854.892, 447229.202, 444228.412, 440852.524, 437101.538, 432975.453, 428474.269, 423597.987, 418346.606, 412720.126, 406718.547, 400341.870, 393590.095, 386463.220, 378961.247, 371084.176, 362832.005, 354204.736, 345202.369, 335824.903, 326072.338, 315944.674, 305441.912, 294564.051, 283311.092, 271683.034, 259679.877, 247301.621, 234548.268, 221419.816, 207916.269, 194037.638, 179783.960, 165155.354, 150152.172, 134775.363, 119027.267, 102913.138, 86443.713, 69638.905, 52532.167, 35174.302, 17634.925,    0.000,
   0.000, 26337.435, 52532.167, 78455.812, 104004.397, 129102.051, 153698.814, 177764.947, 201284.416, 224249.373, 246656.326, 268503.857, 289791.441, 310518.899, 330686.177, 350293.257, 369340.136, 387826.814, 405753.288, 423119.561, 439925.631, 456171.499, 471857.165, 486982.628, 501547.889, 515552.948, 528997.804, 541882.458, 554206.909, 565971.159, 577175.205, 587819.050, 597902.692, 607426.132, 616389.369, 624792.405, 632635.237, 639917.868, 646640.296, 652802.522, 658404.545, 663446.366, 667927.985, 671849.401, 675210.615, 678011.627, 680252.437, 681933.044, 683053.448, 683613.651, 683613.651, 683053.448, 681933.044, 680252.437, 678011.627, 675210.615, 671849.401, 667927.985, 663446.366, 658404.545, 652802.522, 646640.296, 639917.868, 632635.237, 624792.405, 616389.369, 607426.132, 597902.692, 587819.050, 577175.205, 565971.159, 554206.909, 541882.458, 528997.804, 515552.948, 501547.889, 486982.628, 471857.165, 456171.499, 439925.631, 423119.561, 405753.288, 387826.814, 369340.136, 350293.257, 330686.177, 310518.899, 289791.441, 268503.857, 246656.326, 224249.373, 201284.416, 177764.947, 153698.814, 129102.051, 104004.397, 78455.812, 52532.167, 26337.435,    0.000,
   0.000, 34914.040, 69638.905, 104004.397, 137872.686, 171143.195, 203749.697, 235652.769, 266831.158, 297274.462, 326978.052, 355940.049, 384159.756, 411636.938, 438371.520, 464363.482, 489612.818, 514119.527, 537883.608, 560905.062, 583183.889, 604720.088, 625513.659, 645564.603, 664872.919, 683438.607, 701261.668, 718342.102, 734679.908, 750275.086, 765127.637, 779237.561, 792604.856, 805229.525, 817111.565, 828250.979, 838647.764, 848301.922, 857213.453, 865382.356, 872808.631, 879492.279, 885433.300, 890631.692, 895087.458, 898800.595, 901771.106, 903998.988, 905484.243, 906226.871, 906226.871, 905484.243, 903998.988, 901771.106, 898800.595, 895087.458, 890631.692, 885433.300, 879492.279, 872808.631, 865382.356, 857213.453, 848301.922, 838647.764, 828250.979, 817111.565, 805229.525, 792604.856, 779237.561, 765127.637, 750275.086, 734679.908, 718342.102, 701261.668, 683438.607, 664872.919, 645564.603, 625513.659, 604720.088, 583183.889, 560905.062, 537883.608, 514119.527, 489612.818, 464363.482, 438371.520, 411636.938, 384159.756, 355940.049, 326978.052, 297274.462, 266831.158, 235652.769, 203749.697, 171143.195, 137872.686, 104004.397, 69638.905, 34914.040,    0.000,
   0.000, 43339.272, 86443.713, 129102.051, 171143.195, 212442.299, 252917.154, 292518.829, 331220.943, 369010.586, 405882.012, 441832.889, 476862.353, 510970.111, 544156.071, 576420.208, 607762.514, 638182.988, 667681.630, 696258.439, 723913.416, 750646.560, 776457.871, 801347.350, 825314.997, 848360.811, 870484.792, 891686.941, 911967.257, 931325.740, 949762.391, 967277.210, 983870.196, 999541.349, 1014290.670, 1028118.158, 1041023.814, 1053007.637, 1064069.628, 1074209.786, 1083428.112, 1091724.605, 1099099.265, 1105552.093, 1111083.088, 1115692.251, 1119379.581, 1122145.079, 1123988.744, 1124910.576, 1124910.576, 1123988.744, 1122145.079, 1119379.581, 1115692.251, 1111083.088, 1105552.093, 1099099.265, 1091724.605, 1083428.112, 1074209.786, 1064069.628, 1053007.637, 1041023.814, 1028118.158, 1014290.670, 999541.349, 983870.196, 967277.210, 949762.391, 931325.740, 911967.257, 891686.941, 870484.792, 848360.811, 825314.997, 801347.350, 776457.871, 750646.560, 723913.416, 696258.439, 667681.630, 638182.988, 607762.514, 576420.208, 544156.071, 510970.111, 476862.353, 441832.889, 405882.012, 369010.586, 331220.943, 292518.829, 252917.154, 212442.299, 171143.195, 129102.051, 86443.713, 43339.272,    0.000,
   0.000, 51596.358, 102913.138, 153698.814, 203749.697, 252917.154, 301103.319, 348249.939, 394325.609, 439314.963, 483211.159, 526011.423, 567714.724, 608320.716, 647829.288, 686240.411, 723554.075, 759770.279, 794889.022, 828910.305, 861834.127, 893660.488, 924389.389, 954020.828, 982554.807, 1009991.326, 1036330.383, 1061571.980, 1085716.116, 1108762.792, 1130712.006, 1151563.760, 1171318.053, 1189974.886, 1207534.257, 1223996.168, 1239360.619, 1253627.608, 1266797.137, 1278869.205, 1289843.812, 1299720.959, 1308500.645, 1316182.870, 1322767.634, 1328254.938, 1332644.781, 1335937.163, 1338132.084, 1339229.545, 1339229.545, 1338132.084, 1335937.163, 1332644.781, 1328254.938, 1322767.634, 1316182.870, 1308500.645, 1299720.959, 1289843.812, 1278869.205, 1266797.137, 1253627.608, 1239360.619, 1223996.168, 1207534.257, 1189974.886, 1171318.053, 1151563.760, 1130712.006, 1108762.792, 1085716.116, 1061571.980, 1036330.383, 1009991.326, 982554.807, 954020.828, 924389.389, 893660.488, 861834.127, 828910.305, 794889.022, 759770.279, 723554.075, 686240.411, 647829.288, 608320.716, 567714.724, 526011.423, 483211.159, 439314.963, 394325.609, 348249.939, 301103.319, 252917.154, 203749.697, 153698.814, 102913.138, 51596.358,    0.000,
   0.000, 59675.314, 119027.267, 177764.947, 235652.769, 292518.829, 348249.939, 402778.727, 456068.875, 508102.610, 558872.022, 608373.900, 656607.056, 703571.086, 749265.865, 793691.355, 836847.549, 878734.444, 919352.039, 958700.334, 996779.329, 1033589.025, 1069129.420, 1103400.516, 1136402.312, 1168134.808, 1198598.004, 1227791.901, 1255716.497, 1282371.794, 1307757.791, 1331874.488, 1354721.885, 1376299.982, 1396608.780, 1415648.277, 1433418.475, 1449919.373, 1465150.971, 1479113.270, 1491806.268, 1503229.967, 1513384.365, 1522269.464, 1529885.263, 1536231.762, 1541308.962, 1545116.861, 1547655.461, 1548924.761, 1548924.761, 1547655.461, 1545116.861, 1541308.962, 1536231.762, 1529885.263, 1522269.464, 1513384.365, 1503229.967, 1491806.268, 1479113.270, 1465150.971, 1449919.373, 1433418.475, 1415648.277, 1396608.780, 1376299.982, 1354721.885, 1331874.488, 1307757.791, 1282371.794, 1255716.497, 1227791.901, 1198598.004, 1168134.808, 1136402.312, 1103400.516, 1069129.420, 1033589.025, 996779.329, 958700.334, 919352.039, 878734.444, 836847.549, 793691.355, 749265.865, 703571.086, 656607.056, 608373.900, 558872.022, 508102.610, 456068.875, 402778.727, 348249.939, 292518.829, 235652.769, 177764.947, 119027.267, 59675.314,    0.000,
   0.000, 67570.756, 134775.363, 201284.416, 266831.158, 331220.943, 394325.609, 456068.875, 516409.618, 575327.716, 632814.212, 688865.473, 743480.152, 796657.793, 848398.252, 898701.490, 947567.496, 994996.267, 1040987.802, 1085542.103, 1128659.167, 1170338.996, 1210581.590, 1249386.948, 1286755.071, 1322685.958, 1357179.610, 1390236.026, 1421855.207, 1452037.152, 1480781.862, 1508089.336, 1533959.575, 1558392.578, 1581388.346, 1602946.879, 1623068.175, 1641752.237, 1658999.063, 1674808.653, 1689181.008, 1702116.127, 1713614.011, 1723674.660, 1732298.073, 1739484.250, 1745233.192, 1749544.898, 1752419.369, 1753856.605, 1753856.605, 1752419.369, 1749544.898, 1745233.192, 1739484.250, 1732298.073, 1723674.660, 1713614.011, 1702116.127, 1689181.008, 1674808.653, 1658999.063, 1641752.237, 1623068.175, 1602946.879, 1581388.346, 1558392.578, 1533959.575, 1508089.336, 1480781.862, 1452037.152, 1421855.207, 1390236.026, 1357179.610, 1322685.958, 1286755.071, 1249386.948, 1210581.590, 1170338.996, 1128659.167, 1085542.103, 1040987.802, 994996.267, 947567.496, 898701.490, 848398.252, 796657.793, 743480.152, 688865.473, 632814.212, 575327.716, 516409.618, 456068.875, 394325.609, 331220.943, 266831.158, 201284.416, 134775.363, 67570.756,    0.000,
   0.000, 75280.050, 150152.172, 224249.373, 297274.462, 369010.586, 439314.963, 508102.610, 575327.716, 640967.863, 705013.075, 767459.303, 828305.048, 887549.800, 945193.401, 1001235.806, 1055677.003, 1108516.989, 1159755.763, 1209393.326, 1257429.677, 1303864.817, 1348698.744, 1391931.460, 1433562.965, 1473593.257, 1512022.338, 1548850.207, 1584076.865, 1617702.310, 1649726.544, 1680149.567, 1708971.377, 1736191.976, 1761811.364, 1785829.539, 1808246.503, 1829062.255, 1848276.796, 1865890.124, 1881902.241, 1896313.147, 1909122.840, 1920331.322, 1929938.593, 1937944.651, 1944349.498, 1949153.133, 1952355.556, 1953956.768, 1953956.768, 1952355.556, 1949153.133, 1944349.498, 1937944.651, 1929938.593, 1920331.322, 1909122.840, 1896313.147, 1881902.241, 1865890.124, 1848276.796, 1829062.255, 1808246.503, 1785829.539, 1761811.364, 1736191.976, 1708971.377, 1680149.567, 1649726.544, 1617702.310, 1584076.865, 1548850.207, 1512022.338, 1473593.257, 1433562.965, 1391931.460, 1348698.744, 1303864.817, 1257429.677, 1209393.326, 1159755.763, 1108516.989, 1055677.003, 1001235.806, 945193.401, 887549.800, 828305.048, 767459.303, 705013.075, 640967.863, 575327.716, 508102.610, 439314.963, 369010.586, 297274.462, 224249.373, 150152.172, 75280.050,    0.000,
   0.000, 82802.023, 165155.354, 246656.326, 326978.052, 405882.012, 483211.159, 558872.022, 632814.212, 705013.075, 775457.637, 844143.446, 911068.852, 976233.295, 1039636.602, 1101278.722, 1161159.643, 1219279.361, 1275637.875, 1330235.186, 1383071.293, 1434146.197, 1483459.897, 1531012.394, 1576803.687, 1620833.777, 1663102.663, 1703610.345, 1742356.824, 1779342.099, 1814566.170, 1848029.038, 1879730.703, 1909671.164, 1937850.421, 1964268.475, 1988925.325, 2011820.971, 2032955.414, 2052328.654, 2069940.689, 2085791.522, 2099881.150, 2112209.575, 2122776.797, 2131582.815, 2138627.629, 2143911.240, 2147433.647, 2149194.851, 2149194.851, 2147433.647, 2143911.240, 2138627.629, 2131582.815, 2122776.797, 2112209.575, 2099881.150, 2085791.522, 2069940.689, 2052328.654, 2032955.414, 2011820.971, 1988925.325, 1964268.475, 1937850.421, 1909671.164, 1879730.703, 1848029.038, 1814566.170, 1779342.099, 1742356.824, 1703610.345, 1663102.663, 1620833.777, 1576803.687, 1531012.394, 1483459.897, 1434146.197, 1383071.293, 1330235.186, 1275637.875, 1219279.361, 1161159.643, 1101278.722, 1039636.602, 976233.295, 911068.852, 844143.446, 775457.637, 705013.075, 632814.212, 558872.022, 483211.159, 405882.012, 326978.052, 246656.326, 165155.354, 82802.023,    0.000,
   0.000, 90136.200, 179783.960, 268503.857, 355940.049, 441832.889, 526011.423, 608373.900, 688865.473, 767459.303, 844143.446, 918913.055, 991766.334, 1062702.675, 1131721.887, 1198823.917, 1264008.751, 1327276.384, 1388626.816, 1448060.048, 1505576.078, 1561174.908, 1614856.536, 1666620.964, 1716468.190, 1764398.215, 1810411.040, 1854506.663, 1896685.085, 1936946.307, 1975290.327, 2011717.146, 2046226.765, 2078819.182, 2109494.398, 2138252.413, 2165093.228, 2190016.841, 2213023.253, 2234112.464, 2253284.474, 2270539.283, 2285876.892, 2299297.299, 2310800.505, 2320386.510, 2328055.314, 2333806.917, 2337641.319, 2339558.520, 2339558.520, 2337641.319, 2333806.917, 2328055.314, 2320386.510, 2310800.505, 2299297.299, 2285876.892, 2270539.283, 2253284.474, 2234112.464, 2213023.253, 2190016.841, 2165093.228, 2138252.413, 2109494.398, 2078819.182, 2046226.765, 2011717.146, 1975290.327, 1936946.307, 1896685.085, 1854506.663, 1810411.040, 1764398.215, 1716468.190, 1666620.964, 1614856.536, 1561174.908, 1505576.078, 1448060.048, 1388626.816, 1327276.384, 1264008.751, 1198823.917, 1131721.887, 1062702.675, 991766.334, 918913.055, 844143.446, 767459.303, 688865.473, 608373.900, 526011.423, 441832.889, 355940.049, 268503.857, 179783.960, 90136.200,    0.000,
   0.000, 97282.403, 194037.638, 289791.441, 384159.756, 476862.353, 567714.724, 656607.056, 743480.152, 828305.048, 911068.852, 991766.334, 1070395.557, 1146955.862, 1221447.046, 1293869.049, 1364221.857, 1432505.465, 1498719.874, 1562865.082, 1624941.090, 1684947.898, 1742885.505, 1798753.913, 1852553.119, 1904283.126, 1953943.933, 2001535.539, 2047057.945, 2090511.150, 2131895.156, 2171209.961, 2208455.565, 2243631.970, 2276739.174, 2307777.178, 2336745.982, 2363645.585, 2388475.989, 2411237.192, 2431929.194, 2450551.997, 2467105.599, 2481590.001, 2494005.202, 2504351.204, 2512628.005, 2518835.606, 2522974.006, 2525043.206, 2525043.206, 2522974.006, 2518835.606, 2512628.005, 2504351.204, 2494005.202, 2481590.001, 2467105.599, 2450551.997, 2431929.194, 2411237.192, 2388475.989, 2363645.585, 2336745.982, 2307777.178, 2276739.174, 2243631.970, 2208455.565, 2171209.961, 2131895.156, 2090511.150, 2047057.945, 2001535.539, 1953943.933, 1904283.126, 1852553.119, 1798753.913, 1742885.505, 1684947.898, 1624941.090, 1562865.082, 1498719.874, 1432505.465, 1364221.857, 1293869.049, 1221447.046, 1146955.862, 1070395.557, 991766.334, 911068.852, 828305.048, 743480.152, 656607.056, 567714.724, 476862.353, 384159.756, 289791.441, 194037.638, 97282.403,    0.000,
   0.000, 104240.573, 207916.269, 310518.899, 411636.938, 510970.111, 608320.716, 703571.086, 796657.793, 887549.800, 976233.295, 1062702.675, 1146955.862, 1228992.152, 1308811.327, 1386413.323, 1461798.123, 1534965.725, 1605916.127, 1674649.329, 1741165.331, 1805464.133, 1867545.735, 1927410.137, 1985057.338, 2040487.340, 2093700.142, 2144695.743, 2193474.145, 2240035.346, 2284379.347, 2326506.149, 2366415.750, 2404108.151, 2439583.352, 2472841.353, 2503882.154, 2532705.755, 2559312.155, 2583701.356, 2605873.357, 2625828.157, 2643565.758, 2659086.158, 2672389.359, 2683475.359, 2692344.159, 2698995.759, 2703430.160, 2705647.360, 2705647.360, 2703430.160, 2698995.759, 2692344.159, 2683475.359, 2672389.359, 2659086.158, 2643565.758, 2625828.157, 2605873.357, 2583701.356, 2559312.155, 2532705.755, 2503882.154, 2472841.353, 2439583.352, 2404108.151, 2366415.750, 2326506.149, 2284379.347, 2240035.346, 2193474.145, 2144695.743, 2093700.142, 2040487.340, 1985057.338, 1927410.137, 1867545.735, 1805464.133, 1741165.331, 1674649.329, 1605916.127, 1534965.725, 1461798.123, 1386413.323, 1308811.327, 1228992.152, 1146955.862, 1062702.675, 976233.295, 887549.800, 796657.793, 703571.086, 608320.716, 510970.111, 411636.938, 310518.899, 207916.269, 104240.573,    0.000,
   0.000, 111010.692, 221419.816, 330686.177, 438371.520, 544156.071, 647829.288, 749265.865, 848398.252, 945193.401, 1039636.602, 1131721.887, 1221447.046, 1308811.327, 1393814.497, 1476456.491, 1556737.290, 1634656.890, 1710215.291, 1783412.491, 1854248.492, 1922723.292, 1988836.892, 2052589.293, 2113980.493, 2173010.494, 2229679.294, 2283986.894, 2335933.295, 2385518.495, 2432742.495, 2477605.296, 2520106.896, 2560247.296, 2598026.496, 2633444.496, 2666501.297, 2697196.897, 2725531.297, 2751504.497, 2775116.497, 2796367.298, 2815256.898, 2831785.298, 2845952.498, 2857758.498, 2867203.298, 2874286.898, 2879009.298, 2881370.498, 2881370.498, 2879009.298, 2874286.898, 2867203.298, 2857758.498, 2845952.498, 2831785.298, 2815256.898, 2796367.298, 2775116.497, 2751504.497, 2725531.297, 2697196.897, 2666501.297, 2633444.496, 2598026.496, 2560247.296, 2520106.896, 2477605.296, 2432742.495, 2385518.495, 2335933.295, 2283986.894, 2229679.294, 2173010.494, 2113980.493, 2052589.293, 1988836.892, 1922723.292, 1854248.492, 1783412.491, 1710215.291, 1634656.890, 1556737.290, 1476456.491, 1393814.497, 1308811.327, 1221447.046, 1131721.887, 1039636.602, 945193.401, 848398.252, 749265.865, 647829.288, 544156.071, 438371.520, 330686.177, 221419.816, 111010.692,    0.000,
   0.000, 117592.753, 234548.268, 350293.257, 464363.482, 576420.208, 686240.411, 793691.355, 898701.490, 1001235.806, 1101278.722, 1198823.917, 1293869.049, 1386413.323, 1476456.491, 1563998.484, 1649039.282, 1731578.882, 1811617.282, 1889154.482, 1964190.482, 2036725.283, 2106758.883, 2174291.283, 2239322.483, 2301852.483, 2361881.283, 2419408.883, 2474435.283, 2526960.483, 2576984.483, 2624507.283, 2669528.883, 2712049.283, 2752068.483, 2789586.483, 2824603.284, 2857118.884, 2887133.284, 2914646.484, 2939658.484, 2962169.284, 2982178.884, 2999687.284, 3014694.484, 3027200.484, 3037205.284, 3044708.884, 3049711.284, 3052212.484, 3052212.484, 3049711.284, 3044708.884, 3037205.284, 3027200.484, 3014694.484, 2999687.284, 2982178.884, 2962169.284, 2939658.484, 2914646.484, 2887133.284, 2857118.884, 2824603.284, 2789586.483, 2752068.483, 2712049.283, 2669528.883, 2624507.283, 2576984.483, 2526960.483, 2474435.283, 2419408.883, 2361881.283, 2301852.483, 2239322.483, 2174291.283, 2106758.883, 2036725.283, 1964190.482, 1889154.482, 1811617.282, 1731578.882, 1649039.282, 1563998.484, 1476456.491, 1386413.323, 1293869.049, 1198823.917, 1101278.722, 1001235.806, 898701.490, 793691.355, 686240.411, 576420.208, 464363.482, 350293.257, 234548.268, 117592.753,    0.000,
   0.000, 123986.756, 247301.621, 369340.136, 489612.818, 607762.514, 723554.075, 836847.549, 947567.496, 1055677.003, 1161159.643, 1264008.751, 1364221.857, 1461798.123, 1556737.290, 1649039.282, 1738704.081, 1825731.680, 1910122.080, 1991875.280, 2070991.280, 2147470.080, 2221311.681, 2292516.081, 2361083.281, 2427013.281, 2490306.081, 2550961.681, 2608980.081, 2664361.281, 2717105.281, 2767212.081, 2814681.681, 2859514.081, 2901709.281, 2941267.281, 2978188.081, 3012471.681, 3044118.081, 3073127.281, 3099499.281, 3123234.081, 3144331.681, 3162792.081, 3178615.281, 3191801.281, 3202350.081, 3210261.681, 3215536.081, 3218173.281, 3218173.281, 3215536.081, 3210261.681, 3202350.081, 3191801.281, 3178615.281, 3162792.081, 3144331.681, 3123234.081, 3099499.281, 3073127.281, 3044118.081, 3012471.681, 2978188.081, 2941267.281, 2901709.281, 2859514.081, 2814681.681, 2767212.081, 2717105.281, 2664361.281, 2608980.081, 2550961.681, 2490306.081, 2427013.281, 2361083.281, 2292516.081, 2221311.681, 2147470.080, 2070991.280, 1991875.280, 1910122.080, 1825731.680, 1738704.081, 1649039.282, 1556737.290, 1461798.123, 1364221.857, 1264008.751, 1161159.643, 1055677.003, 947567.496, 836847.549, 723554.075, 607762.514, 489612.818, 369340.136, 247301.621, 123986.756,    0.000,
   0.000, 130192.700, 259679.877, 387826.814, 514119.527, 638182.988, 759770.279, 878734.444, 994996.267, 1108516.989, 1219279.361, 1327276.384, 1432505.465, 1534965.725, 1634656.890, 1731578.882, 1825731.680, 1917115.280, 2005729.680, 2091574.880, 2174650.880, 2254957.680, 2332495.280, 2407263.680, 2479262.880, 2548492.880, 2614953.680, 2678645.280, 2739567.680, 2797720.880, 2853104.880, 2905719.680, 2955565.280, 3002641.680, 3046948.880, 3088486.880, 3127255.680, 3163255.280, 3196485.680, 3226946.880, 3254638.880, 3279561.680, 3301715.280, 3321099.680, 3337714.880, 3351560.880, 3362637.680, 3370945.280, 3376483.680, 3379252.880, 3379252.880, 3376483.680, 3370945.280, 3362637.680, 3351560.880, 3337714.880, 3321099.680, 3301715.280, 3279561.680, 3254638.880, 3226946.880, 3196485.680, 3163255.280, 3127255.680, 3088486.880, 3046948.880, 3002641.680, 2955565.280, 2905719.680, 2853104.880, 2797720.880, 2739567.680, 2678645.280, 2614953.680, 2548492.880, 2479262.880, 2407263.680, 2332495.280, 2254957.680, 2174650.880, 2091574.880, 2005729.680, 1917115.280, 1825731.680, 1731578.882, 1634656.890, 1534965.725, 1432505.465, 1327276.384, 1219279.361, 1108516.989, 994996.267, 878734.444, 759770.279, 638182.988, 514119.527, 387826.814, 259679.877, 130192.700,    0.000,
   0.000, 136210.585, 271683.034, 405753.288, 537883.608, 667681.630, 794889.022, 919352.039, 1040987.802, 1159755.763, 1275637.875, 1388626.816, 1498719.874, 1605916.127, 1710215.291, 1811617.282, 1910122.080, 2005729.680, 2098440.080, 2188253.280, 2275169.280, 2359188.080, 2440309.680, 2518534.080, 2593861.280, 2666291.280, 2735824.080, 2802459.680, 2866198.080, 2927039.280, 2984983.280, 3040030.080, 3092179.680, 3141432.080, 3187787.280, 3231245.280, 3271806.080, 3309469.680, 3344236.080, 3376105.280, 3405077.280, 3431152.080, 3454329.680, 3474610.080, 3491993.280, 3506479.280, 3518068.080, 3526759.680, 3532554.080, 3535451.280, 3535451.280, 3532554.080, 3526759.680, 3518068.080, 3506479.280, 3491993.280, 3474610.080, 3454329.680, 3431152.080, 3405077.280, 3376105.280, 3344236.080, 3309469.680, 3271806.080, 3231245.280, 3187787.280, 3141432.080, 3092179.680, 3040030.080, 2984983.280, 2927039.280, 2866198.080, 2802459.680, 2735824.080, 2666291.280, 2593861.280, 2518534.080, 2440309.680, 2359188.080, 2275169.280, 2188253.280, 2098440.080, 2005729.680, 1910122.080, 1811617.282, 1710215.291, 1605916.127, 1498719.874, 1388626.816, 1275637.875, 1159755.763, 1040987.802, 919352.039, 794889.022, 667681.630, 537883.608, 405753.288, 271683.034, 136210.585,    0.000,
   0.000, 142040.411, 283311.092, 423119.561, 560905.062, 696258.439, 828910.305, 958700.334, 1085542.103, 1209393.326, 1330235.186, 1448060.048, 1562865.082, 1674649.329, 1783412.491, 1889154.482, 1991875.280, 2091574.880, 2188253.280, 2281910.480, 2372546.480, 2460161.280, 2544754.880, 2626327.280, 2704878.480, 2780408.480, 2852917.280, 2922404.880, 2988871.280, 3052316.480, 3112740.480, 3170143.280, 3224524.880, 3275885.280, 3324224.480, 3369542.480, 3411839.280, 3451114.880, 3487369.280, 3520602.480, 3550814.480, 3578005.280, 3602174.880, 3623323.280, 3641450.480, 3656556.480, 3668641.280, 3677704.880, 3683747.280, 3686768.480, 3686768.480, 3683747.280, 3677704.880, 3668641.280, 3656556.480, 3641450.480, 3623323.280, 3602174.880, 3578005.280, 3550814.480, 3520602.480, 3487369.280, 3451114.880, 3411839.280, 3369542.480, 3324224.480, 3275885.280, 3224524.880, 3170143.280, 3112740.480, 3052316.480, 2988871.280, 2922404.880, 2852917.280, 2780408.480, 2704878.480, 2626327.280, 2544754.880, 2460161.280, 2372546.480, 2281910.480, 2188253.280, 2091574.880, 1991875.280, 1889154.482, 1783412.491, 1674649.329, 1562865.082, 1448060.048, 1330235.186, 1209393.326, 1085542.103, 958700.334, 828910.305, 696258.439, 560905.062, 423119.561, 283311.092, 142040.411,    0.000,
   0.000, 147682.179, 294564.051, 439925.631, 583183.889, 723913.416, 861834.127, 996779.329, 1128659.167, 1257429.677, 1383071.293, 1505576.078, 1624941.090, 1741165.331, 1854248.492, 1964190.482, 2070991.280, 2174650.880, 2275169.280, 2372546.480, 2466782.480, 2557877.280, 2645830.880, 2730643.280, 2812314.480, 2890844.480, 2966233.280, 3038480.880, 3107587.280, 3173552.480, 3236376.480, 3296059.280, 3352600.880, 3406001.280, 3456260.480, 3503378.480, 3547355.280, 3588190.880, 3625885.280, 3660438.480, 3691850.480, 3720121.280, 3745250.880, 3767239.280, 3786086.480, 3801792.480, 3814357.280, 3823780.880, 3830063.280, 3833204.480, 3833204.480, 3830063.280, 3823780.880, 3814357.280, 3801792.480, 3786086.480, 3767239.280, 3745250.880, 3720121.280, 3691850.480, 3660438.480, 3625885.280, 3588190.880, 3547355.280, 3503378.480, 3456260.480, 3406001.280, 3352600.880, 3296059.280, 3236376.480, 3173552.480, 3107587.280, 3038480.880, 2966233.280, 2890844.480, 2812314.480, 2730643.280, 2645830.880, 2557877.280, 2466782.480, 2372546.480, 2275169.280, 2174650.880, 2070991.280, 1964190.482, 1854248.492, 1741165.331, 1624941.090, 1505576.078, 1383071.293, 1257429.677, 1128659.167, 996779.329, 861834.127, 723913.416, 583183.889, 439925.631, 294564.051, 147682.179,    0.000,
   0.000, 153135.887, 305441.912, 456171.499, 604720.088, 750646.560, 893660.488, 1033589.025, 1170338.996, 1303864.817, 1434146.197, 1561174.908, 1684947.898, 1805464.133, 1922723.292, 2036725.283, 2147470.080, 2254957.680, 2359188.080, 2460161.280, 2557877.280, 2652336.080, 2743537.680, 2831482.080, 2916169.280, 2997599.280, 3075772.080, 3150687.680, 3222346.080, 3290747.280, 3355891.280, 3417778.080, 3476407.680, 3531780.080, 3583895.280, 3632753.280, 3678354.080, 3720697.680, 3759784.080, 3795613.280, 3828185.280, 3857500.080, 3883557.680, 3906358.080, 3925901.280, 3942187.280, 3955216.080, 3964987.680, 3971502.080, 3974759.280, 3974759.280, 3971502.080, 3964987.680, 3955216.080, 3942187.280, 3925901.280, 3906358.080, 3883557.680, 3857500.080, 3828185.280, 3795613.280, 3759784.080, 3720697.680, 3678354.080, 3632753.280, 3583895.280, 3531780.080, 3476407.680, 3417778.080, 3355891.280, 3290747.280, 3222346.080, 3150687.680, 3075772.080, 2997599.280, 2916169.280, 2831482.080, 2743537.680, 2652336.080, 2557877.280, 2460161.280, 2359188.080, 2254957.680, 2147470.080, 2036725.283, 1922723.292, 1805464.133, 1684947.898, 1561174.908, 1434146.197, 1303864.817, 1170338.996, 1033589.025, 893660.488, 750646.560, 604720.088, 456171.499, 305441.912, 153135.887,    0.000,
   0.000, 158401.537, 315944.674, 471857.165, 625513.659, 776457.871, 924389.389, 1069129.420, 1210581.590, 1348698.744, 1483459.897, 1614856.536, 1742885.505, 1867545.735, 1988836.892, 2106758.883, 2221311.681, 2332495.280, 2440309.680, 2544754.880, 2645830.880, 2743537.680, 2837875.280, 2928843.680, 3016442.880, 3100672.880, 3181533.680, 3259025.280, 3333147.680, 3403900.880, 3471284.880, 3535299.680, 3595945.280, 3653221.680, 3707128.880, 3757666.880, 3804835.680, 3848635.280, 3889065.680, 3926126.880, 3959818.880, 3990141.680, 4017095.280, 4040679.680, 4060894.880, 4077740.880, 4091217.680, 4101325.280, 4108063.680, 4111432.880, 4111432.880, 4108063.680, 4101325.280, 4091217.680, 4077740.880, 4060894.880, 4040679.680, 4017095.280, 3990141.680, 3959818.880, 3926126.880, 3889065.680, 3848635.280, 3804835.680, 3757666.880, 3707128.880, 3653221.680, 3595945.280, 3535299.680, 3471284.880, 3403900.880, 3333147.680, 3259025.280, 3181533.680, 3100672.880, 3016442.880, 2928843.680, 2837875.280, 2743537.680, 2645830.880, 2544754.880, 2440309.680, 2332495.280, 2221311.681, 2106758.883, 1988836.892, 1867545.735, 1742885.505, 1614856.536, 1483459.897, 1348698.744, 1210581.590, 1069129.420, 924389.389, 776457.871, 625513.659, 471857.165, 315944.674, 158401.537,    0.000,
   0.000, 163479.127, 326072.338, 486982.628, 645564.603, 801347.350, 954020.828, 1103400.516, 1249386.948, 1391931.460, 1531012.394, 1666620.964, 1798753.913, 1927410.137, 2052589.293, 2174291.283, 2292516.081, 2407263.680, 2518534.080, 2626327.280, 2730643.280, 2831482.080, 2928843.680, 3022728.080, 3113135.280, 3200065.280, 3283518.080, 3363493.680, 3439992.080, 3513013.280, 3582557.280, 3648624.080, 3711213.680, 3770326.080, 3825961.280, 3878119.280, 3926800.080, 3972003.680, 4013730.080, 4051979.280, 4086751.280, 4118046.080, 4145863.680, 4170204.080, 4191067.280, 4208453.280, 4222362.080, 4232793.680, 4239748.080, 4243225.280, 4243225.280, 4239748.080, 4232793.680, 4222362.080, 4208453.280, 4191067.280, 4170204.080, 4145863.680, 4118046.080, 4086751.280, 4051979.280, 4013730.080, 3972003.680, 3926800.080, 3878119.280, 3825961.280, 3770326.080, 3711213.680, 3648624.080, 3582557.280, 3513013.280, 3439992.080, 3363493.680, 3283518.080, 3200065.280, 3113135.280, 3022728.080, 2928843.680, 2831482.080, 2730643.280, 2626327.280, 2518534.080, 2407263.680, 2292516.081, 2174291.283, 2052589.293, 1927410.137, 1798753.913, 1666620.964, 1531012.394, 1391931.460, 1249386.948, 1103400.516, 954020.828, 801347.350, 645564.603, 486982.628, 326072.338, 163479.127,    0.000,
   0.000, 168368.659, 335824.903, 501547.889, 664872.919, 825314.997, 982554.807, 1136402.312, 1286755.071, 1433562.965, 1576803.687, 1716468.190, 1852553.119, 1985057.338, 2113980.493, 2239322.483, 2361083.281, 2479262.880, 2593861.280, 2704878.480, 2812314.480, 2916169.280, 3016442.880, 3113135.280, 3206246.480, 3295776.480, 3381725.280, 3464092.880, 3542879.280, 3618084.480, 3689708.480, 3757751.280, 3822212.880, 3883093.280, 3940392.480, 3994110.480, 4044247.280, 4090802.880, 4133777.280, 4173170.480, 4208982.480, 4241213.280, 4269862.880, 4294931.280, 4316418.480, 4334324.480, 4348649.280, 4359392.880, 4366555.280, 4370136.480, 4370136.480, 4366555.280, 4359392.880, 4348649.280, 4334324.480, 4316418.480, 4294931.280, 4269862.880, 4241213.280, 4208982.480, 4173170.480, 4133777.280, 4090802.880, 4044247.280, 3994110.480, 3940392.480, 3883093.280, 3822212.880, 3757751.280, 3689708.480, 3618084.480, 3542879.280, 3464092.880, 3381725.280, 3295776.480, 3206246.480, 3113135.280, 3016442.880, 2916169.280, 2812314.480, 2704878.480, 2593861.280, 2479262.880, 2361083.281, 2239322.483, 2113980.493, 1985057.338, 1852553.119, 1716468.190, 1576803.687, 1433562.965, 1286755.071, 1136402.312, 982554.807, 825314.997, 664872.919, 501547.889, 335824.903, 168368.659,    0.000,
   0.000, 173070.132, 345202.369, 515552.948, 683438.607, 848360.811, 1009991.326, 1168134.808, 1322685.958, 1473593.257, 1620833.777, 1764398.215, 1904283.126, 2040487.340, 2173010.494, 2301852.483, 2427013.281, 2548492.880, 2666291.280, 2780408.480, 2890844.480, 2997599.280, 3100672.880, 3200065.280, 3295776.480, 3387806.480, 3476155.280, 3560822.880, 3641809.280, 3719114.480, 3792738.480, 3862681.280, 3928942.880, 3991523.280, 4050422.480, 4105640.480, 4157177.280, 4205032.880, 4249207.280, 4289700.480, 4326512.480, 4359643.280, 4389092.880, 4414861.280, 4436948.480, 4455354.480, 4470079.280, 4481122.880, 4488485.280, 4492166.480, 4492166.480, 4488485.280, 4481122.880, 4470079.280, 4455354.480, 4436948.480, 4414861.280, 4389092.880, 4359643.280, 4326512.480, 4289700.480, 4249207.280, 4205032.880, 4157177.280, 4105640.480, 4050422.480, 3991523.280, 3928942.880, 3862681.280, 3792738.480, 3719114.480, 3641809.280, 3560822.880, 3476155.280, 3387806.480, 3295776.480, 3200065.280, 3100672.880, 2997599.280, 2890844.480, 2780408.480, 2666291.280, 2548492.880, 2427013.281, 2301852.483, 2173010.494, 2040487.340, 1904283.126, 1764398.215, 1620833.777, 1473593.257, 1322685.958, 1168134.808, 1009991.326, 848360.811, 683438.607, 515552.948, 345202.369, 173070.132,    0.000,
   0.000, 177583.546, 354204.736, 528997.804, 701261.668, 870484.792, 1036330.383, 1198598.004, 1357179.610, 1512022.338, 1663102.663, 1810411.040, 1953943.933, 2093700.142, 2229679.294, 2361881.283, 2490306.081, 2614953.680, 2735824.080, 2852917.280, 2966233.280, 3075772.080, 3181533.680, 3283518.080, 3381725.280, 3476155.280, 3566808.080, 3653683.680, 3736782.080, 3816103.280, 3891647.280, 3963414.080, 4031403.680, 4095616.080, 4156051.280, 4212709.280, 4265590.080, 4314693.680, 4360020.080, 4401569.280, 4439341.280, 4473336.080, 4503553.680, 4529994.080, 4552657.280, 4571543.280, 4586652.080, 4597983.680, 4605538.080, 4609315.280, 4609315.280, 4605538.080, 4597983.680, 4586652.080, 4571543.280, 4552657.280, 4529994.080, 4503553.680, 4473336.080, 4439341.280, 4401569.280, 4360020.080, 4314693.680, 4265590.080, 4212709.280, 4156051.280, 4095616.080, 4031403.680, 3963414.080, 3891647.280, 3816103.280, 3736782.080, 3653683.680, 3566808.080, 3476155.280, 3381725.280, 3283518.080, 3181533.680, 3075772.080, 2966233.280, 2852917.280, 2735824.080, 2614953.680, 2490306.081, 2361881.283, 2229679.294, 2093700.142, 1953943.933, 1810411.040, 1663102.663, 1512022.338, 1357179.610, 1198598.004, 1036330.383, 870484.792, 701261.668, 528997.804, 354204.736, 177583.546,    0.000,
   0.000, 181908.901, 362832.005, 541882.458, 718342.102, 891686.941, 1061571.980, 1227791.901, 1390236.026, 1548850.207, 1703610.345, 1854506.663, 2001535.539, 2144695.743, 2283986.894, 2419408.883, 2550961.681, 2678645.280, 2802459.680, 2922404.880, 3038480.880, 3150687.680, 3259025.280, 3363493.680, 3464092.880, 3560822.880, 3653683.680, 3742675.280, 3827797.680, 3909050.880, 3986434.880, 4059949.680, 4129595.280, 4195371.680, 4257278.880, 4315316.880, 4369485.680, 4419785.280, 4466215.680, 4508776.880, 4547468.880, 4582291.680, 4613245.280, 4640329.680, 4663544.880, 4682890.880, 4698367.680, 4709975.280, 4717713.680, 4721582.880, 4721582.880, 4717713.680, 4709975.280, 4698367.680, 4682890.880, 4663544.880, 4640329.680, 4613245.280, 4582291.680, 4547468.880, 4508776.880, 4466215.680, 4419785.280, 4369485.680, 4315316.880, 4257278.880, 4195371.680, 4129595.280, 4059949.680, 3986434.880, 3909050.880, 3827797.680, 3742675.280, 3653683.680, 3560822.880, 3464092.880, 3363493.680, 3259025.280, 3150687.680, 3038480.880, 2922404.880, 2802459.680, 2678645.280, 2550961.681, 2419408.883, 2283986.894, 2144695.743, 2001535.539, 1854506.663, 1703610.345, 1548850.207, 1390236.026, 1227791.901, 1061571.980, 891686.941, 718342.102, 541882.458, 362832.005, 181908.901,    0.000,
   0.000, 186046.197, 371084.176, 554206.909, 734679.908, 911967.257, 1085716.116, 1255716.497, 1421855.207, 1584076.865, 1742356.824, 1896685.085, 2047057.945, 2193474.145, 2335933.295, 2474435.283, 2608980.081, 2739567.680, 2866198.080, 2988871.280, 3107587.280, 3222346.080, 3333147.680, 3439992.080, 3542879.280, 3641809.280, 3736782.080, 3827797.680, 3914856.080, 3997957.280, 4077101.280, 4152288.080, 4223517.680, 4290790.080, 4354105.280, 4413463.280, 4468864.080, 4520307.680, 4567794.080, 4611323.280, 4650895.280, 4686510.080, 4718167.680, 4745868.080, 4769611.280, 4789397.280, 4805226.080, 4817097.680, 4825012.080, 4828969.280, 4828969.280, 4825012.080, 4817097.680, 4805226.080, 4789397.280, 4769611.280, 4745868.080, 4718167.680, 4686510.080, 4650895.280, 4611323.280, 4567794.080, 4520307.680, 4468864.080, 4413463.280, 4354105.280, 4290790.080, 4223517.680, 4152288.080, 4077101.280, 3997957.280, 3914856.080, 3827797.680, 3736782.080, 3641809.280, 3542879.280, 3439992.080, 3333147.680, 3222346.080, 3107587.280, 2988871.280, 2866198.080, 2739567.680, 2608980.081, 2474435.283, 2335933.295, 2193474.145, 2047057.945, 1896685.085, 1742356.824, 1584076.865, 1421855.207, 1255716.497, 1085716.116, 911967.257, 734679.908, 554206.909, 371084.176, 186046.197,    0.000,
   0.000, 189995.434, 378961.247, 565971.159, 750275.086, 931325.740, 1108762.792, 1282371.794, 1452037.152, 1617702.310, 1779342.099, 1936946.307, 2090511.150, 2240035.346, 2385518.495, 2526960.483, 2664361.281, 2797720.880, 2927039.280, 3052316.480, 3173552.480, 3290747.280, 3403900.880, 3513013.280, 3618084.480, 3719114.480, 3816103.280, 3909050.880, 3997957.280, 4082822.480, 4163646.480, 4240429.280, 4313170.880, 4381871.280, 4446530.480, 4507148.480, 4563725.280, 4616260.880, 4664755.280, 4709208.480, 4749620.480, 4785991.280, 4818320.880, 4846609.280, 4870856.480, 4891062.480, 4907227.280, 4919350.880, 4927433.280, 4931474.480, 4931474.480, 4927433.280, 4919350.880, 4907227.280, 4891062.480, 4870856.480, 4846609.280, 4818320.880, 4785991.280, 4749620.480, 4709208.480, 4664755.280, 4616260.880, 4563725.280, 4507148.480, 4446530.480, 4381871.280, 4313170.880, 4240429.280, 4163646.480, 4082822.480, 3997957.280, 3909050.880, 3816103.280, 3719114.480, 3618084.480, 3513013.280, 3403900.880, 3290747.280, 3173552.480, 3052316.480, 2927039.280, 2797720.880, 2664361.281, 2526960.483, 2385518.495, 2240035.346, 2090511.150, 1936946.307, 1779342.099, 1617702.310, 1452037.152, 1282371.794, 1108762.792, 931325.740, 750275.086, 565971.159, 378961.247, 189995.434,    0.000,
   0.000, 193756.612, 386463.220, 577175.205, 765127.637, 949762.391, 1130712.006, 1307757.791, 1480781.862, 1649726.544, 1814566.170, 1975290.327, 2131895.156, 2284379.347, 2432742.495, 2576984.483, 2717105.281, 2853104.880, 2984983.280, 3112740.480, 3236376.480, 3355891.280, 3471284.880, 3582557.280, 3689708.480, 3792738.480, 3891647.280, 3986434.880, 4077101.280, 4163646.480, 4246070.480, 4324373.280, 4398554.880, 4468615.280, 4534554.480, 4596372.480, 4654069.280, 4707644.880, 4757099.280, 4802432.480, 4843644.480, 4880735.280, 4913704.880, 4942553.280, 4967280.480, 4987886.480, 5004371.280, 5016734.880, 5024977.280, 5029098.480, 5029098.480, 5024977.280, 5016734.880, 5004371.280, 4987886.480, 4967280.480, 4942553.280, 4913704.880, 4880735.280, 4843644.480, 4802432.480, 4757099.280, 4707644.880, 4654069.280, 4596372.480, 4534554.480, 4468615.280, 4398554.880, 4324373.280, 4246070.480, 4163646.480, 4077101.280, 3986434.880, 3891647.280, 3792738.480, 3689708.480, 3582557.280, 3471284.880, 3355891.280, 3236376.480, 3112740.480, 2984983.280, 2853104.880, 2717105.281, 2576984.483, 2432742.495, 2284379.347, 2131895.156, 1975290.327, 1814566.170, 1649726.544, 1480781.862, 1307757.791, 1130712.006, 949762.391, 765127.637, 577175.205, 386463.220, 193756.612,    0.000,
