   0.000,    0.000,    0.000,    0.000,    0.000,    0.000,    0.000,    0.000,    0.000,    0.000,    0.000,    0.000,    0.000,    0.000,    0.000,    0.000,    0.000,    0.000,    0.000,    0.000,    0.000,    0.000,    0.000,    0.000,    0.000,    0.000,    0.000,    0.000,    0.000,    0.000,    0.000,    0.000,    0.000,    0.000,    0.000,    0.000,    0.000,    0.000,    0.000,    0.000,    0.000,    0.000,    0.000,    0.000,    0.000,    0.000,    0.000,    0.000,    0.000,    0.000,    0.000,    0.000,    0.000,    0.000,    0.000,    0.000,    0.000,    0.000,    0.000,    0.000,    0.000,    0.000,    0.000,    0.000,    0.000,    0.000,    0.000,    0.000,    0.000,    0.000,    0.000,    0.000,    0.000,    0.000,    0.000,    0.000,    0.000,    0.000,    0.000,    0.000,    0.000,    0.000,    0.000,    0.000,    0.000,    0.000,    0.000,    0.000,    0.000,    0.000,    0.000,    0.000,    0.000,    0.000,    0.000,    0.000,    0.000,    0.000,    0.000,    0.000,
   0.000, 8803.687, 17561.410, 26231.473, 34779.551, 43179.981, 51415.317, 59474.758, 67352.208, 75044.523, 82550.216, 89868.647, 96999.559, 103942.859, 110698.515, 117266.518, 123646.865, 129839.554, 135844.586, 141661.962, 147291.679, 152733.740, 157988.143, 163054.889, 167933.978, 172625.410, 177129.184, 181445.301, 185573.761, 189514.563, 193267.708, 196833.196, 200211.027, 203401.200, 206403.716, 209218.575, 211845.777, 214285.321, 216537.209, 218601.438, 220478.011, 222166.926, 223668.184, 224981.785, 226107.729, 227046.015, 227796.644, 228359.616, 228734.931, 228922.588, 228922.588, 228734.931, 228359.616, 227796.644, 227046.015, 226107.729, 224981.785, 223668.184, 222166.926, 220478.011, 218601.438, 216537.209, 214285.321, 211845.777, 209218.575, 206403.716, 203401.200, 200211.027, 196833.196, 193267.708, 189514.563, 185573.761, 181445.301, 177129.184, 172625.410, 167933.978, 163054.889, 157988.143, 152733.740, 147291.679, 141661.962, 135844.586, 129839.554, 123646.865, 117266.518, 110698.515, 103942.859, 96999.559, 89868.647, 82550.216, 75044.523, 67352.208, 59474.758, 51415.317, 43179.981, 34779.551, 26231.473, 17561.410, 8803.687,    0.000,
   0.000, 17561.410, 35031.130, 52325.986, 69377.508, 86134.502, 102562.169, 118638.964, 134352.727, 149697.184, 164669.374, 179268.017, 193492.601, 207342.940, 220818.973, 233920.678, 246648.051, 259001.090, 270979.795, 282584.165, 293814.200, 304669.901, 315151.267, 325258.299, 334990.997, 344349.360, 353333.388, 361943.082, 370178.441, 378039.466, 385526.156, 392638.512, 399376.533, 405740.220, 411729.573, 417344.590, 422585.273, 427451.622, 431943.636, 436061.316, 439804.661, 443173.672, 446168.348, 448788.690, 451034.697, 452906.369, 454403.707, 455526.711, 456275.380, 456649.714, 456649.714, 456275.380, 455526.711, 454403.707, 452906.369, 451034.697, 448788.690, 446168.348, 443173.672, 439804.661, 436061.316, 431943.636, 427451.622, 422585.273, 417344.590, 411729.573, 405740.220, 399376.533, 392638.512, 385526.156, 378039.466, 370178.441, 361943.082, 353333.388, 344349.360, 334990.997, 325258.299, 315151.267, 304669.901, 293814.200, 282584.165, 270979.795, 259001.090, 246648.051, 233920.678, 220818.973, 207342.940, 193492.601, 179268.017, 164669.374, 149697.184, 134352.727, 118638.964, 102562.169, 86134.502, 69377.508, 52325.986, 35031.130, 17561.410,    0.000,
   0.000, 26231.473, 52325.986, 78159.301, 103629.143, 128659.047, 153197.030, 177210.915, 200682.537, 223602.527, 245966.462, 267772.429, 289019.666, 309707.895, 329837.021, 349407.016, 368417.871, 386869.584, 404762.155, 422095.582, 438869.867, 455085.009, 470741.008, 485837.864, 500375.578, 514354.148, 527773.576, 540633.861, 552935.003, 564677.002, 575859.859, 586483.573, 596548.143, 606053.571, 614999.857, 623386.999, 631214.998, 638483.855, 645193.569, 651344.140, 656935.568, 661967.854, 666440.996, 670354.996, 673709.853, 676505.567, 678742.139, 680419.567, 681537.853, 682096.995, 682096.995, 681537.853, 680419.567, 678742.139, 676505.567, 673709.853, 670354.996, 666440.996, 661967.854, 656935.568, 651344.140, 645193.569, 638483.855, 631214.998, 623386.999, 614999.857, 606053.571, 596548.143, 586483.573, 575859.859, 564677.002, 552935.003, 540633.861, 527773.576, 514354.148, 500375.578, 485837.864, 470741.008, 455085.009, 438869.867, 422095.582, 404762.155, 386869.584, 368417.871, 349407.016, 329837.021, 309707.895, 289019.666, 267772.429, 245966.462, 223602.527, 200682.537, 177210.915, 153197.030, 128659.047, 103629.143, 78159.301, 52325.986, 26231.473,    0.000,
   0.000, 34779.551, 69377.508, 103629.143, 137398.854, 170585.257, 203119.431, 234958.716, 266079.029, 296467.948, 326119.611, 355031.480, 383202.545, 410632.439, 437321.036, 463268.297, 488474.212, 512938.777, 536661.992, 559643.857, 581884.371, 603383.534, 624141.348, 644157.810, 663432.923, 681966.684, 699759.096, 716810.157, 733119.867, 748688.227, 763515.236, 777600.895, 790945.204, 803548.162, 815409.769, 826530.026, 836908.933, 846546.489, 855442.695, 863597.550, 871011.055, 877683.209, 883614.013, 888803.466, 893251.569, 896958.321, 899923.723, 902147.775, 903630.475, 904371.826, 904371.826, 903630.475, 902147.775, 899923.723, 896958.321, 893251.569, 888803.466, 883614.013, 877683.209, 871011.055, 863597.550, 855442.695, 846546.489, 836908.933, 826530.026, 815409.769, 803548.162, 790945.204, 777600.895, 763515.236, 748688.227, 733119.867, 716810.157, 699759.096, 681966.684, 663432.923, 644157.810, 624141.348, 603383.534, 581884.371, 559643.857, 536661.992, 512938.777, 488474.212, 463268.297, 437321.036, 410632.439, 383202.545, 355031.480, 326119.611, 296467.948, 266079.029, 234958.716, 203119.431, 170585.257, 137398.854, 103629.143, 69377.508, 34779.551,    0.000,
   0.000, 43179.981, 86134.502, 128659.047, 170585.257, 211787.263, 252179.499, 291709.002, 330345.874, 368074.696, 404888.190, 440783.206, 475758.490, 509813.585, 542948.337, 575162.697, 606456.651, 636830.196, 666283.330, 694816.055, 722428.369, 749120.272, 774891.765, 799742.847, 823673.519, 846683.781, 868773.632, 889943.072, 910192.103, 929520.722, 947928.931, 965416.730, 981984.118, 997631.096, 1012357.664, 1026163.821, 1039049.567, 1051014.903, 1062059.829, 1072184.344, 1081388.448, 1089672.142, 1097035.426, 1103478.299, 1109000.762, 1113602.814, 1117284.456, 1120045.688, 1121886.509, 1122806.919, 1122806.919, 1121886.509, 1120045.688, 1117284.456, 1113602.814, 1109000.762, 1103478.299, 1097035.426, 1089672.142, 1081388.448, 1072184.344, 1062059.829, 1051014.903, 1039049.567, 1026163.821, 1012357.664, 997631.096, 981984.118, 965416.730, 947928.931, 929520.722, 910192.103, 889943.072, 868773.632, 846683.781, 823673.519, 799742.847, 774891.765, 749120.272, 722428.369, 694816.055, 666283.330, 636830.196, 606456.651, 575162.697, 542948.337, 509813.585, 475758.490, 440783.206, 404888.190, 368074.696, 330345.874, 291709.002, 252179.499, 211787.263, 170585.257, 128659.047, 86134.502, 43179.981,    0.000,
   0.000, 51415.317, 102562.169, 153197.030, 203119.431, 252179.499, 300275.348, 347343.920, 393349.614, 438274.073, 482108.632, 524849.540, 566495.305, 607045.383, 646499.589, 684857.867, 722120.199, 758286.582, 793357.014, 827331.495, 860210.025, 891992.604, 922679.232, 952269.909, 980764.635, 1008163.410, 1034466.234, 1059673.107, 1083784.029, 1106799.000, 1128718.020, 1149541.089, 1169268.208, 1187899.375, 1205434.591, 1221873.856, 1237217.170, 1251464.533, 1264615.945, 1276671.406, 1287630.916, 1297494.475, 1306262.083, 1313933.740, 1320509.446, 1325989.201, 1330373.005, 1333660.858, 1335852.760, 1336948.711, 1336948.711, 1335852.760, 1333660.858, 1330373.005, 1325989.201, 1320509.446, 1313933.740, 1306262.083, 1297494.475, 1287630.916, 1276671.406, 1264615.945, 1251464.533, 1237217.170, 1221873.856, 1205434.591, 1187899.375, 1169268.208, 1149541.089, 1128718.020, 1106799.000, 1083784.029, 1059673.107, 1034466.234, 1008163.410, 980764.635, 952269.909, 922679.232, 891992.604, 860210.025, 827331.495, 793357.014, 758286.582, 722120.199, 684857.867, 646499.589, 607045.383, 566495.305, 524849.540, 482108.632, 438274.073, 393349.614, 347343.920, 300275.348, 252179.499, 203119.431, 153197.030, 102562.169, 51415.317,    0.000,
   0.000, 59474.758, 118638.964, 177210.915, 234958.716, 291709.002, 347343.920, 401790.526, 455007.646, 506974.044, 557679.698, 607120.270, 655294.036, 702200.364, 747839.042, 792210.003, 835313.229, 877148.715, 917716.460, 957016.462, 995048.722, 1031813.240, 1067310.017, 1101539.051, 1134500.343, 1166193.894, 1196619.702, 1225777.768, 1253668.092, 1280290.674, 1305645.515, 1329732.613, 1352551.969, 1374103.583, 1394387.455, 1413403.586, 1431151.974, 1447632.620, 1462845.524, 1476790.686, 1489468.106, 1500877.784, 1511019.720, 1519893.914, 1527500.366, 1533839.077, 1538910.045, 1542713.271, 1545248.755, 1546516.497, 1546516.497, 1545248.755, 1542713.271, 1538910.045, 1533839.077, 1527500.366, 1519893.914, 1511019.720, 1500877.784, 1489468.106, 1476790.686, 1462845.524, 1447632.620, 1431151.974, 1413403.586, 1394387.455, 1374103.583, 1352551.969, 1329732.613, 1305645.515, 1280290.674, 1253668.092, 1225777.768, 1196619.702, 1166193.894, 1134500.343, 1101539.051, 1067310.017, 1031813.240, 995048.722, 957016.462, 917716.460, 877148.715, 835313.229, 792210.003, 747839.042, 702200.364, 655294.036, 607120.270, 557679.698, 506974.044, 455007.646, 401790.526, 347343.920, 291709.002, 234958.716, 177210.915, 118638.964, 59474.758,    0.000,
   0.000, 67352.208, 134352.727, 200682.537, 266079.029, 330345.874, 393349.614, 455007.646, 515273.343, 574122.659, 631544.245, 687533.189, 742087.539, 795206.580, 846890.071, 897137.938, 945950.159, 993326.728, 1039267.644, 1083772.906, 1126842.515, 1168476.470, 1208674.772, 1247437.420, 1284764.414, 1320655.754, 1355111.441, 1388131.475, 1419715.854, 1449864.581, 1478577.653, 1505855.072, 1531696.837, 1556102.949, 1579073.407, 1600608.211, 1620707.362, 1639370.859, 1656598.702, 1672390.892, 1686747.429, 1699668.311, 1711153.540, 1721203.116, 1729817.037, 1736995.305, 1742737.920, 1747044.881, 1749916.188, 1751351.842, 1751351.842, 1749916.188, 1747044.881, 1742737.920, 1736995.305, 1729817.037, 1721203.116, 1711153.540, 1699668.311, 1686747.429, 1672390.892, 1656598.702, 1639370.859, 1620707.362, 1600608.211, 1579073.407, 1556102.949, 1531696.837, 1505855.072, 1478577.653, 1449864.581, 1419715.854, 1388131.475, 1355111.441, 1320655.754, 1284764.414, 1247437.420, 1208674.772, 1168476.470, 1126842.515, 1083772.906, 1039267.644, 993326.728, 945950.159, 897137.938, 846890.071, 795206.580, 742087.539, 687533.189, 631544.245, 574122.659, 515273.343, 455007.646, 393349.614, 330345.874, 266079.029, 200682.537, 134352.727, 67352.208,    0.000,
   0.000, 75044.523, 149697.184, 223602.527, 296467.948, 368074.696, 438274.073, 506974.044, 574122.659, 639693.127, 703672.804, 766056.217, 826841.191, 886026.930, 943613.166, 999599.817, 1053986.856, 1106774.279, 1157962.083, 1207550.269, 1255538.835, 1301927.783, 1346717.112, 1389906.822, 1431496.913, 1471487.385, 1509878.238, 1546669.473, 1581861.088, 1615453.085, 1647445.463, 1677838.221, 1706631.361, 1733824.883, 1759418.785, 1783413.068, 1805807.733, 1826602.778, 1845798.205, 1863394.012, 1879390.201, 1893786.771, 1906583.722, 1917781.055, 1927378.768, 1935376.862, 1941775.338, 1946574.195, 1949773.432, 1951373.051, 1951373.051, 1949773.432, 1946574.195, 1941775.338, 1935376.862, 1927378.768, 1917781.055, 1906583.722, 1893786.771, 1879390.201, 1863394.012, 1845798.205, 1826602.778, 1805807.733, 1783413.068, 1759418.785, 1733824.883, 1706631.361, 1677838.221, 1647445.463, 1615453.085, 1581861.088, 1546669.473, 1509878.238, 1471487.385, 1431496.913, 1389906.822, 1346717.112, 1301927.783, 1255538.835, 1207550.269, 1157962.083, 1106774.279, 1053986.856, 999599.817, 943613.166, 886026.930, 826841.191, 766056.217, 703672.804, 639693.127, 574122.659, 506974.044, 438274.073, 368074.696, 296467.948, 223602.527, 149697.184, 75044.523,    0.000,
   0.000, 82550.216, 164669.374, 245966.462, 326119.611, 404888.190, 482108.632, 557679.698, 631544.245, 703672.804, 774051.465, 842674.212, 909538.649, 974643.904, 1037989.679, 1099575.884, 1159402.492, 1217469.496, 1273776.894, 1328324.687, 1381112.873, 1432141.453, 1481410.426, 1528919.794, 1574669.555, 1618659.710, 1660890.259, 1701361.202, 1740072.538, 1777024.269, 1812216.393, 1845648.911, 1877321.822, 1907235.128, 1935388.827, 1961782.920, 1986417.407, 2009292.287, 2030407.562, 2049763.230, 2067359.292, 2083195.748, 2097272.598, 2109589.841, 2120147.478, 2128945.509, 2135983.934, 2141262.753, 2144781.965, 2146541.571, 2146541.571, 2144781.965, 2141262.753, 2135983.934, 2128945.509, 2120147.478, 2109589.841, 2097272.598, 2083195.748, 2067359.292, 2049763.230, 2030407.562, 2009292.287, 1986417.407, 1961782.920, 1935388.827, 1907235.128, 1877321.822, 1845648.911, 1812216.393, 1777024.269, 1740072.538, 1701361.202, 1660890.259, 1618659.710, 1574669.555, 1528919.794, 1481410.426, 1432141.453, 1381112.873, 1328324.687, 1273776.894, 1217469.496, 1159402.492, 1099575.884, 1037989.679, 974643.904, 909538.649, 842674.212, 774051.465, 703672.804, 631544.245, 557679.698, 482108.632, 404888.190, 326119.611, 245966.462, 164669.374, 82550.216,    0.000,
   0.000, 89868.647, 179268.017, 267772.429, 355031.480, 440783.206, 524849.540, 607120.270, 687533.189, 766056.217, 842674.212, 917380.622, 990172.843, 1061049.923, 1130011.539, 1197057.592, 1262188.054, 1325402.916, 1386702.176, 1446085.835, 1503553.892, 1559106.347, 1612743.201, 1664464.452, 1714270.101, 1762160.149, 1808134.594, 1852193.438, 1894336.680, 1934564.320, 1972876.358, 2009272.794, 2043753.628, 2076318.860, 2106968.491, 2135702.519, 2162520.946, 2187423.770, 2210410.993, 2231482.614, 2250638.633, 2267879.050, 2283203.865, 2296613.079, 2308106.690, 2317684.700, 2325347.107, 2331093.913, 2334925.117, 2336840.719, 2336840.719, 2334925.117, 2331093.913, 2325347.107, 2317684.700, 2308106.690, 2296613.079, 2283203.865, 2267879.050, 2250638.633, 2231482.614, 2210410.993, 2187423.770, 2162520.946, 2135702.519, 2106968.491, 2076318.860, 2043753.628, 2009272.794, 1972876.358, 1934564.320, 1894336.680, 1852193.438, 1808134.594, 1762160.149, 1714270.101, 1664464.452, 1612743.201, 1559106.347, 1503553.892, 1446085.835, 1386702.176, 1325402.916, 1262188.054, 1197057.592, 1130011.539, 1061049.923, 990172.843, 917380.622, 842674.212, 766056.217, 687533.189, 607120.270, 524849.540, 440783.206, 355031.480, 267772.429, 179268.017, 89868.647,    0.000,
   0.000, 96999.559, 193492.601, 289019.666, 383202.545, 475758.490, 566495.305, 655294.036, 742087.539, 826841.191, 909538.649, 990172.843, 1068740.962, 1145241.976, 1219675.539, 1292041.544, 1362339.959, 1430570.776, 1496733.993, 1560829.610, 1622857.626, 1682818.042, 1740710.857, 1796536.072, 1850293.686, 1901983.699, 1951606.112, 1999160.925, 2044648.137, 2088067.748, 2129419.759, 2168704.169, 2205920.979, 2241070.188, 2274151.797, 2305165.805, 2334112.213, 2360991.020, 2385802.226, 2408545.832, 2429221.838, 2447830.242, 2464371.047, 2478844.251, 2491249.854, 2501587.857, 2509858.259, 2516061.060, 2520196.261, 2522263.862, 2522263.862, 2520196.261, 2516061.060, 2509858.259, 2501587.857, 2491249.854, 2478844.251, 2464371.047, 2447830.242, 2429221.838, 2408545.832, 2385802.226, 2360991.020, 2334112.213, 2305165.805, 2274151.797, 2241070.188, 2205920.979, 2168704.169, 2129419.759, 2088067.748, 2044648.137, 1999160.925, 1951606.112, 1901983.699, 1850293.686, 1796536.072, 1740710.857, 1682818.042, 1622857.626, 1560829.610, 1496733.993, 1430570.776, 1362339.959, 1292041.544, 1219675.539, 1145241.976, 1068740.962, 990172.843, 909538.649, 826841.191, 742087.539, 655294.036, 566495.305, 475758.490, 383202.545, 289019.666, 193492.601, 96999.559,    0.000,
   0.000, 103942.859, 207342.940, 309707.895, 410632.439, 509813.585, 607045.383, 702200.364, 795206.580, 886026.930, 974643.904, 1061049.923, 1145241.976, 1227218.960, 1306980.505, 1384526.495, 1459856.896, 1532971.700, 1603870.905, 1672554.509, 1739022.513, 1803274.918, 1865311.722, 1925132.926, 1982738.529, 2038128.533, 2091302.936, 2142261.740, 2191004.943, 2237532.546, 2281844.549, 2323940.952, 2363821.754, 2401486.957, 2436936.559, 2470170.561, 2501188.963, 2529991.765, 2556578.967, 2580950.568, 2603106.570, 2623046.971, 2640771.772, 2656280.973, 2669574.574, 2680652.575, 2689514.975, 2696161.776, 2700592.976, 2702808.576, 2702808.576, 2700592.976, 2696161.776, 2689514.975, 2680652.575, 2669574.574, 2656280.973, 2640771.772, 2623046.971, 2603106.570, 2580950.568, 2556578.967, 2529991.765, 2501188.963, 2470170.561, 2436936.559, 2401486.957, 2363821.754, 2323940.952, 2281844.549, 2237532.546, 2191004.943, 2142261.740, 2091302.936, 2038128.533, 1982738.529, 1925132.926, 1865311.722, 1803274.918, 1739022.513, 1672554.509, 1603870.905, 1532971.700, 1459856.896, 1384526.495, 1306980.505, 1227218.960, 1145241.976, 1061049.923, 974643.904, 886026.930, 795206.580, 702200.364, 607045.383, 509813.585, 410632.439, 309707.895, 207342.940, 103942.859,    0.000,
   0.000, 110698.515, 220818.973, 329837.021, 437321.036, 542948.337, 646499.589, 747839.042, 846890.071, 943613.166, 1037989.679, 1130011.539, 1219675.539, 1306980.505, 1391926.042, 1474512.027, 1554738.425, 1632605.225, 1708112.426, 1781260.027, 1852048.028, 1920476.429, 1986545.230, 2050254.431, 2111604.032, 2170594.033, 2227224.434, 2281495.235, 2333406.435, 2382958.036, 2430150.037, 2474982.438, 2517455.238, 2557568.439, 2595322.039, 2630716.040, 2663750.441, 2694425.241, 2722740.441, 2748696.042, 2772292.042, 2793528.442, 2812405.243, 2828922.443, 2843080.043, 2854878.043, 2864316.444, 2871395.244, 2876114.444, 2878474.044, 2878474.044, 2876114.444, 2871395.244, 2864316.444, 2854878.043, 2843080.043, 2828922.443, 2812405.243, 2793528.442, 2772292.042, 2748696.042, 2722740.441, 2694425.241, 2663750.441, 2630716.040, 2595322.039, 2557568.439, 2517455.238, 2474982.438, 2430150.037, 2382958.036, 2333406.435, 2281495.235, 2227224.434, 2170594.033, 2111604.032, 2050254.431, 1986545.230, 1920476.429, 1852048.028, 1781260.027, 1708112.426, 1632605.225, 1554738.425, 1474512.027, 1391926.042, 1306980.505, 1219675.539, 1130011.539, 1037989.679, 943613.166, 846890.071, 747839.042, 646499.589, 542948.337, 437321.036, 329837.021, 220818.973, 110698.515,    0.000,
   0.000, 117266.518, 233920.678, 349407.016, 463268.297, 575162.697, 684857.867, 792210.003, 897137.938, 999599.817, 1099575.884, 1197057.592, 1292041.544, 1384526.495, 1474512.027, 1561998.010, 1646984.407, 1729471.206, 1809458.406, 1886946.006, 1961934.007, 2034422.407, 2104411.207, 2171900.407, 2236890.007, 2299380.008, 2359370.408, 2416861.208, 2471852.408, 2524344.008, 2574336.009, 2621828.409, 2666821.209, 2709314.409, 2749308.009, 2786802.009, 2821796.409, 2854291.209, 2884286.410, 2911782.010, 2936778.010, 2959274.410, 2979271.210, 2996768.410, 3011766.010, 3024264.010, 3034262.410, 3041761.210, 3046760.410, 3049260.010, 3049260.010, 3046760.410, 3041761.210, 3034262.410, 3024264.010, 3011766.010, 2996768.410, 2979271.210, 2959274.410, 2936778.010, 2911782.010, 2884286.410, 2854291.209, 2821796.409, 2786802.009, 2749308.009, 2709314.409, 2666821.209, 2621828.409, 2574336.009, 2524344.008, 2471852.408, 2416861.208, 2359370.408, 2299380.008, 2236890.007, 2171900.407, 2104411.207, 2034422.407, 1961934.007, 1886946.006, 1809458.406, 1729471.206, 1646984.407, 1561998.010, 1474512.027, 1384526.495, 1292041.544, 1197057.592, 1099575.884, 999599.817, 897137.938, 792210.003, 684857.867, 575162.697, 463268.297, 349407.016, 233920.678, 117266.518,    0.000,
   0.000, 123646.865, 246648.051, 368417.871, 488474.212, 606456.651, 722120.199, 835313.229, 945950.159, 1053986.856, 1159402.492, 1262188.054, 1362339.959, 1459856.896, 1554738.425, 1646984.407, 1736594.802, 1823569.601, 1907908.801, 1989612.401, 2068680.401, 2145112.801, 2218909.602, 2290070.802, 2358596.402, 2424486.402, 2487740.802, 2548359.602, 2606342.802, 2661690.402, 2714402.402, 2764478.802, 2811919.602, 2856724.802, 2898894.402, 2938428.402, 2975326.802, 3009589.602, 3041216.802, 3070208.402, 3096564.402, 3120284.802, 3141369.602, 3159818.802, 3175632.402, 3188810.402, 3199352.802, 3207259.602, 3212530.802, 3215166.402, 3215166.402, 3212530.802, 3207259.602, 3199352.802, 3188810.402, 3175632.402, 3159818.802, 3141369.602, 3120284.802, 3096564.402, 3070208.402, 3041216.802, 3009589.602, 2975326.802, 2938428.402, 2898894.402, 2856724.802, 2811919.602, 2764478.802, 2714402.402, 2661690.402, 2606342.802, 2548359.602, 2487740.802, 2424486.402, 2358596.402, 2290070.802, 2218909.602, 2145112.801, 2068680.401, 1989612.401, 1907908.801, 1823569.601, 1736594.802, 1646984.407, 1554738.425, 1459856.896, 1362339.959, 1262188.054, 1159402.492, 1053986.856, 945950.159, 835313.229, 722120.199, 606456.651, 488474.212, 368417.871, 246648.051, 123646.865,    0.000,
   0.000, 129839.554, 259001.090, 386869.584, 512938.777, 636830.196, 758286.582, 877148.715, 993326.728, 1106774.279, 1217469.496, 1325402.916, 1430570.776, 1532971.700, 1632605.225, 1729471.206, 1823569.601, 1914900.401, 2003463.600, 2089259.200, 2172287.200, 2252547.600, 2330040.400, 2404765.600, 2476723.200, 2545913.200, 2612335.600, 2675990.400, 2736877.600, 2794997.200, 2850349.200, 2902933.600, 2952750.400, 2999799.600, 3044081.200, 3085595.200, 3124341.600, 3160320.400, 3193531.600, 3223975.200, 3251651.200, 3276559.600, 3298700.400, 3318073.600, 3334679.200, 3348517.200, 3359587.600, 3367890.400, 3373425.600, 3376193.200, 3376193.200, 3373425.600, 3367890.400, 3359587.600, 3348517.200, 3334679.200, 3318073.600, 3298700.400, 3276559.600, 3251651.200, 3223975.200, 3193531.600, 3160320.400, 3124341.600, 3085595.200, 3044081.200, 2999799.600, 2952750.400, 2902933.600, 2850349.200, 2794997.200, 2736877.600, 2675990.400, 2612335.600, 2545913.200, 2476723.200, 2404765.600, 2330040.400, 2252547.600, 2172287.200, 2089259.200, 2003463.600, 1914900.401, 1823569.601, 1729471.206, 1632605.225, 1532971.700, 1430570.776, 1325402.916, 1217469.496, 1106774.279, 993326.728, 877148.715, 758286.582, 636830.196, 512938.777, 386869.584, 259001.090, 129839.554,    0.000,
   0.000, 135844.586, 270979.795, 404762.155, 536661.992, 666283.330, 793357.014, 917716.460, 1039267.644, 1157962.083, 1273776.894, 1386702.176, 1496733.993, 1603870.905, 1708112.426, 1809458.406, 1907908.801, 2003463.600, 2096122.800, 2185886.400, 2272754.400, 2356726.800, 2437803.600, 2515984.800, 2591270.400, 2663660.400, 2733154.800, 2799753.600, 2863456.800, 2924264.400, 2982176.400, 3037192.800, 3089313.600, 3138538.800, 3184868.400, 3228302.400, 3268840.800, 3306483.600, 3341230.800, 3373082.400, 3402038.400, 3428098.800, 3451263.600, 3471532.800, 3488906.400, 3503384.400, 3514966.800, 3523653.600, 3529444.800, 3532340.400, 3532340.400, 3529444.800, 3523653.600, 3514966.800, 3503384.400, 3488906.400, 3471532.800, 3451263.600, 3428098.800, 3402038.400, 3373082.400, 3341230.800, 3306483.600, 3268840.800, 3228302.400, 3184868.400, 3138538.800, 3089313.600, 3037192.800, 2982176.400, 2924264.400, 2863456.800, 2799753.600, 2733154.800, 2663660.400, 2591270.400, 2515984.800, 2437803.600, 2356726.800, 2272754.400, 2185886.400, 2096122.800, 2003463.600, 1907908.801, 1809458.406, 1708112.426, 1603870.905, 1496733.993, 1386702.176, 1273776.894, 1157962.083, 1039267.644, 917716.460, 793357.014, 666283.330, 536661.992, 404762.155, 270979.795, 135844.586,    0.000,
   0.000, 141661.962, 282584.165, 422095.582, 559643.857, 694816.055, 827331.495, 957016.462, 1083772.906, 1207550.269, 1328324.687, 1446085.835, 1560829.610, 1672554.509, 1781260.027, 1886946.006, 1989612.401, 2089259.200, 2185886.400, 2279494.000, 2370082.000, 2457650.400, 2542199.200, 2623728.400, 2702238.000, 2777728.000, 2850198.400, 2919649.200, 2986080.400, 3049492.000, 3109884.000, 3167256.400, 3221609.200, 3272942.400, 3321256.000, 3366550.000, 3408824.400, 3448079.200, 3484314.400, 3517530.000, 3547726.000, 3574902.400, 3599059.200, 3620196.400, 3638314.000, 3653412.000, 3665490.400, 3674549.200, 3680588.400, 3683608.000, 3683608.000, 3680588.400, 3674549.200, 3665490.400, 3653412.000, 3638314.000, 3620196.400, 3599059.200, 3574902.400, 3547726.000, 3517530.000, 3484314.400, 3448079.200, 3408824.400, 3366550.000, 3321256.000, 3272942.400, 3221609.200, 3167256.400, 3109884.000, 3049492.000, 2986080.400, 2919649.200, 2850198.400, 2777728.000, 2702238.000, 2623728.400, 2542199.200, 2457650.400, 2370082.000, 2279494.000, 2185886.400, 2089259.200, 1989612.401, 1886946.006, 1781260.027, 1672554.509, 1560829.610, 1446085.835, 1328324.687, 1207550.269, 1083772.906, 957016.462, 827331.495, 694816.055, 559643.857, 422095.582, 282584.165, 141661.962,    0.000,
   0.000, 147291.679, 293814.200, 438869.867, 581884.371, 722428.369, 860210.025, 995048.722, 1126842.515, 1255538.835, 1381112.873, 1503553.892, 1622857.626, 1739022.513, 1852048.028, 1961934.007, 2068680.401, 2172287.200, 2272754.400, 2370082.000, 2464270.000, 2555318.400, 2643227.200, 2727996.400, 2809626.000, 2888116.000, 2963466.400, 3035677.200, 3104748.400, 3170680.000, 3233472.000, 3293124.400, 3349637.200, 3403010.400, 3453244.000, 3500338.000, 3544292.400, 3585107.200, 3622782.400, 3657318.000, 3688714.000, 3716970.400, 3742087.200, 3764064.400, 3782902.000, 3798600.000, 3811158.400, 3820577.200, 3826856.400, 3829996.000, 3829996.000, 3826856.400, 3820577.200, 3811158.400, 3798600.000, 3782902.000, 3764064.400, 3742087.200, 3716970.400, 3688714.000, 3657318.000, 3622782.400, 3585107.200, 3544292.400, 3500338.000, 3453244.000, 3403010.400, 3349637.200, 3293124.400, 3233472.000, 3170680.000, 3104748.400, 3035677.200, 2963466.400, 2888116.000, 2809626.000, 2727996.400, 2643227.200, 2555318.400, 2464270.000, 2370082.000, 2272754.400, 2172287.200, 2068680.401, 1961934.007, 1852048.028, 1739022.513, 1622857.626, 1503553.892, 1381112.873, 1255538.835, 1126842.515, 995048.722, 860210.025, 722428.369, 581884.371, 438869.867, 293814.200, 147291.679,    0.000,
   0.000, 152733.740, 304669.901, 455085.009, 603383.534, 749120.272, 891992.604, 1031813.240, 1168476.470, 1301927.783, 1432141.453, 1559106.347, 1682818.042, 1803274.918, 1920476.429, 2034422.407, 2145112.801, 2252547.600, 2356726.800, 2457650.400, 2555318.400, 2649730.800, 2740887.600, 2828788.800, 2913434.400, 2994824.400, 3072958.800, 3147837.600, 3219460.800, 3287828.400, 3352940.400, 3414796.800, 3473397.600, 3528742.800, 3580832.400, 3629666.400, 3675244.800, 3717567.600, 3756634.800, 3792446.400, 3825002.400, 3854302.800, 3880347.600, 3903136.800, 3922670.400, 3938948.400, 3951970.800, 3961737.600, 3968248.800, 3971504.400, 3971504.400, 3968248.800, 3961737.600, 3951970.800, 3938948.400, 3922670.400, 3903136.800, 3880347.600, 3854302.800, 3825002.400, 3792446.400, 3756634.800, 3717567.600, 3675244.800, 3629666.400, 3580832.400, 3528742.800, 3473397.600, 3414796.800, 3352940.400, 3287828.400, 3219460.800, 3147837.600, 3072958.800, 2994824.400, 2913434.400, 2828788.800, 2740887.600, 2649730.800, 2555318.400, 2457650.400, 2356726.800, 2252547.600, 2145112.801, 2034422.407, 1920476.429, 1803274.918, 1682818.042, 1559106.347, 1432141.453, 1301927.783, 1168476.470, 1031813.240, 891992.604, 749120.272, 603383.534, 455085.009, 304669.901, 152733.740,    0.000,
   0.000, 157988.143, 315151.267, 470741.008, 624141.348, 774891.765, 922679.232, 1067310.017, 1208674.772, 1346717.112, 1481410.426, 1612743.201, 1740710.857, 1865311.722, 1986545.230, 2104411.207, 2218909.602, 2330040.400, 2437803.600, 2542199.200, 2643227.200, 2740887.600, 2835180.400, 2926105.600, 3013663.200, 3097853.200, 3178675.600, 3256130.400, 3330217.600, 3400937.200, 3468289.200, 3532273.600, 3592890.400, 3650139.600, 3704021.200, 3754535.200, 3801681.600, 3845460.400, 3885871.600, 3922915.200, 3956591.200, 3986899.600, 4013840.400, 4037413.600, 4057619.200, 4074457.200, 4087927.600, 4098030.400, 4104765.600, 4108133.200, 4108133.200, 4104765.600, 4098030.400, 4087927.600, 4074457.200, 4057619.200, 4037413.600, 4013840.400, 3986899.600, 3956591.200, 3922915.200, 3885871.600, 3845460.400, 3801681.600, 3754535.200, 3704021.200, 3650139.600, 3592890.400, 3532273.600, 3468289.200, 3400937.200, 3330217.600, 3256130.400, 3178675.600, 3097853.200, 3013663.200, 2926105.600, 2835180.400, 2740887.600, 2643227.200, 2542199.200, 2437803.600, 2330040.400, 2218909.602, 2104411.207, 1986545.230, 1865311.722, 1740710.857, 1612743.201, 1481410.426, 1346717.112, 1208674.772, 1067310.017, 922679.232, 774891.765, 624141.348, 470741.008, 315151.267, 157988.143,    0.000,
   0.000, 163054.889, 325258.299, 485837.864, 644157.810, 799742.847, 952269.909, 1101539.051, 1247437.420, 1389906.822, 1528919.794, 1664464.452, 1796536.072, 1925132.926, 2050254.431, 2171900.407, 2290070.802, 2404765.600, 2515984.800, 2623728.400, 2727996.400, 2828788.800, 2926105.600, 3019946.800, 3110312.400, 3197202.400, 3280616.800, 3360555.600, 3437018.800, 3510006.400, 3579518.400, 3645554.800, 3708115.600, 3767200.800, 3822810.400, 3874944.400, 3923602.800, 3968785.600, 4010492.800, 4048724.400, 4083480.400, 4114760.800, 4142565.600, 4166894.800, 4187748.400, 4205126.400, 4219028.800, 4229455.600, 4236406.800, 4239882.400, 4239882.400, 4236406.800, 4229455.600, 4219028.800, 4205126.400, 4187748.400, 4166894.800, 4142565.600, 4114760.800, 4083480.400, 4048724.400, 4010492.800, 3968785.600, 3923602.800, 3874944.400, 3822810.400, 3767200.800, 3708115.600, 3645554.800, 3579518.400, 3510006.400, 3437018.800, 3360555.600, 3280616.800, 3197202.400, 3110312.400, 3019946.800, 2926105.600, 2828788.800, 2727996.400, 2623728.400, 2515984.800, 2404765.600, 2290070.802, 2171900.407, 2050254.431, 1925132.926, 1796536.072, 1664464.452, 1528919.794, 1389906.822, 1247437.420, 1101539.051, 952269.909, 799742.847, 644157.810, 485837.864, 325258.299, 163054.889,    0.000,
   0.000, 167933.978, 334990.997, 500375.578, 663432.923, 823673.519, 980764.635, 1134500.343, 1284764.414, 1431496.913, 1574669.555, 1714270.101, 1850293.686, 1982738.529, 2111604.032, 2236890.007, 2358596.402, 2476723.200, 2591270.400, 2702238.000, 2809626.000, 2913434.400, 3013663.200, 3110312.400, 3203382.000, 3292872.000, 3378782.400, 3461113.200, 3539864.400, 3615036.000, 3686628.000, 3754640.400, 3819073.200, 3879926.400, 3937200.000, 3990894.000, 4041008.400, 4087543.200, 4130498.400, 4169874.000, 4205670.000, 4237886.400, 4266523.200, 4291580.400, 4313058.000, 4330956.000, 4345274.400, 4356013.200, 4363172.400, 4366752.000, 4366752.000, 4363172.400, 4356013.200, 4345274.400, 4330956.000, 4313058.000, 4291580.400, 4266523.200, 4237886.400, 4205670.000, 4169874.000, 4130498.400, 4087543.200, 4041008.400, 3990894.000, 3937200.000, 3879926.400, 3819073.200, 3754640.400, 3686628.000, 3615036.000, 3539864.400, 3461113.200, 3378782.400, 3292872.000, 3203382.000, 3110312.400, 3013663.200, 2913434.400, 2809626.000, 2702238.000, 2591270.400, 2476723.200, 2358596.402, 2236890.007, 2111604.032, 1982738.529, 1850293.686, 1714270.101, 1574669.555, 1431496.913, 1284764.414, 1134500.343, 980764.635, 823673.519, 663432.923, 500375.578, 334990.997, 167933.978,    0.000,
   0.000, 172625.410, 344349.360, 514354.148, 681966.684, 846683.781, 1008163.410, 1166193.894, 1320655.754, 1471487.385, 1618659.710, 1762160.149, 1901983.699, 2038128.533, 2170594.033, 2299380.008, 2424486.402, 2545913.200, 2663660.400, 2777728.000, 2888116.000, 2994824.400, 3097853.200, 3197202.400, 3292872.000, 3384862.000, 3473172.400, 3557803.200, 3638754.400, 3716026.000, 3789618.000, 3859530.400, 3925763.200, 3988316.400, 4047190.000, 4102384.000, 4153898.400, 4201733.200, 4245888.400, 4286364.000, 4323160.000, 4356276.400, 4385713.200, 4411470.400, 4433548.000, 4451946.000, 4466664.400, 4477703.200, 4485062.400, 4488742.000, 4488742.000, 4485062.400, 4477703.200, 4466664.400, 4451946.000, 4433548.000, 4411470.400, 4385713.200, 4356276.400, 4323160.000, 4286364.000, 4245888.400, 4201733.200, 4153898.400, 4102384.000, 4047190.000, 3988316.400, 3925763.200, 3859530.400, 3789618.000, 3716026.000, 3638754.400, 3557803.200, 3473172.400, 3384862.000, 3292872.000, 3197202.400, 3097853.200, 2994824.400, 2888116.000, 2777728.000, 2663660.400, 2545913.200, 2424486.402, 2299380.008, 2170594.033, 2038128.533, 1901983.699, 1762160.149, 1618659.710, 1471487.385, 1320655.754, 1166193.894, 1008163.410, 846683.781, 681966.684, 514354.148, 344349.360, 172625.410,    0.000,
   0.000, 177129.184, 353333.388, 527773.576, 699759.096, 868773.632, 1034466.234, 1196619.702, 1355111.441, 1509878.238, 1660890.259, 1808134.594, 1951606.112, 2091302.936, 2227224.434, 2359370.408, 2487740.802, 2612335.600, 2733154.800, 2850198.400, 2963466.400, 3072958.800, 3178675.600, 3280616.800, 3378782.400, 3473172.400, 3563786.800, 3650625.600, 3733688.800, 3812976.400, 3888488.400, 3960224.800, 4028185.600, 4092370.800, 4152780.400, 4209414.400, 4262272.800, 4311355.600, 4356662.800, 4398194.400, 4435950.400, 4469930.800, 4500135.600, 4526564.800, 4549218.400, 4568096.400, 4583198.800, 4594525.600, 4602076.800, 4605852.400, 4605852.400, 4602076.800, 4594525.600, 4583198.800, 4568096.400, 4549218.400, 4526564.800, 4500135.600, 4469930.800, 4435950.400, 4398194.400, 4356662.800, 4311355.600, 4262272.800, 4209414.400, 4152780.400, 4092370.800, 4028185.600, 3960224.800, 3888488.400, 3812976.400, 3733688.800, 3650625.600, 3563786.800, 3473172.400, 3378782.400, 3280616.800, 3178675.600, 3072958.800, 2963466.400, 2850198.400, 2733154.800, 2612335.600, 2487740.802, 2359370.408, 2227224.434, 2091302.936, 1951606.112, 1808134.594, 1660890.259, 1509878.238, 1355111.441, 1196619.702, 1034466.234, 868773.632, 699759.096, 527773.576, 353333.388, 177129.184,    0.000,
   0.000, 181445.301, 361943.082, 540633.861, 716810.157, 889943.072, 1059673.107, 1225777.768, 1388131.475, 1546669.473, 1701361.202, 1852193.438, 1999160.925, 2142261.740, 2281495.235, 2416861.208, 2548359.602, 2675990.400, 2799753.600, 2919649.200, 3035677.200, 3147837.600, 3256130.400, 3360555.600, 3461113.200, 3557803.200, 3650625.600, 3739580.400, 3824667.600, 3905887.200, 3983239.200, 4056723.600, 4126340.400, 4192089.600, 4253971.200, 4311985.200, 4366131.600, 4416410.400, 4462821.600, 4505365.200, 4544041.200, 4578849.600, 4609790.400, 4636863.600, 4660069.200, 4679407.200, 4694877.600, 4706480.400, 4714215.600, 4718083.200, 4718083.200, 4714215.600, 4706480.400, 4694877.600, 4679407.200, 4660069.200, 4636863.600, 4609790.400, 4578849.600, 4544041.200, 4505365.200, 4462821.600, 4416410.400, 4366131.600, 4311985.200, 4253971.200, 4192089.600, 4126340.400, 4056723.600, 3983239.200, 3905887.200, 3824667.600, 3739580.400, 3650625.600, 3557803.200, 3461113.200, 3360555.600, 3256130.400, 3147837.600, 3035677.200, 2919649.200, 2799753.600, 2675990.400, 2548359.602, 2416861.208, 2281495.235, 2142261.740, 1999160.925, 1852193.438, 1701361.202, 1546669.473, 1388131.475, 1225777.768, 1059673.107, 889943.072, 716810.157, 540633.861, 361943.082, 181445.301,    0.000,
   0.000, 185573.761, 370178.441, 552935.003, 733119.867, 910192.103, 1083784.029, 1253668.092, 1419715.854, 1581861.088, 1740072.538, 1894336.680, 2044648.137, 2191004.943, 2333406.435, 2471852.408, 2606342.802, 2736877.600, 2863456.800, 2986080.400, 3104748.400, 3219460.800, 3330217.600, 3437018.800, 3539864.400, 3638754.400, 3733688.800, 3824667.600, 3911690.800, 3994758.400, 4073870.400, 4149026.800, 4220227.600, 4287472.800, 4350762.400, 4410096.400, 4465474.800, 4516897.600, 4564364.800, 4607876.400, 4647432.400, 4683032.800, 4714677.600, 4742366.800, 4766100.400, 4785878.400, 4801700.800, 4813567.600, 4821478.800, 4825434.400, 4825434.400, 4821478.800, 4813567.600, 4801700.800, 4785878.400, 4766100.400, 4742366.800, 4714677.600, 4683032.800, 4647432.400, 4607876.400, 4564364.800, 4516897.600, 4465474.800, 4410096.400, 4350762.400, 4287472.800, 4220227.600, 4149026.800, 4073870.400, 3994758.400, 3911690.800, 3824667.600, 3733688.800, 3638754.400, 3539864.400, 3437018.800, 3330217.600, 3219460.800, 3104748.400, 2986080.400, 2863456.800, 2736877.600, 2606342.802, 2471852.408, 2333406.435, 2191004.943, 2044648.137, 1894336.680, 1740072.538, 1581861.088, 1419715.854, 1253668.092, 1083784.029, 910192.103, 733119.867, 552935.003, 370178.441, 185573.761,    0.000,
   0.000, 189514.563, 378039.466, 564677.002, 748688.227, 929520.722, 1106799.000, 1280290.674, 1449864.581, 1615453.085, 1777024.269, 1934564.320, 2088067.748, 2237532.546, 2382958.036, 2524344.008, 2661690.402, 2794997.200, 2924264.400, 3049492.000, 3170680.000, 3287828.400, 3400937.200, 3510006.400, 3615036.000, 3716026.000, 3812976.400, 3905887.200, 3994758.400, 4079590.000, 4160382.000, 4237134.400, 4309847.200, 4378520.400, 4443154.000, 4503748.000, 4560302.400, 4612817.200, 4661292.400, 4705728.000, 4746124.000, 4782480.400, 4814797.200, 4843074.400, 4867312.000, 4887510.000, 4903668.400, 4915787.200, 4923866.400, 4927906.000, 4927906.000, 4923866.400, 4915787.200, 4903668.400, 4887510.000, 4867312.000, 4843074.400, 4814797.200, 4782480.400, 4746124.000, 4705728.000, 4661292.400, 4612817.200, 4560302.400, 4503748.000, 4443154.000, 4378520.400, 4309847.200, 4237134.400, 4160382.000, 4079590.000, 3994758.400, 3905887.200, 3812976.400, 3716026.000, 3615036.000, 3510006.400, 3400937.200, 3287828.400, 3170680.000, 3049492.000, 2924264.400, 2794997.200, 2661690.402, 2524344.008, 2382958.036, 2237532.546, 2088067.748, 1934564.320, 1777024.269, 1615453.085, 1449864.581, 1280290.674, 1106799.000, 929520.722, 748688.227, 564677.002, 378039.466, 189514.563,    0.000,
   0.000, 193267.708, 385526.156, 575859.859, 763515.236, 947928.931, 1128718.020, 1305645.515, 1478577.653, 1647445.463, 1812216.393, 1972876.358, 2129419.759, 2281844.549, 2430150.037, 2574336.009, 2714402.402, 2850349.200, 2982176.400, 3109884.000, 3233472.000, 3352940.400, 3468289.200, 3579518.400, 3686628.000, 3789618.000, 3888488.400, 3983239.200, 4073870.400, 4160382.000, 4242774.000, 4321046.400, 4395199.200, 4465232.400, 4531146.000, 4592940.000, 4650614.400, 4704169.200, 4753604.400, 4798920.000, 4840116.000, 4877192.400, 4910149.200, 4938986.400, 4963704.000, 4984302.000, 5000780.400, 5013139.200, 5021378.400, 5025498.000, 5025498.000, 5021378.400, 5013139.200, 5000780.400, 4984302.000, 4963704.000, 4938986.400, 4910149.200, 4877192.400, 4840116.000, 4798920.000, 4753604.400, 4704169.200, 4650614.400, 4592940.000, 4531146.000, 4465232.400, 4395199.200, 4321046.400, 4242774.000, 4160382.000, 4073870.400, 3983239.200, 3888488.400, 3789618.000, 3686628.000, 3579518.400, 3468289.200, 3352940.400, 3233472.000, 3109884.000, 2982176.400, 2850349.200, 2714402.402, 2574336.009, 2430150.037, 2281844.549, 2129419.759, 1972876.358, 1812216.393, 1647445.463, 1478577.653, 1305645.515, 1128718.020, 947928.931, 763515.236, 575859.859, 385526.156, 193267.708,    0.000,
