   0.000,    0.000,    0.000,    0.000,    0.000,    0.000,    0.000,    0.000,    0.000,    0.000,    0.000,    0.000,    0.000,    0.000,    0.000,    0.000,    0.000,    0.000,    0.000,    0.000,    0.000,    0.000,    0.000,    0.000,    0.000,    0.000,    0.000,    0.000,    0.000,    0.000,    0.000,    0.000,    0.000,    0.000,    0.000,    0.000,    0.000,    0.000,    0.000,    0.000,    0.000,    0.000,    0.000,    0.000,    0.000,    0.000,    0.000,    0.000,    0.000,    0.000,    0.000,    0.000,    0.000,    0.000,    0.000,    0.000,    0.000,    0.000,    0.000,    0.000,    0.000,    0.000,    0.000,    0.000,    0.000,    0.000,    0.000,    0.000,    0.000,    0.000,    0.000,    0.000,    0.000,    0.000,    0.000,    0.000,    0.000,    0.000,    0.000,    0.000,    0.000,    0.000,    0.000,    0.000,    0.000,    0.000,    0.000,    0.000,    0.000,    0.000,    0.000,    0.000,    0.000,    0.000,    0.000,    0.000,    0.000,    0.000,    0.000,    0.000,
   0.000, 8502.694, 16970.905, 25372.031, 33676.919, 41860.918, 49904.307, 57792.161, 65513.786, 73061.926, 80431.918, 87620.921, 94627.293, 101450.135, 108088.978, 114543.591, 120813.866, 126899.753, 132801.232, 138518.295, 144050.938, 149399.160, 154562.961, 159542.341, 164337.299, 168947.836, 173373.951, 177615.645, 181672.917, 185545.768, 189234.197, 192738.205, 196057.791, 199192.956, 202143.700, 204910.022, 207491.922, 209889.401, 212102.459, 214131.095, 215975.310, 217635.103, 219110.474, 220401.425, 221507.954, 222430.061, 223167.747, 223721.011, 224089.854, 224274.276, 224274.276, 224089.854, 223721.011, 223167.747, 222430.061, 221507.954, 220401.425, 219110.474, 217635.103, 215975.310, 214131.095, 212102.459, 209889.401, 207491.922, 204910.022, 202143.700, 199192.956, 196057.791, 192738.205, 189234.197, 185545.768, 181672.917, 177615.645, 173373.951, 168947.836, 164337.299, 159542.341, 154562.961, 149399.160, 144050.938, 138518.295, 132801.232, 126899.753, 120813.866, 114543.591, 108088.978, 101450.135, 94627.293, 87620.921, 80431.918, 73061.926, 65513.786, 57792.161, 49904.307, 41860.918, 33676.919, 25372.031, 16970.905, 8502.694,    0.000,
   0.000, 16970.905, 33872.987, 50641.168, 67217.262, 83552.067, 99606.224, 115349.940, 130761.871, 145827.535, 160537.626, 174886.472, 188870.797, 202488.807, 215739.565, 228622.611, 241137.727, 253284.816, 265063.837, 276474.774, 287517.619, 298192.370, 308499.027, 318437.589, 328008.056, 337210.428, 346044.706, 354510.888, 362608.976, 370338.968, 377700.866, 384694.669, 391320.377, 397577.990, 403467.509, 408988.932, 414142.260, 418927.494, 423344.633, 427393.677, 431074.625, 434387.479, 437332.239, 439908.903, 442117.472, 443957.947, 445430.326, 446534.611, 447270.801, 447638.896, 447638.896, 447270.801, 446534.611, 445430.326, 443957.947, 442117.472, 439908.903, 437332.239, 434387.479, 431074.625, 427393.677, 423344.633, 418927.494, 414142.260, 408988.932, 403467.509, 397577.990, 391320.377, 384694.669, 377700.866, 370338.968, 362608.976, 354510.888, 346044.706, 337210.428, 328008.056, 318437.589, 308499.027, 298192.370, 287517.619, 276474.774, 265063.837, 253284.816, 241137.727, 228622.611, 215739.565, 202488.807, 188870.797, 174886.472, 160537.626, 145827.535, 130761.871, 115349.940, 99606.224, 83552.067, 67217.262, 50641.168, 33872.987, 16970.905,    0.000,
   0.000, 25372.031, 50641.168, 75710.118, 100491.891, 124912.926, 148914.382, 172451.717, 195493.023, 218016.649, 240008.680, 261460.639, 282367.629, 302726.964, 322537.249, 341797.792, 360508.269, 378668.534, 396278.527, 413338.221, 429847.608, 445806.684, 461215.447, 476073.897, 490382.035, 504139.860, 517347.371, 530004.570, 542111.456, 553668.029, 564674.288, 575130.235, 585035.869, 594391.189, 603196.197, 611450.892, 619155.274, 626309.343, 632913.099, 638966.541, 644469.671, 649422.488, 653824.992, 657677.183, 660979.061, 663730.626, 665931.878, 667582.817, 668683.443, 669233.756, 669233.756, 668683.443, 667582.817, 665931.878, 663730.626, 660979.061, 657677.183, 653824.992, 649422.488, 644469.671, 638966.541, 632913.099, 626309.343, 619155.274, 611450.892, 603196.197, 594391.189, 585035.869, 575130.235, 564674.288, 553668.029, 542111.456, 530004.570, 517347.371, 504139.860, 490382.035, 476073.897, 461215.447, 445806.684, 429847.608, 413338.221, 396278.527, 378668.534, 360508.269, 341797.792, 322537.249, 302726.964, 282367.629, 261460.639, 240008.680, 218016.649, 195493.023, 172451.717, 148914.382, 124912.926, 100491.891, 75710.118, 50641.168, 25372.031,    0.000,
   0.000, 33676.919, 67217.262, 100491.891, 133385.339, 165799.969, 197657.676, 228899.343, 259482.616, 289378.757, 318569.300, 347042.991, 374793.331, 401816.757, 428111.414, 453676.386, 478511.242, 502615.789, 525989.947, 548633.681, 570546.978, 591729.835, 612182.249, 631904.220, 650895.748, 669156.832, 686687.473, 703487.671, 719557.425, 734896.736, 749505.603, 763384.028, 776532.008, 788949.546, 800636.640, 811593.290, 821819.498, 831315.261, 840080.582, 848115.459, 855419.893, 861993.883, 867837.430, 872950.534, 877333.194, 880985.411, 883907.184, 886098.515, 887559.401, 888289.845, 888289.845, 887559.401, 886098.515, 883907.184, 880985.411, 877333.194, 872950.534, 867837.430, 861993.883, 855419.893, 848115.459, 840080.582, 831315.261, 821819.498, 811593.290, 800636.640, 788949.546, 776532.008, 763384.028, 749505.603, 734896.736, 719557.425, 703487.671, 686687.473, 669156.832, 650895.748, 631904.220, 612182.249, 591729.835, 570546.978, 548633.681, 525989.947, 502615.789, 478511.242, 453676.386, 428111.414, 401816.757, 374793.331, 347042.991, 318569.300, 289378.757, 259482.616, 228899.343, 197657.676, 165799.969, 133385.339, 100491.891, 67217.262, 33676.919,    0.000,
   0.000, 41860.918, 83552.067, 124912.926, 165799.969, 206091.828, 245691.419, 284525.260, 322540.703, 359702.031, 395986.286, 431379.485, 465873.547, 499464.044, 532148.672, 563926.290, 594796.364, 624758.654, 653813.059, 681959.537, 709198.073, 735528.660, 760951.298, 785465.984, 809072.719, 831771.502, 853562.334, 874445.215, 894420.145, 913487.123, 931646.150, 948897.226, 965240.350, 980675.523, 995202.744, 1008822.014, 1021533.333, 1033336.700, 1044232.117, 1054219.581, 1063299.095, 1071470.657, 1078734.268, 1085089.927, 1090537.635, 1095077.392, 1098709.197, 1101433.051, 1103248.954, 1104156.905, 1104156.905, 1103248.954, 1101433.051, 1098709.197, 1095077.392, 1090537.635, 1085089.927, 1078734.268, 1071470.657, 1063299.095, 1054219.581, 1044232.117, 1033336.700, 1021533.333, 1008822.014, 995202.744, 980675.523, 965240.350, 948897.226, 931646.150, 913487.123, 894420.145, 874445.215, 853562.334, 831771.502, 809072.719, 785465.984, 760951.298, 735528.660, 709198.073, 681959.537, 653813.059, 624758.654, 594796.364, 563926.290, 532148.672, 499464.044, 465873.547, 431379.485, 395986.286, 359702.031, 322540.703, 284525.260, 245691.419, 206091.828, 165799.969, 124912.926, 83552.067, 41860.918,    0.000,
   0.000, 49904.307, 99606.224, 148914.382, 197657.676, 245691.419, 292899.873, 339195.436, 384515.347, 428817.025, 472073.105, 514266.914, 555388.821, 595433.548, 634398.347, 672281.860, 709083.449, 744802.828, 779439.877, 812994.546, 845466.817, 876856.682, 907164.139, 936389.187, 964531.826, 991592.056, 1017569.877, 1042465.288, 1066278.291, 1089008.884, 1110657.068, 1131222.843, 1150706.208, 1169107.165, 1186425.712, 1202661.850, 1217815.579, 1231886.898, 1244875.809, 1256782.310, 1267606.402, 1277348.085, 1286007.358, 1293584.223, 1300078.678, 1305490.724, 1309820.361, 1313067.588, 1315232.407, 1316314.816, 1316314.816, 1315232.407, 1313067.588, 1309820.361, 1305490.724, 1300078.678, 1293584.223, 1286007.358, 1277348.085, 1267606.402, 1256782.310, 1244875.809, 1231886.898, 1217815.579, 1202661.850, 1186425.712, 1169107.165, 1150706.208, 1131222.843, 1110657.068, 1089008.884, 1066278.291, 1042465.288, 1017569.877, 991592.056, 964531.826, 936389.187, 907164.139, 876856.682, 845466.817, 812994.546, 779439.877, 744802.828, 709083.449, 672281.860, 634398.347, 595433.548, 555388.821, 514266.914, 472073.105, 428817.025, 384515.347, 339195.436, 292899.873, 245691.419, 197657.676, 148914.382, 99606.224, 49904.307,    0.000,
   0.000, 57792.161, 115349.940, 172451.717, 228899.343, 284525.260, 339195.436, 392808.426, 445291.547, 496595.492, 546688.570, 595551.474, 643173.053, 689547.192, 734670.712, 778542.039, 821160.434, 862525.567, 902637.299, 941495.571, 979100.362, 1015451.664, 1050549.474, 1084393.792, 1116984.616, 1148321.947, 1178405.785, 1207236.130, 1234812.981, 1261136.340, 1286206.204, 1310022.576, 1332585.455, 1353894.840, 1373950.732, 1392753.130, 1410302.036, 1426597.448, 1441639.367, 1455427.793, 1467962.725, 1479244.164, 1489272.110, 1498046.563, 1505567.523, 1511834.989, 1516848.962, 1520609.442, 1523116.428, 1524369.921, 1524369.921, 1523116.428, 1520609.442, 1516848.962, 1511834.989, 1505567.523, 1498046.563, 1489272.110, 1479244.164, 1467962.725, 1455427.793, 1441639.367, 1426597.448, 1410302.036, 1392753.130, 1373950.732, 1353894.840, 1332585.455, 1310022.576, 1286206.204, 1261136.340, 1234812.981, 1207236.130, 1178405.785, 1148321.947, 1116984.616, 1084393.792, 1050549.474, 1015451.664, 979100.362, 941495.571, 902637.299, 862525.567, 821160.434, 778542.039, 734670.712, 689547.192, 643173.053, 595551.474, 546688.570, 496595.492, 445291.547, 392808.426, 339195.436, 284525.260, 228899.343, 172451.717, 115349.940, 57792.161,    0.000,
   0.000, 65513.786, 130761.871, 195493.023, 259482.616, 322540.703, 384515.347, 445291.547, 504786.913, 562945.549, 619731.532, 675122.978, 729107.243, 781677.400, 832829.842, 882562.786, 930875.395, 977767.295, 1023238.327, 1067288.426, 1109917.567, 1151125.741, 1190912.945, 1229279.178, 1266224.440, 1301748.730, 1335852.048, 1368534.395, 1399795.770, 1429636.174, 1458055.606, 1485054.066, 1510631.555, 1534788.072, 1557523.618, 1578838.192, 1598731.794, 1617204.425, 1634256.084, 1649886.772, 1664096.488, 1676885.232, 1688253.005, 1698199.806, 1706725.636, 1713830.494, 1719514.380, 1723777.295, 1726619.238, 1728040.210, 1728040.210, 1726619.238, 1723777.295, 1719514.380, 1713830.494, 1706725.636, 1698199.806, 1688253.005, 1676885.232, 1664096.488, 1649886.772, 1634256.084, 1617204.425, 1598731.794, 1578838.192, 1557523.618, 1534788.072, 1510631.555, 1485054.066, 1458055.606, 1429636.174, 1399795.770, 1368534.395, 1335852.048, 1301748.730, 1266224.440, 1229279.178, 1190912.945, 1151125.741, 1109917.567, 1067288.426, 1023238.327, 977767.295, 930875.395, 882562.786, 832829.842, 781677.400, 729107.243, 675122.978, 619731.532, 562945.549, 504786.913, 445291.547, 384515.347, 322540.703, 259482.616, 195493.023, 130761.871, 65513.786,    0.000,
   0.000, 73061.926, 145827.535, 218016.649, 289378.757, 359702.031, 428817.025, 496595.492, 562945.549, 627804.864, 691133.373, 752906.673, 813110.666, 871737.624, 928783.527, 984246.387, 1038125.270, 1090419.758, 1141129.674, 1190254.947, 1237795.548, 1283751.467, 1328122.701, 1370909.249, 1412111.110, 1451728.284, 1489760.771, 1526208.571, 1561071.684, 1594350.111, 1626043.850, 1656152.902, 1684677.268, 1711616.946, 1736971.937, 1760742.242, 1782927.859, 1803528.790, 1822545.033, 1839976.590, 1855823.460, 1870085.642, 1882763.138, 1893855.947, 1903364.068, 1911287.503, 1917626.251, 1922380.312, 1925549.686, 1927134.373, 1927134.373, 1925549.686, 1922380.312, 1917626.251, 1911287.503, 1903364.068, 1893855.947, 1882763.138, 1870085.642, 1855823.460, 1839976.590, 1822545.033, 1803528.790, 1782927.859, 1760742.242, 1736971.937, 1711616.946, 1684677.268, 1656152.902, 1626043.850, 1594350.111, 1561071.684, 1526208.571, 1489760.771, 1451728.284, 1412111.110, 1370909.249, 1328122.701, 1283751.467, 1237795.548, 1190254.947, 1141129.674, 1090419.758, 1038125.270, 984246.387, 928783.527, 871737.624, 813110.666, 752906.673, 691133.373, 627804.864, 562945.549, 496595.492, 428817.025, 359702.031, 289378.757, 218016.649, 145827.535, 73061.926,    0.000,
   0.000, 80431.918, 160537.626, 240008.680, 318569.300, 395986.286, 472073.105, 546688.570, 619731.532, 691133.373, 760849.990, 828854.517, 895131.437, 959672.242, 1022472.506, 1083530.042, 1142843.820, 1200413.382, 1256238.533, 1310319.193, 1362655.332, 1413246.938, 1462094.008, 1509196.540, 1554554.535, 1598167.991, 1640036.909, 1680161.288, 1718541.130, 1755176.433, 1790067.198, 1823213.425, 1854615.113, 1884272.263, 1912184.875, 1938352.949, 1962776.484, 1985455.482, 2006389.940, 2025579.861, 2043025.244, 2058726.088, 2072682.394, 2084894.162, 2095361.391, 2104084.082, 2111062.235, 2116295.850, 2119784.926, 2121529.465, 2121529.465, 2119784.926, 2116295.850, 2111062.235, 2104084.082, 2095361.391, 2084894.162, 2072682.394, 2058726.088, 2043025.244, 2025579.861, 2006389.940, 1985455.482, 1962776.484, 1938352.949, 1912184.875, 1884272.263, 1854615.113, 1823213.425, 1790067.198, 1755176.433, 1718541.130, 1680161.288, 1640036.909, 1598167.991, 1554554.535, 1509196.540, 1462094.008, 1413246.938, 1362655.332, 1310319.193, 1256238.533, 1200413.382, 1142843.820, 1083530.042, 1022472.506, 959672.242, 895131.437, 828854.517, 760849.990, 691133.373, 619731.532, 546688.570, 472073.105, 395986.286, 318569.300, 240008.680, 160537.626, 80431.918,    0.000,
   0.000, 87620.921, 174886.472, 261460.639, 347042.991, 431379.485, 514266.914, 595551.474, 675122.978, 752906.673, 828854.517, 902937.245, 975137.952, 1045447.371, 1113860.680, 1180375.496, 1244990.700, 1307705.790, 1368520.555, 1427434.907, 1484448.814, 1539562.263, 1592775.251, 1644087.776, 1693499.836, 1741011.433, 1786622.566, 1830333.236, 1872143.441, 1912053.182, 1950062.460, 1986171.274, 2020379.624, 2052687.510, 2083094.932, 2111601.890, 2138208.384, 2162914.415, 2185719.981, 2206625.084, 2225629.723, 2242733.898, 2257937.609, 2271240.856, 2282643.639, 2292145.958, 2299747.814, 2305449.206, 2309250.133, 2311150.597, 2311150.597, 2309250.133, 2305449.206, 2299747.814, 2292145.958, 2282643.639, 2271240.856, 2257937.609, 2242733.898, 2225629.723, 2206625.084, 2185719.981, 2162914.415, 2138208.384, 2111601.890, 2083094.932, 2052687.510, 2020379.624, 1986171.274, 1950062.460, 1912053.182, 1872143.441, 1830333.236, 1786622.566, 1741011.433, 1693499.836, 1644087.776, 1592775.251, 1539562.263, 1484448.814, 1427434.907, 1368520.555, 1307705.790, 1244990.700, 1180375.496, 1113860.680, 1045447.371, 975137.952, 902937.245, 828854.517, 752906.673, 675122.978, 595551.474, 514266.914, 431379.485, 347042.991, 261460.639, 174886.472, 87620.921,    0.000,
   0.000, 94627.293, 188870.797, 282367.629, 374793.331, 465873.547, 555388.821, 643173.053, 729107.243, 813110.666, 895131.437, 975137.952, 1053111.955, 1129043.439, 1202927.196, 1274760.654, 1344542.602, 1412272.501, 1477950.121, 1541575.368, 1603148.207, 1662668.624, 1720136.616, 1775552.179, 1828915.315, 1880226.023, 1929484.302, 1976690.153, 2021843.575, 2064944.570, 2105993.136, 2144989.273, 2181932.983, 2216824.264, 2249663.117, 2280449.541, 2309183.537, 2335865.105, 2360494.245, 2383070.956, 2403595.239, 2422067.094, 2438486.520, 2452853.518, 2465168.088, 2475430.230, 2483639.943, 2489797.228, 2493902.084, 2495954.513, 2495954.513, 2493902.084, 2489797.228, 2483639.943, 2475430.230, 2465168.088, 2452853.518, 2438486.520, 2422067.094, 2403595.239, 2383070.956, 2360494.245, 2335865.105, 2309183.537, 2280449.541, 2249663.117, 2216824.264, 2181932.983, 2144989.273, 2105993.136, 2064944.570, 2021843.575, 1976690.153, 1929484.302, 1880226.023, 1828915.315, 1775552.179, 1720136.616, 1662668.624, 1603148.207, 1541575.368, 1477950.121, 1412272.501, 1344542.602, 1274760.654, 1202927.196, 1129043.439, 1053111.955, 975137.952, 895131.437, 813110.666, 729107.243, 643173.053, 555388.821, 465873.547, 374793.331, 282367.629, 188870.797, 94627.293,    0.000,
   0.000, 101450.135, 202488.807, 302726.964, 401816.757, 499464.044, 595433.548, 689547.192, 781677.400, 871737.624, 959672.242, 1045447.371, 1129043.439, 1210449.718, 1289660.625, 1366673.403, 1441486.753, 1514100.098, 1584513.190, 1652725.930, 1718738.280, 1782550.225, 1844161.760, 1903572.885, 1960783.597, 2015793.897, 2068603.786, 2119213.262, 2167622.327, 2213830.979, 2257839.219, 2299647.048, 2339254.464, 2376661.468, 2411868.061, 2444874.241, 2475680.009, 2504285.365, 2530690.310, 2554894.842, 2576898.962, 2596702.670, 2614305.966, 2629708.850, 2642911.322, 2653913.383, 2662715.031, 2669316.267, 2673717.091, 2675917.503, 2675917.503, 2673717.091, 2669316.267, 2662715.031, 2653913.383, 2642911.322, 2629708.850, 2614305.966, 2596702.670, 2576898.962, 2554894.842, 2530690.310, 2504285.365, 2475680.009, 2444874.241, 2411868.061, 2376661.468, 2339254.464, 2299647.048, 2257839.219, 2213830.979, 2167622.327, 2119213.262, 2068603.786, 2015793.897, 1960783.597, 1903572.885, 1844161.760, 1782550.225, 1718738.280, 1652725.930, 1584513.190, 1514100.098, 1441486.753, 1366673.403, 1289660.625, 1210449.718, 1129043.439, 1045447.371, 959672.242, 871737.624, 781677.400, 689547.192, 595433.548, 499464.044, 401816.757, 302726.964, 202488.807, 101450.135,    0.000,
   0.000, 108088.978, 215739.565, 322537.249, 428111.414, 532148.672, 634398.347, 734670.712, 832829.842, 928783.527, 1022472.506, 1113860.680, 1202927.196, 1289660.625, 1374055.020, 1456107.441, 1535816.506, 1613181.599, 1688202.457, 1760878.974, 1831211.109, 1899198.847, 1964842.183, 2028141.115, 2089095.642, 2147705.764, 2203971.481, 2257892.794, 2309469.701, 2358702.204, 2405590.302, 2450133.995, 2492333.283, 2532188.166, 2569698.644, 2604864.718, 2637686.386, 2668163.650, 2696296.508, 2722084.962, 2745529.011, 2766628.655, 2785383.894, 2801794.729, 2815861.158, 2827583.182, 2836960.802, 2843994.017, 2848682.826, 2851027.231, 2851027.231, 2848682.826, 2843994.017, 2836960.802, 2827583.182, 2815861.158, 2801794.729, 2785383.894, 2766628.655, 2745529.011, 2722084.962, 2696296.508, 2668163.650, 2637686.386, 2604864.718, 2569698.644, 2532188.166, 2492333.283, 2450133.995, 2405590.302, 2358702.204, 2309469.701, 2257892.794, 2203971.481, 2147705.764, 2089095.642, 2028141.115, 1964842.183, 1899198.847, 1831211.109, 1760878.974, 1688202.457, 1613181.599, 1535816.506, 1456107.441, 1374055.020, 1289660.625, 1202927.196, 1113860.680, 1022472.506, 928783.527, 832829.842, 734670.712, 634398.347, 532148.672, 428111.414, 322537.249, 215739.565, 108088.978,    0.000,
   0.000, 114543.591, 228622.611, 341797.792, 453676.386, 563926.290, 672281.860, 778542.039, 882562.786, 984246.387, 1083530.042, 1180375.496, 1274760.654, 1366673.403, 1456107.441, 1543059.652, 1627528.574, 1709513.553, 1789014.309, 1866030.732, 1940562.777, 2012610.428, 2082173.680, 2149252.532, 2213846.981, 2275957.029, 2335582.674, 2392723.918, 2447380.760, 2499553.200, 2549241.239, 2596444.875, 2641164.109, 2683398.942, 2723149.372, 2760415.401, 2795197.027, 2827494.252, 2857307.075, 2884635.496, 2909479.515, 2931839.132, 2951714.347, 2969105.161, 2984011.572, 2996433.582, 3006371.189, 3013824.395, 3018793.199, 3021277.601, 3021277.601, 3018793.199, 3013824.395, 3006371.189, 2996433.582, 2984011.572, 2969105.161, 2951714.347, 2931839.132, 2909479.515, 2884635.496, 2857307.075, 2827494.252, 2795197.027, 2760415.401, 2723149.372, 2683398.942, 2641164.109, 2596444.875, 2549241.239, 2499553.200, 2447380.760, 2392723.918, 2335582.674, 2275957.029, 2213846.981, 2149252.532, 2082173.680, 2012610.428, 1940562.777, 1866030.732, 1789014.309, 1709513.553, 1627528.574, 1543059.652, 1456107.441, 1366673.403, 1274760.654, 1180375.496, 1083530.042, 984246.387, 882562.786, 778542.039, 672281.860, 563926.290, 453676.386, 341797.792, 228622.611, 114543.591,    0.000,
   0.000, 120813.866, 241137.727, 360508.269, 478511.242, 594796.364, 709083.449, 821160.434, 930875.395, 1038125.270, 1142843.820, 1244990.700, 1344542.602, 1441486.753, 1535816.506, 1627528.574, 1716621.415, 1803094.338, 1886947.051, 1968179.435, 2046791.443, 2122783.060, 2196154.278, 2266905.097, 2335035.516, 2400545.533, 2463435.151, 2523704.367, 2581353.183, 2636381.598, 2688789.612, 2738577.225, 2785744.438, 2830291.250, 2872217.662, 2911523.672, 2948209.282, 2982274.492, 3013719.300, 3042543.708, 3068747.715, 3092331.322, 3113294.527, 3131637.332, 3147359.737, 3160461.740, 3170943.343, 3178804.545, 3184045.347, 3186665.747, 3186665.747, 3184045.347, 3178804.545, 3170943.343, 3160461.740, 3147359.737, 3131637.332, 3113294.527, 3092331.322, 3068747.715, 3042543.708, 3013719.300, 2982274.492, 2948209.282, 2911523.672, 2872217.662, 2830291.250, 2785744.438, 2738577.225, 2688789.612, 2636381.598, 2581353.183, 2523704.367, 2463435.151, 2400545.533, 2335035.516, 2266905.097, 2196154.278, 2122783.060, 2046791.443, 1968179.435, 1886947.051, 1803094.338, 1716621.415, 1627528.574, 1535816.506, 1441486.753, 1344542.602, 1244990.700, 1142843.820, 1038125.270, 930875.395, 821160.434, 709083.449, 594796.364, 478511.242, 360508.269, 241137.727, 120813.866,    0.000,
   0.000, 126899.753, 253284.816, 378668.534, 502615.789, 624758.654, 744802.828, 862525.567, 977767.295, 1090419.758, 1200413.382, 1307705.790, 1412272.501, 1514100.098, 1613181.599, 1709513.553, 1803094.338, 1893923.232, 1981999.924, 2067324.292, 2149896.286, 2229715.889, 2306783.095, 2381097.901, 2452660.308, 2521470.314, 2587527.920, 2650833.126, 2711385.932, 2769186.337, 2824234.342, 2876529.947, 2926073.151, 2972863.956, 3016902.360, 3058188.364, 3096721.967, 3132503.171, 3165531.974, 3195808.376, 3223332.379, 3248103.981, 3270123.183, 3289389.985, 3305904.387, 3319666.388, 3330675.989, 3338933.190, 3344437.990, 3347190.391, 3347190.391, 3344437.990, 3338933.190, 3330675.989, 3319666.388, 3305904.387, 3289389.985, 3270123.183, 3248103.981, 3223332.379, 3195808.376, 3165531.974, 3132503.171, 3096721.967, 3058188.364, 3016902.360, 2972863.956, 2926073.151, 2876529.947, 2824234.342, 2769186.337, 2711385.932, 2650833.126, 2587527.920, 2521470.314, 2452660.308, 2381097.901, 2306783.095, 2229715.889, 2149896.286, 2067324.292, 1981999.924, 1893923.232, 1803094.338, 1709513.553, 1613181.599, 1514100.098, 1412272.501, 1307705.790, 1200413.382, 1090419.758, 977767.295, 862525.567, 744802.828, 624758.654, 502615.789, 378668.534, 253284.816, 126899.753,    0.000,
   0.000, 132801.232, 265063.837, 396278.527, 525989.947, 653813.059, 779439.877, 902637.299, 1023238.327, 1141129.674, 1256238.533, 1368520.555, 1477950.121, 1584513.190, 1688202.457, 1789014.309, 1886947.051, 1981999.924, 2074172.606, 2163464.967, 2249876.955, 2333408.553, 2414059.754, 2491830.556, 2566720.958, 2638730.960, 2707860.562, 2774109.764, 2837478.566, 2897966.968, 2955574.970, 3010302.572, 3062149.773, 3111116.575, 3157202.976, 3200408.977, 3240734.579, 3278179.780, 3312744.581, 3344428.982, 3373232.983, 3399156.583, 3422199.784, 3442362.585, 3459644.985, 3474046.986, 3485568.586, 3494209.786, 3499970.586, 3502850.987, 3502850.987, 3499970.586, 3494209.786, 3485568.586, 3474046.986, 3459644.985, 3442362.585, 3422199.784, 3399156.583, 3373232.983, 3344428.982, 3312744.581, 3278179.780, 3240734.579, 3200408.977, 3157202.976, 3111116.575, 3062149.773, 3010302.572, 2955574.970, 2897966.968, 2837478.566, 2774109.764, 2707860.562, 2638730.960, 2566720.958, 2491830.556, 2414059.754, 2333408.553, 2249876.955, 2163464.967, 2074172.606, 1981999.924, 1886947.051, 1789014.309, 1688202.457, 1584513.190, 1477950.121, 1368520.555, 1256238.533, 1141129.674, 1023238.327, 902637.299, 779439.877, 653813.059, 525989.947, 396278.527, 265063.837, 132801.232,    0.000,
   0.000, 138518.295, 276474.774, 413338.221, 548633.681, 681959.537, 812994.546, 941495.571, 1067288.426, 1190254.947, 1310319.193, 1427434.907, 1541575.368, 1652725.930, 1760878.974, 1866030.732, 1968179.435, 2067324.292, 2163464.967, 2256601.323, 2346733.309, 2433860.905, 2517984.105, 2599102.905, 2677217.306, 2752327.306, 2824432.907, 2893534.108, 2959630.908, 3022723.309, 3082811.310, 3139894.910, 3193974.111, 3245048.911, 3293119.312, 3338185.312, 3380246.912, 3419304.113, 3455356.913, 3488405.313, 3518449.314, 3545488.914, 3569524.114, 3590554.914, 3608581.315, 3623603.315, 3635620.915, 3644634.115, 3650642.915, 3653647.315, 3653647.315, 3650642.915, 3644634.115, 3635620.915, 3623603.315, 3608581.315, 3590554.914, 3569524.114, 3545488.914, 3518449.314, 3488405.313, 3455356.913, 3419304.113, 3380246.912, 3338185.312, 3293119.312, 3245048.911, 3193974.111, 3139894.910, 3082811.310, 3022723.309, 2959630.908, 2893534.108, 2824432.907, 2752327.306, 2677217.306, 2599102.905, 2517984.105, 2433860.905, 2346733.309, 2256601.323, 2163464.967, 2067324.292, 1968179.435, 1866030.732, 1760878.974, 1652725.930, 1541575.368, 1427434.907, 1310319.193, 1190254.947, 1067288.426, 941495.571, 812994.546, 681959.537, 548633.681, 413338.221, 276474.774, 138518.295,    0.000,
   0.000, 144050.938, 287517.619, 429847.608, 570546.978, 709198.073, 845466.817, 979100.362, 1109917.567, 1237795.548, 1362655.332, 1484448.814, 1603148.207, 1718738.280, 1831211.109, 1940562.777, 2046791.443, 2149896.286, 2249876.955, 2346733.309, 2440465.294, 2531072.889, 2618556.088, 2702914.888, 2784149.288, 2862259.288, 2937244.889, 3009106.089, 3077842.889, 3143455.289, 3205943.289, 3265306.889, 3321546.090, 3374660.890, 3424651.290, 3471517.290, 3515258.890, 3555876.090, 3593368.890, 3627737.291, 3658981.291, 3687100.891, 3712096.091, 3733966.891, 3752713.291, 3768335.291, 3780832.891, 3790206.091, 3796454.891, 3799579.291, 3799579.291, 3796454.891, 3790206.091, 3780832.891, 3768335.291, 3752713.291, 3733966.891, 3712096.091, 3687100.891, 3658981.291, 3627737.291, 3593368.890, 3555876.090, 3515258.890, 3471517.290, 3424651.290, 3374660.890, 3321546.090, 3265306.889, 3205943.289, 3143455.289, 3077842.889, 3009106.089, 2937244.889, 2862259.288, 2784149.288, 2702914.888, 2618556.088, 2531072.889, 2440465.294, 2346733.309, 2249876.955, 2149896.286, 2046791.443, 1940562.777, 1831211.109, 1718738.280, 1603148.207, 1484448.814, 1362655.332, 1237795.548, 1109917.567, 979100.362, 845466.817, 709198.073, 570546.978, 429847.608, 287517.619, 144050.938,    0.000,
   0.000, 149399.160, 298192.370, 445806.684, 591729.835, 735528.660, 876856.682, 1015451.664, 1151125.741, 1283751.467, 1413246.938, 1539562.263, 1662668.624, 1782550.225, 1899198.847, 2012610.428, 2122783.060, 2229715.889, 2333408.553, 2433860.905, 2531072.889, 2625044.484, 2715775.683, 2803266.483, 2887516.882, 2968526.883, 3046296.483, 3120825.683, 3192114.483, 3260162.883, 3324970.883, 3386538.483, 3444865.683, 3499952.483, 3551798.883, 3600404.883, 3645770.483, 3687895.683, 3726780.483, 3762424.883, 3794828.883, 3823992.483, 3849915.683, 3872598.483, 3892040.883, 3908242.883, 3921204.483, 3930925.683, 3937406.483, 3940646.883, 3940646.883, 3937406.483, 3930925.683, 3921204.483, 3908242.883, 3892040.883, 3872598.483, 3849915.683, 3823992.483, 3794828.883, 3762424.883, 3726780.483, 3687895.683, 3645770.483, 3600404.883, 3551798.883, 3499952.483, 3444865.683, 3386538.483, 3324970.883, 3260162.883, 3192114.483, 3120825.683, 3046296.483, 2968526.883, 2887516.882, 2803266.483, 2715775.683, 2625044.484, 2531072.889, 2433860.905, 2333408.553, 2229715.889, 2122783.060, 2012610.428, 1899198.847, 1782550.225, 1662668.624, 1539562.263, 1413246.938, 1283751.467, 1151125.741, 1015451.664, 876856.682, 735528.660, 591729.835, 445806.684, 298192.370, 149399.160,    0.000,
   0.000, 154562.961, 308499.027, 461215.447, 612182.249, 760951.298, 907164.139, 1050549.474, 1190912.945, 1328122.701, 1462094.008, 1592775.251, 1720136.616, 1844161.760, 1964842.183, 2082173.680, 2196154.278, 2306783.095, 2414059.754, 2517984.105, 2618556.088, 2715775.683, 2809642.881, 2900157.681, 2987320.081, 3071130.081, 3151587.681, 3228692.881, 3302445.681, 3372846.081, 3439894.081, 3503589.681, 3563932.881, 3620923.681, 3674562.081, 3724848.081, 3771781.681, 3815362.881, 3855591.681, 3892468.081, 3925992.081, 3956163.681, 3982982.881, 4006449.681, 4026564.081, 4043326.081, 4056735.681, 4066792.881, 4073497.681, 4076850.081, 4076850.081, 4073497.681, 4066792.881, 4056735.681, 4043326.081, 4026564.081, 4006449.681, 3982982.881, 3956163.681, 3925992.081, 3892468.081, 3855591.681, 3815362.881, 3771781.681, 3724848.081, 3674562.081, 3620923.681, 3563932.881, 3503589.681, 3439894.081, 3372846.081, 3302445.681, 3228692.881, 3151587.681, 3071130.081, 2987320.081, 2900157.681, 2809642.881, 2715775.683, 2618556.088, 2517984.105, 2414059.754, 2306783.095, 2196154.278, 2082173.680, 1964842.183, 1844161.760, 1720136.616, 1592775.251, 1462094.008, 1328122.701, 1190912.945, 1050549.474, 907164.139, 760951.298, 612182.249, 461215.447, 308499.027, 154562.961,    0.000,
   0.000, 159542.341, 318437.589, 476073.897, 631904.220, 785465.984, 936389.187, 1084393.792, 1229279.178, 1370909.249, 1509196.540, 1644087.776, 1775552.179, 1903572.885, 2028141.115, 2149252.532, 2266905.097, 2381097.901, 2491830.556, 2599102.905, 2702914.888, 2803266.483, 2900157.681, 2993588.480, 3083558.880, 3170068.880, 3253118.480, 3332707.680, 3408836.480, 3481504.880, 3550712.880, 3616460.480, 3678747.680, 3737574.480, 3792940.880, 3844846.880, 3893292.480, 3938277.680, 3979802.480, 4017866.880, 4052470.880, 4083614.480, 4111297.680, 4135520.480, 4156282.880, 4173584.880, 4187426.480, 4197807.680, 4204728.480, 4208188.880, 4208188.880, 4204728.480, 4197807.680, 4187426.480, 4173584.880, 4156282.880, 4135520.480, 4111297.680, 4083614.480, 4052470.880, 4017866.880, 3979802.480, 3938277.680, 3893292.480, 3844846.880, 3792940.880, 3737574.480, 3678747.680, 3616460.480, 3550712.880, 3481504.880, 3408836.480, 3332707.680, 3253118.480, 3170068.880, 3083558.880, 2993588.480, 2900157.681, 2803266.483, 2702914.888, 2599102.905, 2491830.556, 2381097.901, 2266905.097, 2149252.532, 2028141.115, 1903572.885, 1775552.179, 1644087.776, 1509196.540, 1370909.249, 1229279.178, 1084393.792, 936389.187, 785465.984, 631904.220, 476073.897, 318437.589, 159542.341,    0.000,
   0.000, 164337.299, 328008.056, 490382.035, 650895.748, 809072.719, 964531.826, 1116984.616, 1266224.440, 1412111.110, 1554554.535, 1693499.836, 1828915.315, 1960783.597, 2089095.642, 2213846.981, 2335035.516, 2452660.308, 2566720.958, 2677217.306, 2784149.288, 2887516.882, 2987320.081, 3083558.880, 3176233.280, 3265343.280, 3350888.880, 3432870.080, 3511286.880, 3586139.280, 3657427.280, 3725150.880, 3789310.080, 3849904.880, 3906935.280, 3960401.280, 4010302.880, 4056640.080, 4099412.880, 4138621.280, 4174265.280, 4206344.880, 4234860.080, 4259810.880, 4281197.280, 4299019.280, 4313276.880, 4323970.080, 4331098.880, 4334663.280, 4334663.280, 4331098.880, 4323970.080, 4313276.880, 4299019.280, 4281197.280, 4259810.880, 4234860.080, 4206344.880, 4174265.280, 4138621.280, 4099412.880, 4056640.080, 4010302.880, 3960401.280, 3906935.280, 3849904.880, 3789310.080, 3725150.880, 3657427.280, 3586139.280, 3511286.880, 3432870.080, 3350888.880, 3265343.280, 3176233.280, 3083558.880, 2987320.081, 2887516.882, 2784149.288, 2677217.306, 2566720.958, 2452660.308, 2335035.516, 2213846.981, 2089095.642, 1960783.597, 1828915.315, 1693499.836, 1554554.535, 1412111.110, 1266224.440, 1116984.616, 964531.826, 809072.719, 650895.748, 490382.035, 328008.056, 164337.299,    0.000,
   0.000, 168947.836, 337210.428, 504139.860, 669156.832, 831771.502, 991592.056, 1148321.947, 1301748.730, 1451728.284, 1598167.991, 1741011.433, 1880226.023, 2015793.897, 2147705.764, 2275957.029, 2400545.533, 2521470.314, 2638730.960, 2752327.306, 2862259.288, 2968526.883, 3071130.081, 3170068.880, 3265343.280, 3356953.280, 3444898.880, 3529180.080, 3609796.880, 3686749.280, 3760037.280, 3829660.880, 3895620.080, 3957914.880, 4016545.280, 4071511.280, 4122812.880, 4170450.080, 4214422.880, 4254731.280, 4291375.280, 4324354.880, 4353670.080, 4379320.880, 4401307.280, 4419629.280, 4434286.880, 4445280.080, 4452608.880, 4456273.280, 4456273.280, 4452608.880, 4445280.080, 4434286.880, 4419629.280, 4401307.280, 4379320.880, 4353670.080, 4324354.880, 4291375.280, 4254731.280, 4214422.880, 4170450.080, 4122812.880, 4071511.280, 4016545.280, 3957914.880, 3895620.080, 3829660.880, 3760037.280, 3686749.280, 3609796.880, 3529180.080, 3444898.880, 3356953.280, 3265343.280, 3170068.880, 3071130.081, 2968526.883, 2862259.288, 2752327.306, 2638730.960, 2521470.314, 2400545.533, 2275957.029, 2147705.764, 2015793.897, 1880226.023, 1741011.433, 1598167.991, 1451728.284, 1301748.730, 1148321.947, 991592.056, 831771.502, 669156.832, 504139.860, 337210.428, 168947.836,    0.000,
   0.000, 173373.951, 346044.706, 517347.371, 686687.473, 853562.334, 1017569.877, 1178405.785, 1335852.048, 1489760.771, 1640036.909, 1786622.566, 1929484.302, 2068603.786, 2203971.481, 2335582.674, 2463435.151, 2587527.920, 2707860.562, 2824432.907, 2937244.889, 3046296.483, 3151587.681, 3253118.480, 3350888.880, 3444898.880, 3535148.480, 3621637.680, 3704366.480, 3783334.880, 3858542.880, 3929990.480, 3997677.680, 4061604.480, 4121770.880, 4178176.880, 4230822.480, 4279707.680, 4324832.480, 4366196.880, 4403800.880, 4437644.480, 4467727.680, 4494050.480, 4516612.880, 4535414.880, 4550456.480, 4561737.680, 4569258.480, 4573018.880, 4573018.880, 4569258.480, 4561737.680, 4550456.480, 4535414.880, 4516612.880, 4494050.480, 4467727.680, 4437644.480, 4403800.880, 4366196.880, 4324832.480, 4279707.680, 4230822.480, 4178176.880, 4121770.880, 4061604.480, 3997677.680, 3929990.480, 3858542.880, 3783334.880, 3704366.480, 3621637.680, 3535148.480, 3444898.880, 3350888.880, 3253118.480, 3151587.681, 3046296.483, 2937244.889, 2824432.907, 2707860.562, 2587527.920, 2463435.151, 2335582.674, 2203971.481, 2068603.786, 1929484.302, 1786622.566, 1640036.909, 1489760.771, 1335852.048, 1178405.785, 1017569.877, 853562.334, 686687.473, 517347.371, 346044.706, 173373.951,    0.000,
   0.000, 177615.645, 354510.888, 530004.570, 703487.671, 874445.215, 1042465.288, 1207236.130, 1368534.395, 1526208.571, 1680161.288, 1830333.236, 1976690.153, 2119213.262, 2257892.794, 2392723.918, 2523704.367, 2650833.126, 2774109.764, 2893534.108, 3009106.089, 3120825.683, 3228692.881, 3332707.680, 3432870.080, 3529180.080, 3621637.680, 3710242.880, 3794995.680, 3875896.080, 3952944.080, 4026139.680, 4095482.880, 4160973.680, 4222612.080, 4280398.080, 4334331.680, 4384412.880, 4430641.680, 4473018.080, 4511542.080, 4546213.680, 4577032.880, 4603999.680, 4627114.080, 4646376.080, 4661785.680, 4673342.880, 4681047.680, 4684900.080, 4684900.080, 4681047.680, 4673342.880, 4661785.680, 4646376.080, 4627114.080, 4603999.680, 4577032.880, 4546213.680, 4511542.080, 4473018.080, 4430641.680, 4384412.880, 4334331.680, 4280398.080, 4222612.080, 4160973.680, 4095482.880, 4026139.680, 3952944.080, 3875896.080, 3794995.680, 3710242.880, 3621637.680, 3529180.080, 3432870.080, 3332707.680, 3228692.881, 3120825.683, 3009106.089, 2893534.108, 2774109.764, 2650833.126, 2523704.367, 2392723.918, 2257892.794, 2119213.262, 1976690.153, 1830333.236, 1680161.288, 1526208.571, 1368534.395, 1207236.130, 1042465.288, 874445.215, 703487.671, 530004.570, 354510.888, 177615.645,    0.000,
   0.000, 181672.917, 362608.976, 542111.456, 719557.425, 894420.145, 1066278.291, 1234812.981, 1399795.770, 1561071.684, 1718541.130, 1872143.441, 2021843.575, 2167622.327, 2309469.701, 2447380.760, 2581353.183, 2711385.932, 2837478.566, 2959630.908, 3077842.889, 3192114.483, 3302445.681, 3408836.480, 3511286.880, 3609796.880, 3704366.480, 3794995.680, 3881684.480, 3964432.880, 4043240.880, 4118108.480, 4189035.680, 4256022.480, 4319068.880, 4378174.880, 4433340.480, 4484565.680, 4531850.480, 4575194.880, 4614598.880, 4650062.480, 4681585.680, 4709168.480, 4732810.880, 4752512.880, 4768274.480, 4780095.680, 4787976.480, 4791916.880, 4791916.880, 4787976.480, 4780095.680, 4768274.480, 4752512.880, 4732810.880, 4709168.480, 4681585.680, 4650062.480, 4614598.880, 4575194.880, 4531850.480, 4484565.680, 4433340.480, 4378174.880, 4319068.880, 4256022.480, 4189035.680, 4118108.480, 4043240.880, 3964432.880, 3881684.480, 3794995.680, 3704366.480, 3609796.880, 3511286.880, 3408836.480, 3302445.681, 3192114.483, 3077842.889, 2959630.908, 2837478.566, 2711385.932, 2581353.183, 2447380.760, 2309469.701, 2167622.327, 2021843.575, 1872143.441, 1718541.130, 1561071.684, 1399795.770, 1234812.981, 1066278.291, 894420.145, 719557.425, 542111.456, 362608.976, 181672.917,    0.000,
   0.000, 185545.768, 370338.968, 553668.029, 734896.736, 913487.123, 1089008.884, 1261136.340, 1429636.174, 1594350.111, 1755176.433, 1912053.182, 2064944.570, 2213830.979, 2358702.204, 2499553.200, 2636381.598, 2769186.337, 2897966.968, 3022723.309, 3143455.289, 3260162.883, 3372846.081, 3481504.880, 3586139.280, 3686749.280, 3783334.880, 3875896.080, 3964432.880, 4048945.280, 4129433.280, 4205896.880, 4278336.080, 4346750.880, 4411141.280, 4471507.280, 4527848.880, 4580166.080, 4628458.880, 4672727.280, 4712971.280, 4749190.880, 4781386.080, 4809556.880, 4833703.280, 4853825.280, 4869922.880, 4881996.080, 4890044.880, 4894069.280, 4894069.280, 4890044.880, 4881996.080, 4869922.880, 4853825.280, 4833703.280, 4809556.880, 4781386.080, 4749190.880, 4712971.280, 4672727.280, 4628458.880, 4580166.080, 4527848.880, 4471507.280, 4411141.280, 4346750.880, 4278336.080, 4205896.880, 4129433.280, 4048945.280, 3964432.880, 3875896.080, 3783334.880, 3686749.280, 3586139.280, 3481504.880, 3372846.081, 3260162.883, 3143455.289, 3022723.309, 2897966.968, 2769186.337, 2636381.598, 2499553.200, 2358702.204, 2213830.979, 2064944.570, 1912053.182, 1755176.433, 1594350.111, 1429636.174, 1261136.340, 1089008.884, 913487.123, 734896.736, 553668.029, 370338.968, 185545.768,    0.000,
   0.000, 189234.197, 377700.866, 564674.288, 749505.603, 931646.150, 1110657.068, 1286206.204, 1458055.606, 1626043.850, 1790067.198, 1950062.460, 2105993.136, 2257839.219, 2405590.302, 2549241.239, 2688789.612, 2824234.342, 2955574.970, 3082811.310, 3205943.289, 3324970.883, 3439894.081, 3550712.880, 3657427.280, 3760037.280, 3858542.880, 3952944.080, 4043240.880, 4129433.280, 4211521.280, 4289504.880, 4363384.080, 4433158.880, 4498829.280, 4560395.280, 4617856.880, 4671214.080, 4720466.880, 4765615.280, 4806659.280, 4843598.880, 4876434.080, 4905164.880, 4929791.280, 4950313.280, 4966730.880, 4979044.080, 4987252.880, 4991357.280, 4991357.280, 4987252.880, 4979044.080, 4966730.880, 4950313.280, 4929791.280, 4905164.880, 4876434.080, 4843598.880, 4806659.280, 4765615.280, 4720466.880, 4671214.080, 4617856.880, 4560395.280, 4498829.280, 4433158.880, 4363384.080, 4289504.880, 4211521.280, 4129433.280, 4043240.880, 3952944.080, 3858542.880, 3760037.280, 3657427.280, 3550712.880, 3439894.081, 3324970.883, 3205943.289, 3082811.310, 2955574.970, 2824234.342, 2688789.612, 2549241.239, 2405590.302, 2257839.219, 2105993.136, 1950062.460, 1790067.198, 1626043.850, 1458055.606, 1286206.204, 1110657.068, 931646.150, 749505.603, 564674.288, 377700.866, 189234.197,    0.000,
